0.970147	0.012326	0.242205	-0.098455	0.932723	0.346891	-0.221634	-0.360382	0.906092
0.970008	0.013511	0.242697	-0.099846	0.932478	0.347153	-0.221620	-0.360974	0.905860
0.969905	0.014345	0.243059	-0.100728	0.932473	0.346912	-0.221670	-0.360954	0.905856
0.969796	0.015154	0.243447	-0.101525	0.932582	0.346386	-0.221785	-0.360639	0.905953
0.969652	0.016139	0.243955	-0.102495	0.932736	0.345685	-0.221967	-0.360199	0.906084
0.969570	0.017513	0.244189	-0.103718	0.932887	0.344913	-0.221760	-0.359744	0.906315
0.969325	0.019025	0.245044	-0.105438	0.932788	0.344658	-0.222017	-0.359923	0.906181
0.969175	0.020299	0.245535	-0.106806	0.932699	0.344479	-0.222018	-0.360085	0.906116
0.968995	0.021128	0.246177	-0.107734	0.932766	0.344006	-0.222358	-0.359861	0.906122
0.968778	0.021703	0.246977	-0.108368	0.933031	0.343089	-0.222991	-0.359142	0.906252
0.968654	0.023158	0.247332	-0.109745	0.933109	0.342438	-0.222858	-0.358847	0.906401
0.968434	0.024330	0.248080	-0.111260	0.932778	0.342849	-0.223063	-0.359628	0.906041
0.968185	0.024526	0.249031	-0.111849	0.932655	0.342994	-0.223848	-0.359936	0.905725
0.968099	0.024619	0.249355	-0.111947	0.932815	0.342526	-0.224169	-0.359514	0.905813
0.967968	0.024418	0.249884	-0.112009	0.932729	0.342741	-0.224705	-0.359752	0.905586
0.967987	0.024128	0.249840	-0.111808	0.932610	0.343130	-0.224724	-0.360079	0.905451
0.968139	0.023984	0.249260	-0.111575	0.932449	0.343643	-0.224181	-0.360505	0.905416
0.968267	0.023906	0.248773	-0.111420	0.932307	0.344076	-0.223708	-0.360876	0.905386
0.968387	0.023421	0.248350	-0.110917	0.932179	0.344585	-0.223436	-0.361238	0.905309
0.968472	0.022799	0.248075	-0.110335	0.932065	0.345081	-0.223355	-0.361573	0.905195
0.968580	0.022381	0.247694	-0.109877	0.931982	0.345451	-0.223115	-0.361813	0.905158
0.968723	0.022267	0.247144	-0.109529	0.932065	0.345339	-0.222665	-0.361607	0.905351
0.968800	0.022553	0.246817	-0.109576	0.932214	0.344921	-0.222308	-0.361204	0.905600
0.968965	0.022710	0.246154	-0.109365	0.932400	0.344484	-0.221691	-0.360713	0.905946
0.969084	0.022393	0.245711	-0.108893	0.932450	0.344497	-0.221399	-0.360603	0.906062
