0.938287	-0.044325	0.343005	0.042675	0.999013	0.012360	-0.343214	0.003040	0.939252
0.938516	-0.044478	0.342358	0.042576	0.999008	0.013073	-0.342600	0.002307	0.939479
0.938639	-0.044904	0.341966	0.042800	0.998990	0.013698	-0.342235	0.001778	0.939613
0.938431	-0.045309	0.342481	0.043036	0.998972	0.014236	-0.342774	0.001379	0.939417
0.938196	-0.044794	0.343193	0.042431	0.998996	0.014394	-0.343494	0.001058	0.939154
0.937965	-0.043351	0.344009	0.040862	0.999060	0.014485	-0.344314	0.000471	0.938855
0.937583	-0.042165	0.345195	0.039539	0.999111	0.014648	-0.345505	-0.000085	0.938417
0.936991	-0.041671	0.346860	0.038840	0.999131	0.015113	-0.347188	-0.000688	0.937795
0.936559	-0.041451	0.348051	0.038520	0.999140	0.015339	-0.348387	-0.000959	0.937350
0.936154	-0.041024	0.349188	0.037849	0.999157	0.015912	-0.349546	-0.001680	0.936918
0.935812	-0.040542	0.350161	0.037053	0.999174	0.016660	-0.350548	-0.002616	0.936541
0.935251	-0.040299	0.351683	0.036571	0.999182	0.017240	-0.352090	-0.003262	0.935961
0.935005	-0.040094	0.352360	0.036031	0.999187	0.018084	-0.352798	-0.004213	0.935690
0.934745	-0.040183	0.353039	0.035726	0.999178	0.019135	-0.353518	-0.005273	0.935413
0.934593	-0.040516	0.353405	0.035763	0.999161	0.019971	-0.353918	-0.006026	0.935257
0.934449	-0.041072	0.353720	0.035965	0.999132	0.021001	-0.354275	-0.006902	0.935116
0.934573	-0.041835	0.353302	0.036431	0.999095	0.021936	-0.353900	-0.007630	0.935252
0.934456	-0.042498	0.353534	0.036850	0.999063	0.022695	-0.354167	-0.008180	0.935146
0.934433	-0.042465	0.353598	0.036688	0.999061	0.023030	-0.354244	-0.008547	0.935114
0.934332	-0.042140	0.353905	0.036181	0.999070	0.023441	-0.354564	-0.009097	0.934988
0.934061	-0.041934	0.354642	0.035785	0.999074	0.023883	-0.355315	-0.009618	0.934697
0.933716	-0.041382	0.355615	0.035191	0.999096	0.023864	-0.356281	-0.009767	0.934328
0.933232	-0.040742	0.356957	0.034488	0.999120	0.023871	-0.357615	-0.009966	0.933816
0.932683	-0.039770	0.358498	0.033418	0.999156	0.023901	-0.359146	-0.010312	0.933224
0.931987	-0.038509	0.360439	0.032144	0.999204	0.023639	-0.361062	-0.010445	0.932483
0.931237	-0.036852	0.362546	0.030542	0.999266	0.023121	-0.363132	-0.010458	0.931679
