0.921615	-0.173401	0.347215	0.002837	0.897626	0.440748	-0.388095	-0.405215	0.827758
0.921318	-0.174272	0.347567	0.003734	0.897848	0.440289	-0.388793	-0.404349	0.827854
0.920718	-0.175384	0.348596	0.004226	0.897740	0.440504	-0.390206	-0.404107	0.827307
0.919105	-0.176722	0.352158	0.003271	0.897165	0.441683	-0.393999	-0.404801	0.825167
0.918268	-0.177694	0.353849	0.003227	0.896977	0.442066	-0.395946	-0.404793	0.824238
0.918330	-0.177761	0.353653	0.003948	0.897550	0.440895	-0.395795	-0.403491	0.824949
0.918620	-0.177723	0.352919	0.004618	0.897912	0.440150	-0.395115	-0.402701	0.825661
0.918708	-0.177897	0.352602	0.004818	0.897787	0.440404	-0.394909	-0.402903	0.825661
0.918775	-0.177919	0.352416	0.004727	0.897580	0.440826	-0.394753	-0.403354	0.825515
0.918877	-0.178100	0.352058	0.005248	0.897756	0.440461	-0.394509	-0.402882	0.825862
0.918944	-0.178143	0.351861	0.005804	0.898184	0.439582	-0.394345	-0.401909	0.826415
0.918897	-0.178043	0.352035	0.005885	0.898452	0.439033	-0.394453	-0.401355	0.826632
0.918842	-0.178043	0.352179	0.006097	0.898736	0.438448	-0.394579	-0.400717	0.826882
0.919041	-0.178199	0.351581	0.007000	0.899208	0.437465	-0.394100	-0.399587	0.827656
0.919198	-0.178370	0.351081	0.007872	0.899679	0.436481	-0.393716	-0.398449	0.828388
0.919317	-0.178550	0.350680	0.008348	0.899789	0.436246	-0.393429	-0.398120	0.828682
0.919362	-0.178368	0.350655	0.008163	0.899771	0.436285	-0.393329	-0.398242	0.828671
0.919218	-0.178613	0.350906	0.008413	0.899900	0.436015	-0.393658	-0.397841	0.828707
0.919320	-0.179086	0.350399	0.009402	0.900184	0.435409	-0.393399	-0.396986	0.829240
0.919316	-0.179192	0.350353	0.009452	0.900106	0.435568	-0.393406	-0.397113	0.829176
0.919252	-0.179042	0.350598	0.008847	0.899762	0.436291	-0.393569	-0.397960	0.828692
0.919188	-0.178952	0.350812	0.008408	0.899511	0.436817	-0.393729	-0.398567	0.828325
0.919454	-0.178921	0.350130	0.008637	0.899446	0.436947	-0.393102	-0.398729	0.828544
0.919426	-0.179101	0.350112	0.008779	0.899400	0.437038	-0.393165	-0.398750	0.828504
0.919300	-0.179255	0.350364	0.008736	0.899324	0.437195	-0.393460	-0.398853	0.828315
