0.860985	-0.179059	0.476071	-0.028327	0.917651	0.396376	-0.507842	-0.354759	0.785011
0.861017	-0.179178	0.475968	-0.028299	0.917552	0.396606	-0.507788	-0.354954	0.784957
0.861177	-0.179074	0.475717	-0.028624	0.917319	0.397123	-0.507499	-0.355610	0.784848
0.861581	-0.179228	0.474927	-0.028310	0.917174	0.397480	-0.506830	-0.355906	0.785146
0.861353	-0.179496	0.475240	-0.028295	0.917094	0.397666	-0.507219	-0.355977	0.784863
0.861421	-0.180034	0.474912	-0.027891	0.916886	0.398173	-0.507125	-0.356240	0.784804
0.861575	-0.180563	0.474432	-0.027654	0.916518	0.399036	-0.506877	-0.356919	0.784656
0.861811	-0.180780	0.473920	-0.027563	0.916259	0.399636	-0.506480	-0.357473	0.784660
0.861796	-0.181070	0.473837	-0.027345	0.916178	0.399839	-0.506518	-0.357537	0.784606
0.861888	-0.181522	0.473497	-0.026944	0.916025	0.400216	-0.506383	-0.357699	0.784620
0.861936	-0.181769	0.473313	-0.026745	0.915927	0.400453	-0.506311	-0.357824	0.784609
0.861794	-0.181607	0.473635	-0.026918	0.916027	0.400213	-0.506544	-0.357650	0.784538
0.861939	-0.181231	0.473516	-0.026989	0.916208	0.399793	-0.506294	-0.357376	0.784824
0.862089	-0.181038	0.473316	-0.026935	0.916320	0.399541	-0.506041	-0.357188	0.785073
0.861925	-0.181123	0.473581	-0.026885	0.916380	0.399405	-0.506322	-0.356990	0.784982
0.861853	-0.181101	0.473722	-0.026952	0.916395	0.399367	-0.506442	-0.356963	0.784916
0.861917	-0.180639	0.473782	-0.027175	0.916589	0.398905	-0.506321	-0.356698	0.785115
0.861851	-0.180122	0.474097	-0.027489	0.916841	0.398304	-0.506415	-0.356312	0.785230
0.861996	-0.179746	0.473977	-0.027561	0.917021	0.397884	-0.506165	-0.356038	0.785515
0.862120	-0.179617	0.473801	-0.027410	0.917163	0.397569	-0.505962	-0.355739	0.785781
0.862164	-0.179820	0.473644	-0.027023	0.917238	0.397422	-0.505908	-0.355442	0.785950
0.862127	-0.180218	0.473559	-0.026713	0.917144	0.397660	-0.505988	-0.355483	0.785880
0.861601	-0.181175	0.474152	-0.026825	0.916572	0.398969	-0.506877	-0.356471	0.784859
0.861368	-0.182658	0.474005	-0.026195	0.915902	0.400546	-0.507305	-0.357434	0.784144
0.860664	-0.184149	0.474707	-0.025455	0.915582	0.401325	-0.508536	-0.357489	0.783321
