0.983742	-0.175368	0.038700	0.167288	0.973215	0.157692	-0.065317	-0.148654	0.986730
0.983750	-0.175303	0.038785	0.167176	0.973150	0.158214	-0.065478	-0.149159	0.986643
0.983743	-0.175268	0.039135	0.167093	0.973172	0.158167	-0.065806	-0.149056	0.986637
0.983715	-0.175328	0.039563	0.167106	0.973213	0.157896	-0.066187	-0.148713	0.986663
0.983648	-0.175590	0.040059	0.167297	0.973193	0.157821	-0.066697	-0.148539	0.986655
0.983604	-0.175767	0.040366	0.167433	0.973187	0.157715	-0.067004	-0.148370	0.986659
0.983600	-0.175751	0.040522	0.167399	0.973203	0.157649	-0.067143	-0.148280	0.986664
0.983582	-0.175651	0.041395	0.167131	0.973159	0.158204	-0.068072	-0.148689	0.986538
0.983452	-0.176100	0.042553	0.167393	0.973092	0.158341	-0.069291	-0.148598	0.986467
0.983267	-0.177069	0.042816	0.168311	0.972927	0.158383	-0.069701	-0.148526	0.986449
0.983043	-0.178162	0.043422	0.169355	0.972867	0.157631	-0.070328	-0.147605	0.986543
0.982953	-0.178589	0.043699	0.169751	0.972832	0.157425	-0.070626	-0.147323	0.986564
0.982988	-0.178452	0.043474	0.169604	0.972754	0.158066	-0.070497	-0.148004	0.986471
0.983002	-0.178527	0.042832	0.169696	0.972562	0.159145	-0.070068	-0.149172	0.986326
0.982917	-0.179054	0.042600	0.170204	0.972362	0.159823	-0.070039	-0.149843	0.986226
0.982843	-0.179551	0.042204	0.170729	0.972207	0.160203	-0.069796	-0.150249	0.986181
0.982875	-0.179467	0.041809	0.170693	0.972185	0.160376	-0.069429	-0.150493	0.986170
0.982982	-0.178925	0.041620	0.170189	0.972280	0.160333	-0.069154	-0.150521	0.986185
0.983119	-0.178251	0.041271	0.169600	0.972442	0.159979	-0.068650	-0.150278	0.986257
0.983227	-0.177815	0.040573	0.169320	0.972603	0.159290	-0.067786	-0.149749	0.986398
0.983240	-0.177896	0.039894	0.169539	0.972653	0.158753	-0.067044	-0.149329	0.986512
0.983263	-0.177836	0.039605	0.169558	0.972733	0.158240	-0.066666	-0.148876	0.986606
0.983328	-0.177482	0.039571	0.169246	0.972867	0.157751	-0.066496	-0.148423	0.986686
0.983390	-0.177120	0.039649	0.168892	0.972967	0.157517	-0.066476	-0.148204	0.986720
0.983418	-0.176941	0.039753	0.168720	0.973046	0.157212	-0.066499	-0.147898	0.986764
0.983381	-0.177142	0.039791	0.168933	0.973056	0.156916	-0.066516	-0.147586	0.986810
