0.985829	-0.082785	0.145904	0.079615	0.996448	0.027438	-0.147657	-0.015433	0.988918
0.985685	-0.083066	0.146716	0.079961	0.996434	0.026946	-0.148431	-0.014828	0.988812
0.985573	-0.082755	0.147641	0.079748	0.996471	0.026181	-0.149287	-0.014029	0.988694
0.985502	-0.082299	0.148365	0.079472	0.996526	0.024897	-0.149899	-0.012745	0.988619
0.985478	-0.081838	0.148780	0.079284	0.996586	0.023024	-0.150157	-0.010894	0.988602
0.985449	-0.081585	0.149111	0.079333	0.996627	0.021000	-0.150322	-0.008865	0.988597
0.985410	-0.081369	0.149486	0.079412	0.996660	0.019024	-0.150535	-0.006876	0.988581
0.985482	-0.081234	0.149086	0.079608	0.996684	0.016856	-0.149961	-0.004743	0.988680
0.985501	-0.081013	0.149080	0.079800	0.996711	0.014108	-0.149732	-0.002006	0.988725
0.985591	-0.080508	0.148760	0.079821	0.996753	0.010590	-0.149130	0.001437	0.988817
0.985679	-0.080006	0.148447	0.079877	0.996781	0.006839	-0.148517	0.005116	0.988897
0.985686	-0.080048	0.148376	0.080596	0.996744	0.002324	-0.148079	0.009667	0.988928
0.985657	-0.079422	0.148906	0.080456	0.996758	-0.000924	-0.148350	0.012891	0.988851
0.985717	-0.078360	0.149072	0.079796	0.996804	-0.003670	-0.148309	0.015513	0.988819
0.985809	-0.077090	0.149122	0.079019	0.996848	-0.007047	-0.148109	0.018730	0.988794
0.985911	-0.076089	0.148966	0.078364	0.996880	-0.009454	-0.147782	0.020995	0.988797
0.985983	-0.075120	0.148978	0.077647	0.996918	-0.011216	-0.147676	0.022626	0.988777
0.986053	-0.073830	0.149163	0.076516	0.996992	-0.012336	-0.147803	0.023577	0.988736
0.986119	-0.072396	0.149429	0.075160	0.997088	-0.012924	-0.148058	0.023976	0.988688
0.986117	-0.070999	0.150108	0.073778	0.997190	-0.013014	-0.148762	0.023908	0.988584
0.986083	-0.069783	0.150899	0.072633	0.997268	-0.013452	-0.149548	0.024225	0.988458
0.986046	-0.068851	0.151566	0.071837	0.997314	-0.014308	-0.150173	0.024996	0.988344
0.986028	-0.068055	0.152044	0.071178	0.997348	-0.015184	-0.150608	0.025794	0.988257
0.985995	-0.067257	0.152614	0.070442	0.997395	-0.015555	-0.151171	0.026088	0.988163
0.985986	-0.066768	0.152883	0.069961	0.997428	-0.015592	-0.151449	0.026069	0.988121
