0.981529	-0.144048	0.125899	0.106492	0.958082	0.265966	-0.158934	-0.247646	0.955726
0.981397	-0.143951	0.127035	0.105952	0.957879	0.266912	-0.160107	-0.248487	0.955311
0.981266	-0.144074	0.127908	0.105713	0.957679	0.267723	-0.161067	-0.249186	0.954968
0.981155	-0.144035	0.128799	0.105374	0.957594	0.268162	-0.161962	-0.249536	0.954725
0.981115	-0.143746	0.129423	0.104849	0.957514	0.268650	-0.162542	-0.250006	0.954503
0.981108	-0.143528	0.129716	0.104525	0.957490	0.268864	-0.162792	-0.250226	0.954403
0.981005	-0.143652	0.130355	0.104491	0.957507	0.268814	-0.163432	-0.250087	0.954330
0.980963	-0.143848	0.130460	0.104676	0.957520	0.268698	-0.163570	-0.249927	0.954349
0.980982	-0.143741	0.130436	0.104595	0.957556	0.268600	-0.163509	-0.249848	0.954380
0.981048	-0.143593	0.130100	0.104551	0.957587	0.268507	-0.163138	-0.249816	0.954452
0.981095	-0.143542	0.129802	0.104694	0.957763	0.267822	-0.162763	-0.249170	0.954685
0.981288	-0.142933	0.129014	0.104447	0.958030	0.266964	-0.161757	-0.248494	0.955032
0.981481	-0.142078	0.128490	0.103896	0.958340	0.266064	-0.160939	-0.247787	0.955354
0.981652	-0.141137	0.128214	0.103143	0.958580	0.265492	-0.160374	-0.247396	0.955550
0.981714	-0.140596	0.128339	0.102637	0.958723	0.265170	-0.160323	-0.247149	0.955622
0.981789	-0.139940	0.128482	0.101968	0.958807	0.265128	-0.160292	-0.247198	0.955615
0.981812	-0.139079	0.129237	0.100772	0.958663	0.266103	-0.160904	-0.248240	0.955242
0.981837	-0.138539	0.129627	0.100208	0.958824	0.265734	-0.161104	-0.247918	0.955292
0.981904	-0.137361	0.130369	0.098895	0.959001	0.265587	-0.161505	-0.247888	0.955232
0.981962	-0.136223	0.131127	0.097455	0.958927	0.266387	-0.162029	-0.248802	0.954905
0.981924	-0.135435	0.132219	0.096199	0.958713	0.267609	-0.163004	-0.250052	0.954413
0.981878	-0.134907	0.133097	0.095266	0.958491	0.268738	-0.163827	-0.251188	0.953973
0.981803	-0.134564	0.133996	0.094515	0.958265	0.269805	-0.164710	-0.252231	0.953546
0.981695	-0.133936	0.135410	0.093361	0.958093	0.270817	-0.166008	-0.253218	0.953059
0.981664	-0.132669	0.136878	0.091534	0.957930	0.272013	-0.167207	-0.254496	0.952509
