0.900700	-0.181483	0.394720	-0.004376	0.904732	0.425960	-0.434420	-0.385389	0.814097
0.900682	-0.181917	0.394560	-0.003551	0.905011	0.425372	-0.434464	-0.384526	0.814482
0.901015	-0.182500	0.393530	-0.003237	0.904340	0.426800	-0.433776	-0.385827	0.814233
0.901181	-0.183142	0.392850	-0.003387	0.903345	0.428900	-0.433429	-0.387848	0.813458
0.901738	-0.183174	0.391556	-0.003398	0.902754	0.430144	-0.432269	-0.389208	0.813425
0.901774	-0.183026	0.391541	-0.004091	0.902256	0.431181	-0.432187	-0.390430	0.812883
0.901735	-0.183401	0.391457	-0.004239	0.901748	0.432241	-0.432269	-0.391426	0.812360
0.901751	-0.184258	0.391016	-0.003749	0.901228	0.433330	-0.432239	-0.392222	0.811992
0.901788	-0.184979	0.390591	-0.003438	0.900673	0.434484	-0.432165	-0.393156	0.811580
0.901832	-0.185571	0.390208	-0.003345	0.900052	0.435769	-0.432074	-0.394296	0.811075
0.901885	-0.185779	0.389988	-0.003563	0.899568	0.436767	-0.431962	-0.395303	0.810644
0.901880	-0.186036	0.389875	-0.003765	0.899098	0.437731	-0.431970	-0.396248	0.810178
0.901853	-0.186592	0.389672	-0.003571	0.898679	0.438593	-0.432028	-0.396938	0.809810
0.901800	-0.187302	0.389454	-0.003028	0.898434	0.439099	-0.432142	-0.397159	0.809641
0.901746	-0.187919	0.389283	-0.002359	0.898408	0.439155	-0.432261	-0.396924	0.809692
0.901670	-0.188360	0.389244	-0.001777	0.898523	0.438922	-0.432421	-0.396455	0.809837
0.901532	-0.188787	0.389358	-0.001264	0.898654	0.438656	-0.432710	-0.395955	0.809927
0.901754	-0.189217	0.388636	-0.000244	0.898875	0.438205	-0.432250	-0.395248	0.810517
0.901481	-0.189594	0.389084	0.000299	0.899225	0.437485	-0.432819	-0.394268	0.810691
0.901411	-0.189816	0.389138	0.000789	0.899494	0.436933	-0.432964	-0.393549	0.810963
0.901536	-0.189900	0.388807	0.001100	0.899555	0.436806	-0.432703	-0.393368	0.811190
0.901590	-0.190014	0.388625	0.001303	0.899555	0.436806	-0.432589	-0.393313	0.811277
0.901627	-0.190236	0.388432	0.001894	0.899805	0.436288	-0.432511	-0.392633	0.811649
0.901651	-0.190090	0.388448	0.002392	0.900396	0.435064	-0.432458	-0.391346	0.812298
