0.956700	0.048373	0.287029	-0.148735	0.928879	0.339207	-0.250207	-0.367210	0.895853
0.956569	0.048884	0.287377	-0.149450	0.928660	0.339492	-0.250280	-0.367697	0.895633
0.956469	0.049595	0.287589	-0.150415	0.928254	0.340175	-0.250084	-0.368625	0.895306
0.956554	0.049723	0.287286	-0.150682	0.927864	0.341121	-0.249600	-0.369589	0.895044
0.956620	0.049233	0.287149	-0.150271	0.927773	0.341549	-0.249594	-0.369883	0.894924
0.956773	0.048893	0.286698	-0.149674	0.927985	0.341236	-0.249367	-0.369397	0.895188
0.956914	0.049192	0.286176	-0.149576	0.928237	0.340592	-0.248884	-0.368722	0.895601
0.957066	0.050089	0.285508	-0.150066	0.928308	0.340182	-0.248000	-0.368422	0.895969
0.957171	0.050716	0.285045	-0.150537	0.928169	0.340354	-0.247309	-0.368687	0.896051
0.957302	0.051116	0.284536	-0.150822	0.927989	0.340720	-0.246630	-0.369086	0.896074
0.957456	0.051662	0.283918	-0.151263	0.927704	0.341298	-0.245759	-0.369725	0.896050
0.957650	0.052508	0.283108	-0.151891	0.927424	0.341780	-0.244615	-0.370307	0.896123
0.957942	0.052795	0.282064	-0.151823	0.927336	0.342049	-0.243510	-0.370487	0.896350
0.958080	0.052617	0.281627	-0.151574	0.927246	0.342405	-0.243121	-0.370739	0.896351
0.958058	0.051805	0.281852	-0.150990	0.927188	0.342818	-0.243570	-0.370997	0.896122
0.958127	0.051092	0.281748	-0.150300	0.927243	0.342972	-0.243725	-0.370958	0.896096
0.958069	0.051122	0.281940	-0.150442	0.927171	0.343104	-0.243867	-0.371133	0.895985
0.958077	0.051407	0.281860	-0.150652	0.927183	0.342981	-0.243704	-0.371065	0.896058
0.958078	0.051593	0.281824	-0.150721	0.927302	0.342629	-0.243659	-0.370742	0.896203
0.958058	0.051606	0.281891	-0.150673	0.927429	0.342305	-0.243769	-0.370421	0.896306
0.957999	0.051670	0.282078	-0.150819	0.927393	0.342338	-0.243909	-0.370503	0.896235
0.958082	0.051718	0.281786	-0.150824	0.927289	0.342617	-0.243578	-0.370755	0.896220
0.958021	0.051737	0.281990	-0.150922	0.927277	0.342607	-0.243757	-0.370783	0.896160
0.957943	0.052000	0.282208	-0.151089	0.927487	0.341965	-0.243962	-0.370221	0.896336
0.957929	0.052474	0.282169	-0.151276	0.927803	0.341023	-0.243902	-0.369361	0.896707
