0.963797	-0.033074	0.264576	0.023759	0.998983	0.038330	-0.265575	-0.030656	0.963603
0.963637	-0.032669	0.265208	0.023209	0.998980	0.038725	-0.266203	-0.031162	0.963413
0.963507	-0.031636	0.265807	0.022193	0.999014	0.038454	-0.266761	-0.031152	0.963259
0.963390	-0.029599	0.266466	0.020307	0.999088	0.037561	-0.267335	-0.030775	0.963112
0.963028	-0.026171	0.268128	0.016979	0.999188	0.036545	-0.268867	-0.030641	0.962690
0.962413	-0.020954	0.270779	0.011697	0.999292	0.035755	-0.271337	-0.031244	0.961977
0.961362	-0.013817	0.274940	0.004214	0.999361	0.035488	-0.275254	-0.032958	0.960806
0.960416	-0.005837	0.278509	-0.004361	0.999343	0.035982	-0.278536	-0.035772	0.959759
0.959419	0.002044	0.281978	-0.012793	0.999260	0.036283	-0.281695	-0.038418	0.958735
0.958063	0.011482	0.286328	-0.022834	0.999079	0.036340	-0.285647	-0.041354	0.957442
0.956728	0.020642	0.290252	-0.032620	0.998802	0.036490	-0.289151	-0.044379	0.956254
0.955365	0.028012	0.294098	-0.040602	0.998498	0.036790	-0.292625	-0.047088	0.955067
0.953926	0.033507	0.298166	-0.046400	0.998264	0.036266	-0.296434	-0.048430	0.953825
0.952795	0.037509	0.301290	-0.050502	0.998095	0.035449	-0.299386	-0.048991	0.952873
0.951741	0.040888	0.304167	-0.054303	0.997884	0.035772	-0.302061	-0.050563	0.951947
0.950239	0.044042	0.308392	-0.058275	0.997611	0.037090	-0.306022	-0.053216	0.950536
0.948585	0.046634	0.313067	-0.061578	0.997378	0.038014	-0.310473	-0.055338	0.948970
0.947091	0.048938	0.317212	-0.064258	0.997209	0.038009	-0.314466	-0.056381	0.947593
0.945701	0.051158	0.320987	-0.066381	0.997121	0.036655	-0.318188	-0.055972	0.946374
0.944331	0.053101	0.324683	-0.068092	0.997066	0.034977	-0.321873	-0.055138	0.945176
0.942873	0.054545	0.328656	-0.069585	0.996991	0.034166	-0.325803	-0.055083	0.943832
0.941782	0.054661	0.331751	-0.069782	0.996988	0.033831	-0.328903	-0.055011	0.942760
0.941138	0.052774	0.333879	-0.068082	0.997090	0.034304	-0.331097	-0.055016	0.941992
0.940924	0.051050	0.334749	-0.066962	0.997100	0.036158	-0.331932	-0.056437	0.941613
0.941164	0.049040	0.334372	-0.065677	0.997093	0.038628	-0.331506	-0.058316	0.941649
