0.981008	0.022711	0.192632	-0.052417	0.987212	0.150550	-0.186749	-0.157788	0.969653
0.981195	0.021532	0.191812	-0.051309	0.987100	0.151660	-0.186072	-0.158650	0.969643
0.981412	0.020878	0.190776	-0.050694	0.986960	0.152775	-0.185098	-0.159606	0.969672
0.981668	0.020418	0.189502	-0.050342	0.986714	0.154471	-0.183830	-0.161179	0.969653
0.981900	0.020309	0.188310	-0.050312	0.986483	0.155946	-0.182598	-0.162598	0.969649
0.982069	0.020329	0.187421	-0.050499	0.986204	0.157641	-0.181630	-0.164279	0.969548
0.982211	0.021496	0.186544	-0.051922	0.985784	0.159794	-0.180457	-0.166637	0.969364
0.982375	0.022914	0.185509	-0.053578	0.985333	0.162013	-0.179076	-0.169097	0.969195
0.982385	0.022719	0.185481	-0.053817	0.984925	0.164396	-0.178950	-0.171482	0.968799
0.982359	0.021738	0.185737	-0.053113	0.984751	0.165662	-0.179304	-0.172605	0.968534
0.982296	0.020318	0.186229	-0.052040	0.984570	0.167076	-0.179961	-0.173810	0.968196
0.982244	0.018881	0.186657	-0.050874	0.984450	0.168135	-0.180580	-0.174646	0.967931
0.982172	0.017310	0.187188	-0.049552	0.984374	0.168974	-0.181338	-0.175237	0.967682
0.981980	0.015904	0.188314	-0.048717	0.984078	0.170933	-0.182597	-0.177027	0.967119
0.981952	0.014855	0.188544	-0.048133	0.983714	0.173175	-0.182900	-0.179125	0.966676
0.981871	0.014163	0.189020	-0.047818	0.983460	0.174699	-0.183420	-0.180570	0.966308
0.981797	0.013911	0.189423	-0.047779	0.983332	0.175427	-0.183825	-0.181284	0.966097
0.981757	0.013661	0.189649	-0.047702	0.983213	0.176114	-0.184060	-0.181948	0.965928
0.981767	0.013203	0.189631	-0.047602	0.982876	0.178012	-0.184033	-0.183793	0.965584
0.981784	0.012731	0.189575	-0.047702	0.982312	0.181076	-0.183917	-0.186820	0.965025
0.981720	0.011888	0.189957	-0.047659	0.981605	0.184877	-0.184265	-0.190551	0.964229
0.981705	0.011584	0.190056	-0.047987	0.980981	0.188079	-0.184263	-0.193758	0.963590
0.981659	0.012013	0.190268	-0.048983	0.980402	0.190823	-0.184246	-0.196643	0.963008
0.981585	0.012711	0.190603	-0.050242	0.979832	0.193402	-0.184300	-0.199417	0.962427
0.981580	0.013251	0.190590	-0.051239	0.979304	0.195801	-0.184051	-0.201960	0.961945
