0.923278	-0.185940	0.336131	0.024166	0.901421	0.432268	-0.383371	-0.390980	0.836756
0.922031	-0.182166	0.341576	0.022890	0.906473	0.421643	-0.386439	-0.380949	0.839966
0.920751	-0.179368	0.346476	0.022954	0.911421	0.410834	-0.389476	-0.370323	0.843309
0.919860	-0.177184	0.349947	0.023831	0.915758	0.401022	-0.391522	-0.360545	0.846592
0.919207	-0.174912	0.352795	0.024393	0.919503	0.392325	-0.393018	-0.352022	0.849481
0.918807	-0.172383	0.355075	0.024620	0.922868	0.384329	-0.393939	-0.344382	0.852181
0.918621	-0.168855	0.357243	0.023650	0.925969	0.376857	-0.394430	-0.337740	0.854609
0.918600	-0.164707	0.359228	0.021671	0.928633	0.370366	-0.394593	-0.332434	0.856612
0.918677	-0.160353	0.360997	0.019391	0.931102	0.364243	-0.394532	-0.327622	0.858492
0.918122	-0.155752	0.364409	0.015292	0.932770	0.360148	-0.396003	-0.325087	0.858778
0.916666	-0.153046	0.369188	0.010531	0.932699	0.360501	-0.399515	-0.326571	0.856586
0.914195	-0.150702	0.376213	0.004156	0.931729	0.363129	-0.405253	-0.330407	0.852409
0.910771	-0.149748	0.384800	-0.001721	0.930535	0.366199	-0.412908	-0.334186	0.847247
0.907392	-0.150894	0.392264	-0.003983	0.930198	0.367037	-0.420267	-0.334608	0.843453
0.904396	-0.153464	0.398142	-0.002308	0.931311	0.364217	-0.426688	-0.330316	0.841920
0.901287	-0.156219	0.404075	0.000713	0.933255	0.359214	-0.433221	-0.323467	0.841242
0.899765	-0.158691	0.406498	0.004272	0.934692	0.355433	-0.436354	-0.318070	0.841681
0.898960	-0.160945	0.407391	0.006006	0.934493	0.355930	-0.437989	-0.317520	0.841039
0.898259	-0.162992	0.408122	0.005484	0.932763	0.360448	-0.439432	-0.321537	0.838757
0.897965	-0.163204	0.408685	0.001698	0.929966	0.367641	-0.440064	-0.329434	0.835354
0.899185	-0.160080	0.407236	-0.005130	0.926757	0.375626	-0.437539	-0.339846	0.832505
0.901046	-0.153993	0.405465	-0.013803	0.924193	0.381676	-0.433504	-0.349504	0.830615
0.903117	-0.144564	0.404327	-0.024485	0.922753	0.384613	-0.428695	-0.357250	0.829815
0.904312	-0.132861	0.405669	-0.036214	0.923026	0.383030	-0.425332	-0.361070	0.829892
