0.977700	-0.123723	0.169690	0.076996	0.962946	0.258470	-0.195381	-0.239641	0.950999
0.977723	-0.123866	0.169454	0.077127	0.962847	0.258799	-0.195215	-0.239965	0.950951
0.977720	-0.123925	0.169432	0.077074	0.962698	0.259371	-0.195254	-0.240533	0.950800
0.977706	-0.123789	0.169611	0.076687	0.962456	0.260379	-0.195475	-0.241567	0.950492
0.977666	-0.123734	0.169882	0.076341	0.962188	0.261470	-0.195811	-0.242661	0.950144
0.977873	-0.123385	0.168941	0.076042	0.961957	0.262407	-0.194891	-0.243754	0.950054
0.977844	-0.123106	0.169310	0.075613	0.961908	0.262710	-0.195202	-0.244088	0.949904
0.977851	-0.123195	0.169206	0.075666	0.961823	0.263003	-0.195147	-0.244375	0.949841
0.977892	-0.123381	0.168833	0.075764	0.961575	0.263880	-0.194904	-0.245254	0.949665
0.977978	-0.123621	0.168158	0.075820	0.961099	0.265594	-0.194449	-0.246995	0.949307
0.978124	-0.124078	0.166966	0.076239	0.960611	0.267234	-0.193547	-0.248659	0.949056
0.978180	-0.124606	0.166244	0.076740	0.960291	0.268239	-0.193067	-0.249628	0.948900
0.978256	-0.125324	0.165257	0.077617	0.960107	0.268646	-0.192332	-0.249978	0.948957
0.978278	-0.125569	0.164935	0.077962	0.960109	0.268540	-0.192076	-0.249848	0.949043
0.978268	-0.125434	0.165097	0.077644	0.959935	0.269251	-0.192256	-0.250581	0.948813
0.978294	-0.125129	0.165178	0.077000	0.959539	0.270844	-0.192385	-0.252246	0.948346
0.978358	-0.124891	0.164976	0.076475	0.959099	0.272545	-0.192267	-0.254030	0.947893
0.978374	-0.125434	0.164468	0.076825	0.958627	0.274103	-0.192045	-0.255540	0.947533
0.978311	-0.126233	0.164237	0.077407	0.958210	0.275394	-0.192137	-0.256708	0.947198
0.978216	-0.127160	0.164086	0.078204	0.957931	0.276138	-0.192297	-0.257291	0.947008
0.978014	-0.128067	0.164583	0.078801	0.957656	0.276921	-0.193078	-0.257863	0.946693
0.977659	-0.129335	0.165696	0.079492	0.957242	0.278154	-0.194586	-0.258769	0.946137
0.977119	-0.130444	0.167997	0.079698	0.956855	0.279422	-0.197197	-0.259640	0.945357
0.976492	-0.131357	0.170906	0.079583	0.956552	0.280491	-0.200325	-0.260296	0.944519
0.975967	-0.131971	0.173414	0.079327	0.956327	0.281330	-0.202968	-0.260812	0.943812
