0.988822	-0.105403	0.105455	0.106539	0.994295	-0.005188	-0.104307	0.016365	0.994411
0.988828	-0.105562	0.105242	0.106655	0.994285	-0.004795	-0.104134	0.015966	0.994435
0.988824	-0.105979	0.104858	0.107077	0.994239	-0.004882	-0.103737	0.016055	0.994475
0.988746	-0.106301	0.105268	0.107394	0.994205	-0.004755	-0.104152	0.016007	0.994433
0.988691	-0.106691	0.105388	0.107789	0.994162	-0.004757	-0.104265	0.016063	0.994420
0.988543	-0.107024	0.106431	0.108118	0.994128	-0.004542	-0.105320	0.015997	0.994310
0.988482	-0.107299	0.106727	0.108351	0.994104	-0.004093	-0.105658	0.015610	0.994280
0.988479	-0.107440	0.106615	0.108499	0.994088	-0.004169	-0.105537	0.015689	0.994292
0.988433	-0.107979	0.106490	0.109087	0.994022	-0.004616	-0.105354	0.016179	0.994303
0.988326	-0.108681	0.106768	0.109769	0.993948	-0.004350	-0.105649	0.016019	0.994274
0.988277	-0.109369	0.106526	0.110295	0.993895	-0.002825	-0.105566	0.014541	0.994306
0.988463	-0.108405	0.105778	0.109085	0.994032	-0.000654	-0.105076	0.012185	0.994390
0.988796	-0.107217	0.103857	0.107591	0.994193	0.002014	-0.103470	0.009183	0.994590
0.988811	-0.106333	0.104625	0.106516	0.994303	0.003854	-0.104439	0.007333	0.994504
0.988750	-0.106776	0.104746	0.107138	0.994242	0.002186	-0.104377	0.009061	0.994497
0.988691	-0.107661	0.104395	0.108183	0.994131	0.000667	-0.103854	0.010635	0.994536
0.988607	-0.108458	0.104366	0.109062	0.994035	-0.000077	-0.103736	0.011458	0.994539
0.988585	-0.108932	0.104079	0.109611	0.993974	-0.000810	-0.103364	0.012209	0.994569
0.988551	-0.108976	0.104364	0.109779	0.993954	-0.001969	-0.103519	0.013404	0.994537
0.988525	-0.109047	0.104528	0.109959	0.993932	-0.002986	-0.103569	0.014445	0.994517
0.988516	-0.109140	0.104522	0.110129	0.993910	-0.003719	-0.103480	0.015187	0.994516
0.988510	-0.109494	0.104210	0.110510	0.993867	-0.004001	-0.103133	0.015471	0.994547
0.988425	-0.109875	0.104613	0.110846	0.993832	-0.003495	-0.103584	0.015050	0.994507
0.988444	-0.110005	0.104298	0.110844	0.993835	-0.002268	-0.103406	0.013802	0.994543
0.988411	-0.110015	0.104595	0.110752	0.993847	-0.001246	-0.103814	0.012816	0.994514
0.988378	-0.110146	0.104767	0.110841	0.993838	-0.000813	-0.104031	0.012416	0.994497
