0.953770	0.038738	0.298032	-0.145202	0.927636	0.344104	-0.263135	-0.371471	0.890376
0.953835	0.039084	0.297778	-0.145188	0.927948	0.343267	-0.262907	-0.370654	0.890784
0.953823	0.039561	0.297754	-0.145577	0.927970	0.343045	-0.262735	-0.370550	0.890878
0.953628	0.039759	0.298350	-0.146312	0.927476	0.344065	-0.263033	-0.371762	0.890285
0.953513	0.039504	0.298753	-0.146611	0.926948	0.345358	-0.263285	-0.373104	0.889649
0.953520	0.039379	0.298744	-0.146686	0.926684	0.346035	-0.263215	-0.373773	0.889388
0.953423	0.039387	0.299054	-0.146809	0.926677	0.346000	-0.263499	-0.373788	0.889298
0.953425	0.039574	0.299022	-0.146874	0.926799	0.345648	-0.263455	-0.373468	0.889446
0.953465	0.039747	0.298874	-0.146956	0.926818	0.345561	-0.263267	-0.373401	0.889529
0.953554	0.039684	0.298596	-0.146950	0.926605	0.346134	-0.262944	-0.373936	0.889400
0.953605	0.039377	0.298474	-0.146856	0.926300	0.346990	-0.262813	-0.374724	0.889107
0.953710	0.039316	0.298147	-0.146815	0.926113	0.347505	-0.262455	-0.375192	0.889016
0.953647	0.039628	0.298308	-0.147203	0.926028	0.347568	-0.262468	-0.375369	0.888937
0.953521	0.040218	0.298632	-0.147761	0.926125	0.347072	-0.262612	-0.375067	0.889022
0.953483	0.040631	0.298697	-0.148045	0.926263	0.346583	-0.262590	-0.374682	0.889191
0.953386	0.040603	0.299010	-0.148165	0.926220	0.346646	-0.262875	-0.374790	0.889061
0.953448	0.040361	0.298845	-0.147998	0.926074	0.347107	-0.262743	-0.375176	0.888937
0.953695	0.040626	0.298020	-0.148021	0.925939	0.347458	-0.261833	-0.375482	0.889076
0.954153	0.041217	0.296467	-0.147888	0.926050	0.347218	-0.260232	-0.375143	0.889689
0.954575	0.041495	0.295068	-0.147236	0.926604	0.346016	-0.259053	-0.373743	0.890622
0.954926	0.040932	0.294009	-0.145732	0.927516	0.344203	-0.258609	-0.371534	0.891674
0.955435	0.040198	0.292451	-0.143992	0.928298	0.342826	-0.257701	-0.369658	0.892716
0.955898	0.039645	0.291010	-0.142635	0.928816	0.341990	-0.256736	-0.368416	0.893508
0.956437	0.038931	0.289332	-0.141130	0.929226	0.341498	-0.255560	-0.367454	0.894241
0.956958	0.038145	0.287709	-0.139651	0.929537	0.341259	-0.254419	-0.366750	0.894855
