0.963564	-0.046312	0.263439	0.034381	0.998171	0.049723	-0.265260	-0.038854	0.963394
0.963431	-0.047045	0.263794	0.033689	0.997922	0.054927	-0.265830	-0.044032	0.963014
0.963242	-0.047971	0.264317	0.033141	0.997631	0.060283	-0.266583	-0.049307	0.962550
0.963149	-0.048842	0.264495	0.032571	0.997317	0.065560	-0.266988	-0.054529	0.962156
0.963032	-0.049280	0.264841	0.031494	0.996980	0.070991	-0.267539	-0.060026	0.961675
0.962909	-0.049140	0.265313	0.029966	0.996670	0.075841	-0.268156	-0.065077	0.961175
0.962661	-0.048767	0.266282	0.028280	0.996375	0.080236	-0.269229	-0.069710	0.960550
0.962370	-0.048126	0.267448	0.026700	0.996177	0.083181	-0.270428	-0.072910	0.959975
0.962063	-0.047428	0.268675	0.025391	0.996065	0.084910	-0.271645	-0.074867	0.959481
0.961976	-0.046731	0.269107	0.024600	0.996074	0.085034	-0.272024	-0.075181	0.959349
0.961844	-0.046454	0.269626	0.024263	0.996080	0.085061	-0.272520	-0.075273	0.959201
0.961574	-0.045932	0.270676	0.023634	0.996094	0.085075	-0.273526	-0.075409	0.958904
0.961369	-0.045389	0.271496	0.022856	0.996068	0.085589	-0.274313	-0.076078	0.958626
0.961244	-0.045179	0.271971	0.022410	0.996021	0.086250	-0.274786	-0.076813	0.958432
0.961047	-0.045323	0.272644	0.021994	0.995876	0.088023	-0.275509	-0.078598	0.958080
0.960701	-0.045987	0.273751	0.021713	0.995609	0.091052	-0.276736	-0.081530	0.957481
0.960372	-0.046904	0.274745	0.021807	0.995362	0.093701	-0.277866	-0.083996	0.956940
0.959919	-0.047482	0.276226	0.021469	0.995106	0.096448	-0.279454	-0.086652	0.956241
0.959604	-0.047778	0.277268	0.020749	0.994810	0.099613	-0.280589	-0.089836	0.955615
0.959346	-0.047677	0.278178	0.019658	0.994522	0.102658	-0.281549	-0.093016	0.955028
0.959027	-0.047051	0.279380	0.018132	0.994285	0.105207	-0.282733	-0.095831	0.954399
0.958629	-0.047379	0.280688	0.017391	0.993957	0.108381	-0.284127	-0.099016	0.953660
0.957902	-0.049436	0.282807	0.018232	0.993549	0.111925	-0.286516	-0.102057	0.952624
0.956818	-0.052507	0.285906	0.020227	0.993193	0.114711	-0.289983	-0.103975	0.951367
0.955328	-0.055234	0.290341	0.022068	0.992971	0.116287	-0.294723	-0.104684	0.949831
