0.981520	-0.131159	0.139339	0.089268	0.957905	0.272853	-0.169260	-0.255372	0.951912
0.981415	-0.129595	0.141529	0.087126	0.958036	0.273087	-0.170980	-0.255681	0.951522
0.981399	-0.127692	0.143356	0.084931	0.958456	0.272302	-0.172171	-0.255062	0.951473
0.981332	-0.125820	0.145453	0.082893	0.959162	0.270440	-0.173539	-0.253334	0.951686
0.981267	-0.123622	0.147759	0.080537	0.959962	0.268305	-0.175011	-0.251379	0.951935
0.981263	-0.120727	0.150160	0.077537	0.960890	0.265854	-0.176383	-0.249229	0.952247
0.981192	-0.117088	0.153468	0.073596	0.961891	0.263342	-0.178454	-0.247095	0.952417
0.981071	-0.112431	0.157668	0.068581	0.963151	0.260069	-0.181097	-0.244333	0.952631
0.980863	-0.107215	0.162517	0.063028	0.964626	0.255976	-0.184213	-0.240834	0.952924
0.980449	-0.101909	0.168326	0.057450	0.966420	0.250465	-0.188198	-0.235898	0.953380
0.979872	-0.096221	0.174908	0.051658	0.968545	0.243418	-0.192828	-0.229483	0.954020
0.979124	-0.090184	0.182160	0.045705	0.970917	0.235013	-0.198057	-0.221782	0.954770
0.978172	-0.084188	0.189980	0.039945	0.973383	0.225677	-0.203923	-0.213162	0.955498
0.976899	-0.078403	0.198802	0.034686	0.976106	0.214509	-0.210870	-0.202658	0.956276
0.975385	-0.072053	0.208404	0.029090	0.978893	0.202290	-0.218581	-0.191249	0.956894
0.973538	-0.064363	0.219276	0.022445	0.981810	0.188533	-0.227422	-0.178623	0.957274
0.970092	-0.054093	0.236633	0.013355	0.985271	0.170480	-0.242369	-0.162222	0.956526
0.964102	-0.043033	0.262023	0.003635	0.988827	0.149021	-0.265509	-0.142719	0.953486
0.956770	-0.034472	0.288794	-0.002045	0.992129	0.125200	-0.290837	-0.120379	0.949170
0.949265	-0.029234	0.313115	-0.004143	0.994421	0.105403	-0.314450	-0.101353	0.943848
0.942574	-0.025687	0.333007	-0.004741	0.995909	0.090239	-0.333962	-0.086636	0.938596
0.936306	-0.022801	0.350443	-0.004850	0.996955	0.077823	-0.351151	-0.074566	0.933345
0.931275	-0.019958	0.363770	-0.004713	0.997755	0.066806	-0.364286	-0.063929	0.929090
0.927314	-0.017448	0.373877	-0.004518	0.998318	0.057795	-0.374257	-0.055284	0.925676
0.924312	-0.015141	0.381337	-0.005197	0.998621	0.052246	-0.381602	-0.050274	0.922958
