0.977974	-0.111058	0.176728	0.078588	0.980310	0.181151	-0.193366	-0.163273	0.967446
0.977843	-0.111013	0.177480	0.078359	0.980276	0.181434	-0.194121	-0.163506	0.967255
0.977788	-0.110903	0.177851	0.078196	0.980299	0.181383	-0.194463	-0.163447	0.967197
0.977738	-0.110758	0.178214	0.078036	0.980354	0.181150	-0.194777	-0.163210	0.967173
0.977802	-0.110532	0.178004	0.077952	0.980459	0.180620	-0.194489	-0.162735	0.967311
0.977953	-0.110304	0.177317	0.077988	0.980593	0.179875	-0.193717	-0.162081	0.967576
0.978124	-0.110136	0.176473	0.078162	0.980764	0.178864	-0.192778	-0.161158	0.967918
0.978231	-0.110031	0.175948	0.078356	0.980942	0.177802	-0.192158	-0.160144	0.968209
0.978265	-0.109854	0.175870	0.078344	0.981082	0.177033	-0.191991	-0.159407	0.968364
0.978274	-0.109658	0.175942	0.078346	0.981274	0.175966	-0.191943	-0.158359	0.968546
0.978368	-0.109288	0.175650	0.078201	0.981446	0.175069	-0.191524	-0.157546	0.968761
0.978448	-0.109166	0.175277	0.078451	0.981707	0.173486	-0.191010	-0.155996	0.969113
0.978419	-0.109014	0.175532	0.078352	0.981799	0.173008	-0.191198	-0.155521	0.969152
0.978359	-0.108963	0.175898	0.078049	0.981650	0.173986	-0.191628	-0.156492	0.968911
0.978416	-0.109305	0.175372	0.078356	0.981517	0.174598	-0.191215	-0.157088	0.968896
0.978408	-0.109449	0.175327	0.078631	0.981606	0.173973	-0.191144	-0.156430	0.969017
0.978394	-0.109229	0.175538	0.078602	0.981811	0.172828	-0.191223	-0.155297	0.969184
0.978447	-0.108569	0.175652	0.078021	0.981946	0.172324	-0.191190	-0.154905	0.969253
0.978497	-0.108104	0.175662	0.077459	0.981906	0.172805	-0.191164	-0.155483	0.969165
0.978428	-0.108433	0.175840	0.077667	0.981806	0.173276	-0.191430	-0.155881	0.969049
0.978335	-0.108908	0.176068	0.078001	0.981685	0.173809	-0.191773	-0.156310	0.968912
0.978267	-0.109071	0.176345	0.078098	0.981658	0.173918	-0.192080	-0.156366	0.968842
0.978218	-0.108891	0.176730	0.077877	0.981696	0.173807	-0.192421	-0.156258	0.968792
0.978240	-0.108716	0.176715	0.077780	0.981771	0.173422	-0.192347	-0.155904	0.968864
0.978318	-0.108754	0.176258	0.077986	0.981839	0.172946	-0.191866	-0.155451	0.969032
0.978495	-0.109090	0.175060	0.078665	0.981918	0.172189	-0.190679	-0.154715	0.969384
