0.978659	0.000040	0.205490	-0.034019	0.986233	0.161825	-0.202655	-0.165362	0.965187
0.978764	-0.000204	0.204990	-0.033693	0.986239	0.161858	-0.202202	-0.165327	0.965288
0.978948	0.000248	0.204111	-0.033999	0.986227	0.161866	-0.201260	-0.165398	0.965473
0.979153	0.000773	0.203121	-0.034287	0.986272	0.161530	-0.200208	-0.165127	0.965738
0.979444	0.000937	0.201714	-0.034166	0.986312	0.161314	-0.198802	-0.164890	0.966069
0.979768	0.001332	0.200134	-0.034213	0.986374	0.160924	-0.197193	-0.164515	0.966462
0.980230	0.001486	0.197855	-0.034133	0.986250	0.161698	-0.194894	-0.165254	0.966803
0.980795	0.001379	0.195035	-0.033808	0.986040	0.163043	-0.192087	-0.166506	0.967150
0.981027	0.001184	0.193870	-0.033775	0.985734	0.164889	-0.190909	-0.168308	0.967071
0.981203	0.001120	0.192977	-0.033846	0.985481	0.166376	-0.189989	-0.169780	0.966995
0.981374	0.001081	0.192105	-0.033867	0.985296	0.167468	-0.189099	-0.170855	0.966980
0.981575	0.001493	0.191071	-0.034226	0.985170	0.168130	-0.187986	-0.171572	0.967070
0.981668	0.001319	0.190593	-0.034149	0.985012	0.169070	-0.187514	-0.172480	0.967000
0.981819	0.000957	0.189816	-0.033548	0.985121	0.168559	-0.186831	-0.171862	0.967242
0.981892	0.000928	0.189438	-0.033407	0.985165	0.168324	-0.186472	-0.171605	0.967357
0.981790	0.000704	0.189966	-0.033430	0.985027	0.169126	-0.187002	-0.172397	0.967114
0.981496	-0.000337	0.191481	-0.032969	0.984767	0.170724	-0.188621	-0.173878	0.966534
0.981529	-0.001572	0.191305	-0.031756	0.984755	0.171023	-0.188658	-0.173940	0.966516
0.981582	-0.002204	0.191029	-0.031079	0.984771	0.171056	-0.188496	-0.173842	0.966565
0.981603	-0.002548	0.190917	-0.030670	0.984823	0.170832	-0.188454	-0.173544	0.966627
0.981621	-0.002519	0.190822	-0.030606	0.984892	0.170445	-0.188368	-0.173153	0.966714
0.981661	-0.002799	0.190613	-0.030148	0.985029	0.169731	-0.188234	-0.172365	0.966881
0.981739	-0.003063	0.190208	-0.029717	0.985126	0.169247	-0.187897	-0.171809	0.967045
0.981726	-0.003293	0.190274	-0.029505	0.985126	0.169282	-0.188001	-0.171802	0.967026
0.981779	-0.003896	0.189986	-0.029009	0.984998	0.170111	-0.187798	-0.172523	0.966937
