0.919381	-0.009337	0.393258	-0.129287	0.937007	0.324503	-0.371515	-0.349185	0.860259
0.919517	-0.009548	0.392934	-0.128732	0.937249	0.324025	-0.371370	-0.348529	0.860588
0.919619	-0.009908	0.392686	-0.128029	0.937533	0.323482	-0.371361	-0.347755	0.860905
0.919691	-0.010217	0.392510	-0.127439	0.937774	0.323014	-0.371386	-0.347095	0.861161
0.919639	-0.010366	0.392627	-0.127117	0.937993	0.322507	-0.371624	-0.346500	0.861297
0.919845	-0.010332	0.392147	-0.126878	0.938087	0.322328	-0.371198	-0.346246	0.861583
0.919922	-0.010443	0.391963	-0.126548	0.938244	0.322000	-0.371120	-0.345817	0.861789
0.919993	-0.010702	0.391788	-0.125937	0.938545	0.321361	-0.371149	-0.344991	0.862108
0.920041	-0.010819	0.391672	-0.125602	0.938724	0.320971	-0.371145	-0.344501	0.862305
0.920099	-0.010438	0.391546	-0.125746	0.938858	0.320520	-0.370952	-0.344146	0.862530
0.920139	-0.009621	0.391473	-0.126244	0.939034	0.319808	-0.370684	-0.343689	0.862827
0.920288	-0.009219	0.391133	-0.126889	0.938650	0.320678	-0.370093	-0.344747	0.862659
0.920242	-0.009538	0.391233	-0.126694	0.938605	0.320887	-0.370274	-0.344861	0.862536
0.920154	-0.009393	0.391444	-0.126893	0.938606	0.320806	-0.370425	-0.344862	0.862470
0.920109	-0.008074	0.391579	-0.127927	0.938758	0.319951	-0.370181	-0.344484	0.862727
0.920151	-0.007046	0.391501	-0.128964	0.938599	0.319999	-0.369718	-0.344937	0.862744
0.920049	-0.006647	0.391746	-0.129367	0.938627	0.319754	-0.369829	-0.344869	0.862724
0.919967	-0.006422	0.391943	-0.129450	0.938796	0.319227	-0.370004	-0.344415	0.862830
0.919880	-0.006129	0.392152	-0.129446	0.939102	0.318324	-0.370222	-0.343583	0.863068
0.919867	-0.005562	0.392191	-0.129664	0.939370	0.317446	-0.370178	-0.342861	0.863374
0.919933	-0.004681	0.392048	-0.130287	0.939456	0.316935	-0.369795	-0.342638	0.863626
0.919987	-0.003971	0.391929	-0.130864	0.939456	0.316698	-0.369458	-0.342647	0.863767
0.920181	-0.003478	0.391477	-0.131230	0.939369	0.316805	-0.368843	-0.342892	0.863933
0.920326	-0.003445	0.391136	-0.131259	0.939258	0.317119	-0.368471	-0.343193	0.863972
0.920307	-0.003276	0.391182	-0.131439	0.939242	0.317093	-0.368454	-0.343239	0.863961
