0.905841	-0.184333	0.381409	0.001930	0.902149	0.431421	-0.423613	-0.390063	0.817559
0.906009	-0.184009	0.381168	0.001750	0.902176	0.431365	-0.423256	-0.390153	0.817701
0.906190	-0.183823	0.380826	0.001657	0.902111	0.431502	-0.422867	-0.390391	0.817788
0.906141	-0.184168	0.380776	0.002061	0.902144	0.431429	-0.422971	-0.390151	0.817850
0.905910	-0.184670	0.381082	0.002473	0.902196	0.431318	-0.423463	-0.389793	0.817766
0.906043	-0.184884	0.380662	0.002954	0.902258	0.431187	-0.423175	-0.389549	0.818031
0.906020	-0.184700	0.380807	0.002952	0.902488	0.430704	-0.423225	-0.389102	0.818218
0.906108	-0.184297	0.380793	0.002955	0.902855	0.429935	-0.423036	-0.388442	0.818629
0.906301	-0.183922	0.380514	0.003143	0.903251	0.429102	-0.422621	-0.387700	0.819195
0.906362	-0.183874	0.380391	0.003420	0.903495	0.428585	-0.422487	-0.387152	0.819523
0.906372	-0.183885	0.380364	0.003627	0.903664	0.428227	-0.422466	-0.386753	0.819722
0.906385	-0.183877	0.380337	0.003666	0.903694	0.428163	-0.422438	-0.386686	0.819768
0.906503	-0.183531	0.380221	0.003454	0.903768	0.428009	-0.422184	-0.386679	0.819903
0.906550	-0.183379	0.380183	0.003352	0.903797	0.427948	-0.422085	-0.386682	0.819952
0.906521	-0.183532	0.380179	0.003408	0.903706	0.428139	-0.422147	-0.386822	0.819854
0.906531	-0.183752	0.380048	0.003457	0.903493	0.428590	-0.422125	-0.387216	0.819679
0.906620	-0.183988	0.379722	0.003530	0.903201	0.429203	-0.421933	-0.387783	0.819510
0.906889	-0.183948	0.379098	0.003632	0.903060	0.429500	-0.421354	-0.388132	0.819643
0.906758	-0.183817	0.379476	0.003406	0.903137	0.429338	-0.421639	-0.388013	0.819553
0.906837	-0.183917	0.379238	0.003685	0.903198	0.429208	-0.421466	-0.387824	0.819731
0.906888	-0.184287	0.378937	0.003982	0.903000	0.429623	-0.421354	-0.388110	0.819653
0.906818	-0.184802	0.378853	0.004274	0.902757	0.430130	-0.421501	-0.388431	0.819426
0.906370	-0.185348	0.379657	0.004447	0.902764	0.430113	-0.422462	-0.388153	0.819063
0.906018	-0.186050	0.380153	0.005023	0.902863	0.429899	-0.423209	-0.387587	0.818945
0.905859	-0.186266	0.380427	0.005448	0.903172	0.429243	-0.423545	-0.386761	0.819162
