0.903591	-0.062400	0.423828	-0.073945	0.951767	0.297778	-0.421967	-0.300410	0.855394
0.903815	-0.062896	0.423276	-0.073901	0.951336	0.299162	-0.421494	-0.301667	0.855184
0.903669	-0.063836	0.423446	-0.073750	0.950853	0.300733	-0.421833	-0.302993	0.854548
0.903149	-0.065964	0.424230	-0.072822	0.950271	0.302790	-0.423106	-0.304357	0.853433
0.902691	-0.068724	0.424765	-0.071487	0.949492	0.305541	-0.424309	-0.306174	0.852185
0.902334	-0.071001	0.425151	-0.070275	0.948911	0.307620	-0.425271	-0.307454	0.851244
0.902043	-0.072286	0.425550	-0.069427	0.948745	0.308324	-0.426025	-0.307666	0.850790
0.901786	-0.073200	0.425939	-0.068586	0.948824	0.308269	-0.426706	-0.307206	0.850615
0.901440	-0.074033	0.426527	-0.067589	0.949117	0.307585	-0.427595	-0.306098	0.850568
0.900932	-0.074738	0.427477	-0.066953	0.949325	0.307083	-0.428765	-0.305281	0.850273
0.900546	-0.075027	0.428237	-0.066653	0.949527	0.306522	-0.429620	-0.304580	0.850092
0.899881	-0.075430	0.429563	-0.066828	0.949451	0.306718	-0.430985	-0.304717	0.849353
0.899509	-0.076271	0.430194	-0.066955	0.948949	0.308242	-0.431742	-0.306070	0.848481
0.898903	-0.077331	0.431269	-0.067894	0.947828	0.311468	-0.432855	-0.309260	0.846756
0.898210	-0.079078	0.432396	-0.068233	0.946679	0.314871	-0.434239	-0.312324	0.844920
0.897525	-0.081180	0.433426	-0.068400	0.945382	0.318708	-0.435626	-0.315695	0.842951
0.897103	-0.083511	0.433857	-0.068439	0.943856	0.323190	-0.436489	-0.319628	0.841021
0.896819	-0.086015	0.433955	-0.068668	0.941963	0.328619	-0.437036	-0.324510	0.838864
0.896831	-0.088588	0.433412	-0.068872	0.939836	0.334611	-0.436979	-0.329940	0.836773
0.897044	-0.090782	0.432518	-0.069448	0.937560	0.340821	-0.436451	-0.335769	0.834727
0.897454	-0.093061	0.431181	-0.069735	0.935268	0.347003	-0.435562	-0.341487	0.832870
0.898122	-0.095589	0.429231	-0.069596	0.932889	0.353377	-0.434204	-0.347248	0.831195
0.898929	-0.098403	0.426899	-0.069222	0.930302	0.360204	-0.432590	-0.353349	0.829464
0.899897	-0.101887	0.424033	-0.068013	0.927639	0.367233	-0.430766	-0.359312	0.827850
0.901037	-0.105643	0.420679	-0.066305	0.924937	0.374292	-0.428643	-0.365145	0.826398
0.902366	-0.109674	0.416783	-0.064133	0.922138	0.381507	-0.426173	-0.370989	0.825072
0.903843	-0.113947	0.412412	-0.061382	0.919382	0.388546	-0.423438	-0.376500	0.823983
