0.909129	-0.016240	0.416198	-0.133847	0.934849	0.328849	-0.394423	-0.354673	0.847725
0.908915	-0.017135	0.416629	-0.133602	0.934514	0.329901	-0.394998	-0.355514	0.847104
0.908879	-0.018352	0.416655	-0.132917	0.934192	0.331088	-0.395312	-0.356300	0.846628
0.908911	-0.019953	0.416514	-0.131901	0.933811	0.332566	-0.395580	-0.357211	0.846119
0.908979	-0.021083	0.416308	-0.131323	0.933378	0.334005	-0.395615	-0.358275	0.845653
0.909080	-0.021938	0.416044	-0.131066	0.932851	0.335576	-0.395469	-0.359594	0.845161
0.909266	-0.022382	0.415613	-0.130881	0.932523	0.336556	-0.395101	-0.360415	0.844983
0.909320	-0.022940	0.415465	-0.130364	0.932503	0.336814	-0.395149	-0.360433	0.844953
0.909292	-0.023771	0.415479	-0.129628	0.932520	0.337050	-0.395455	-0.360335	0.844852
0.909088	-0.024280	0.415895	-0.129479	0.932394	0.337456	-0.395972	-0.360627	0.844485
0.909146	-0.024672	0.415747	-0.129467	0.932044	0.338426	-0.395844	-0.361504	0.844170
0.909146	-0.025205	0.415714	-0.129270	0.931789	0.339202	-0.395907	-0.362123	0.843875
0.909324	-0.025203	0.415324	-0.129117	0.931798	0.339237	-0.395548	-0.362102	0.844052
0.909442	-0.025186	0.415066	-0.128566	0.932227	0.338266	-0.395456	-0.360997	0.844569
0.909609	-0.024852	0.414721	-0.128062	0.932835	0.336778	-0.395235	-0.359447	0.845333
0.909863	-0.024533	0.414183	-0.127532	0.933388	0.335443	-0.394823	-0.358029	0.846127
0.910161	-0.024194	0.413548	-0.127120	0.933817	0.334405	-0.394269	-0.356932	0.846848
0.910251	-0.023702	0.413379	-0.126929	0.934321	0.333066	-0.394123	-0.355644	0.847458
0.910171	-0.022857	0.413602	-0.127082	0.934921	0.331321	-0.394258	-0.354120	0.848033
0.910012	-0.021640	0.414017	-0.127453	0.935672	0.329049	-0.394505	-0.352206	0.848715
0.909682	-0.020496	0.414800	-0.127921	0.936394	0.326806	-0.395114	-0.350351	0.849199
0.909259	-0.019686	0.415766	-0.128221	0.937057	0.324781	-0.395990	-0.348620	0.849504
0.908761	-0.018949	0.416886	-0.128704	0.937546	0.323176	-0.396973	-0.347345	0.849567
0.908343	-0.018208	0.417829	-0.129093	0.938061	0.321521	-0.397803	-0.345990	0.849731
0.907974	-0.017682	0.418653	-0.129185	0.938630	0.319820	-0.398615	-0.344473	0.849967
