0.986758	-0.160377	0.024267	0.158821	0.985702	0.056279	-0.032946	-0.051680	0.998120
0.986609	-0.161532	0.022590	0.159994	0.985387	0.058430	-0.031698	-0.054033	0.998036
0.986424	-0.162864	0.021069	0.161339	0.985034	0.060640	-0.030630	-0.056417	0.997937
0.986200	-0.164418	0.019390	0.162932	0.984657	0.062486	-0.029366	-0.058464	0.997858
0.985986	-0.165957	0.017046	0.164568	0.984294	0.063888	-0.027381	-0.060188	0.997811
0.985785	-0.167352	0.014864	0.166065	0.983973	0.064960	-0.025497	-0.061568	0.997777
0.985645	-0.168358	0.012666	0.167180	0.983715	0.066003	-0.023571	-0.062938	0.997739
0.985561	-0.168970	0.010930	0.167866	0.983493	0.067543	-0.022162	-0.064733	0.997656
0.985508	-0.169414	0.008592	0.168435	0.983304	0.068866	-0.020115	-0.066420	0.997589
0.985430	-0.169940	0.006868	0.169052	0.983113	0.070075	-0.018661	-0.067893	0.997518
0.985299	-0.170754	0.005357	0.169936	0.982835	0.071813	-0.017527	-0.069847	0.997404
0.985076	-0.172077	0.003784	0.171336	0.982455	0.073666	-0.016394	-0.071918	0.997276
0.984873	-0.173269	0.001771	0.172645	0.982094	0.075398	-0.014803	-0.073952	0.997152
0.984627	-0.174669	0.000335	0.174122	0.981693	0.077207	-0.013815	-0.075962	0.997015
0.984359	-0.176165	-0.001542	0.175739	0.981288	0.078677	-0.012347	-0.077717	0.996899
0.984128	-0.177429	-0.003288	0.177124	0.980962	0.079630	-0.010903	-0.078948	0.996819
0.983968	-0.178264	-0.005274	0.178111	0.980753	0.079996	-0.009088	-0.079653	0.996781
0.983834	-0.178937	-0.007241	0.178936	0.980585	0.080214	-0.007253	-0.080213	0.996751
0.983728	-0.179441	-0.009009	0.179579	0.980442	0.080524	-0.005616	-0.080832	0.996712
0.983702	-0.179506	-0.010362	0.179751	0.980370	0.081016	-0.004385	-0.081558	0.996659
0.983739	-0.179267	-0.011038	0.179566	0.980358	0.081571	-0.003802	-0.082226	0.996606
0.983800	-0.178909	-0.011323	0.179232	0.980399	0.081817	-0.003536	-0.082521	0.996583
0.983882	-0.178467	-0.011174	0.178779	0.980483	0.081804	-0.003643	-0.082483	0.996586
0.983963	-0.178042	-0.010896	0.178331	0.980538	0.082120	-0.003937	-0.082746	0.996563
0.984077	-0.177434	-0.010481	0.177689	0.980609	0.082663	-0.004390	-0.083209	0.996522
