0.970954	-0.051183	0.233726	0.011100	0.985436	0.169687	-0.239007	-0.162164	0.957381
0.971179	-0.051701	0.232678	0.011320	0.985095	0.171640	-0.238084	-0.164060	0.957288
0.971462	-0.052087	0.231404	0.011519	0.984800	0.173312	-0.236914	-0.165700	0.957296
0.971728	-0.052650	0.230157	0.011910	0.984509	0.174928	-0.235802	-0.167241	0.957302
0.971993	-0.053207	0.228909	0.012354	0.984255	0.176324	-0.234686	-0.168557	0.957346
0.972336	-0.053488	0.227382	0.012601	0.984024	0.177592	-0.233248	-0.169814	0.957475
0.972834	-0.053290	0.225288	0.012516	0.983829	0.178670	-0.231166	-0.170997	0.957769
0.973637	-0.052528	0.221972	0.011923	0.983513	0.180444	-0.227791	-0.173040	0.958211
0.973950	-0.052769	0.220538	0.012218	0.983347	0.181328	-0.226434	-0.173910	0.958375
0.973884	-0.053568	0.220637	0.012836	0.983205	0.182052	-0.226683	-0.174465	0.958215
0.973786	-0.053992	0.220964	0.013107	0.983126	0.182461	-0.227086	-0.174782	0.958062
0.973841	-0.054749	0.220536	0.013679	0.982904	0.183608	-0.226818	-0.175789	0.957942
0.973802	-0.055641	0.220487	0.014435	0.982772	0.184256	-0.226940	-0.176246	0.957828
0.973784	-0.055993	0.220474	0.014856	0.982816	0.183988	-0.226988	-0.175890	0.957883
0.973748	-0.056420	0.220528	0.015392	0.982899	0.183502	-0.227110	-0.175291	0.957964
0.973789	-0.057071	0.220176	0.015967	0.982773	0.184126	-0.226891	-0.175784	0.957925
0.973693	-0.057851	0.220397	0.016404	0.982521	0.185426	-0.227272	-0.176932	0.957623
0.973217	-0.058927	0.222209	0.016603	0.982083	0.187716	-0.229290	-0.178999	0.956758
0.972609	-0.060436	0.224453	0.017150	0.981635	0.189995	-0.231814	-0.180942	0.955784
0.972244	-0.061230	0.225815	0.017772	0.981687	0.189670	-0.233293	-0.180392	0.955528
0.972188	-0.061490	0.225986	0.018083	0.981745	0.189339	-0.233503	-0.179986	0.955553
0.972138	-0.061344	0.226241	0.017718	0.981619	0.190028	-0.233739	-0.180725	0.955356
0.972076	-0.060997	0.226599	0.017084	0.981459	0.190908	-0.234042	-0.181706	0.955095
0.971934	-0.060329	0.227388	0.016138	0.981381	0.191393	-0.234701	-0.182352	0.954811
