0.922000	-0.182607	0.341424	0.013851	0.896792	0.442236	-0.386941	-0.403013	0.829371
0.922027	-0.182813	0.341240	0.014903	0.897581	0.440597	-0.386838	-0.401157	0.830319
0.922030	-0.182117	0.341605	0.014555	0.898115	0.439521	-0.386844	-0.400279	0.830739
0.921735	-0.181150	0.342914	0.012837	0.897973	0.439863	-0.387609	-0.401035	0.830018
0.921538	-0.181264	0.343383	0.012683	0.897929	0.439958	-0.388082	-0.401083	0.829774
0.921476	-0.182034	0.343141	0.014326	0.898718	0.438294	-0.388171	-0.398962	0.830754
0.921687	-0.182484	0.342334	0.016127	0.899715	0.436180	-0.387599	-0.396500	0.832198
0.921494	-0.182070	0.343074	0.015764	0.900122	0.435353	-0.388073	-0.395767	0.832326
0.921478	-0.181191	0.343580	0.014484	0.899949	0.435753	-0.388159	-0.396561	0.831908
0.922106	-0.180570	0.342221	0.014668	0.900111	0.435413	-0.386660	-0.396477	0.832647
0.922510	-0.180535	0.341148	0.015786	0.900774	0.434001	-0.385650	-0.394985	0.833823
0.922663	-0.180682	0.340657	0.016569	0.901190	0.433108	-0.385252	-0.393968	0.834488
0.922411	-0.180444	0.341465	0.015517	0.900744	0.434073	-0.385898	-0.395095	0.833656
0.922578	-0.180654	0.340902	0.015308	0.900043	0.435531	-0.385507	-0.396593	0.833126
0.922490	-0.181377	0.340757	0.016232	0.900185	0.435204	-0.385680	-0.395940	0.833356
0.921981	-0.182023	0.341788	0.016667	0.900472	0.434595	-0.386877	-0.394991	0.833252
0.921089	-0.182628	0.343862	0.015891	0.900065	0.435465	-0.389027	-0.395638	0.831943
0.920416	-0.183280	0.345316	0.015477	0.899686	0.436264	-0.390634	-0.396200	0.830922
0.920390	-0.184007	0.344997	0.016029	0.899359	0.436917	-0.390672	-0.396604	0.830711
0.920501	-0.184850	0.344249	0.017329	0.899466	0.436648	-0.390355	-0.395970	0.831163
0.920434	-0.185096	0.344298	0.017244	0.899155	0.437291	-0.390518	-0.396561	0.830804
0.920212	-0.184796	0.345051	0.015453	0.898001	0.439722	-0.391115	-0.399305	0.829207
0.920256	-0.184618	0.345029	0.014226	0.896914	0.441976	-0.391059	-0.401823	0.828017
0.920518	-0.184645	0.344316	0.014623	0.896942	0.441906	-0.390427	-0.401748	0.828351
0.920672	-0.184744	0.343849	0.015526	0.897539	0.440662	-0.390028	-0.400366	0.829207
