0.976006	-0.069587	0.206326	0.054894	0.995587	0.076111	-0.210712	-0.062958	0.975519
0.976397	-0.071536	0.203794	0.057115	0.995486	0.075793	-0.208296	-0.062364	0.976076
0.976803	-0.073316	0.201198	0.059059	0.995359	0.075982	-0.205835	-0.062337	0.976599
0.977158	-0.075285	0.198730	0.061125	0.995197	0.076458	-0.203532	-0.062564	0.977067
0.977382	-0.077188	0.196892	0.063058	0.995030	0.077061	-0.201861	-0.062902	0.977392
0.977713	-0.078882	0.194566	0.064850	0.994883	0.077471	-0.199682	-0.063126	0.977825
0.978101	-0.080375	0.191985	0.066588	0.994788	0.077225	-0.197191	-0.062750	0.978355
0.978583	-0.082106	0.188769	0.068709	0.994703	0.076459	-0.194046	-0.061851	0.979041
0.979203	-0.084099	0.184633	0.071203	0.994607	0.075408	-0.189979	-0.060694	0.979910
0.979837	-0.086427	0.180137	0.074072	0.994486	0.074231	-0.185559	-0.059391	0.980837
0.980471	-0.088992	0.175375	0.077162	0.994330	0.073173	-0.180892	-0.058212	0.981779
0.981109	-0.091688	0.170348	0.080424	0.994164	0.071898	-0.175946	-0.056840	0.982757
0.981834	-0.094556	0.164503	0.083941	0.993985	0.070338	-0.170165	-0.055251	0.983865
0.982743	-0.097153	0.157407	0.087280	0.993827	0.068478	-0.163089	-0.053558	0.985157
0.983684	-0.099087	0.150162	0.089977	0.993734	0.066310	-0.155791	-0.051717	0.986435
0.984672	-0.100628	0.142461	0.092326	0.993686	0.063749	-0.147976	-0.049619	0.987745
0.985580	-0.102490	0.134642	0.094899	0.993576	0.061656	-0.140096	-0.047989	0.988974
0.986537	-0.105236	0.125177	0.098439	0.993374	0.059310	-0.130589	-0.046189	0.990360
0.987358	-0.109134	0.114948	0.103185	0.993056	0.056511	-0.120317	-0.043936	0.991763
0.988046	-0.114449	0.103283	0.109435	0.992581	0.052989	-0.108581	-0.041053	0.993240
0.988500	-0.121159	0.090491	0.117074	0.991904	0.049187	-0.095718	-0.038027	0.994682
0.988660	-0.128728	0.077328	0.125419	0.991025	0.046246	-0.082587	-0.036023	0.995933
0.988499	-0.137201	0.063600	0.134564	0.989925	0.044053	-0.069003	-0.034988	0.997003
0.988009	-0.146220	0.049576	0.144210	0.988657	0.041952	-0.055148	-0.034299	0.997889
0.987208	-0.155427	0.035527	0.154036	0.987294	0.039021	-0.041141	-0.033050	0.998607
