0.981522	0.043803	0.186266	-0.093718	0.958744	0.268380	-0.166826	-0.280878	0.945133
0.981600	0.043901	0.185834	-0.093655	0.958802	0.268191	-0.166405	-0.280661	0.945272
0.981626	0.044116	0.185644	-0.093803	0.958799	0.268153	-0.166165	-0.280640	0.945320
0.981577	0.044350	0.185848	-0.094021	0.958888	0.267759	-0.166332	-0.280299	0.945392
0.981604	0.044637	0.185636	-0.094130	0.959052	0.267129	-0.166111	-0.279689	0.945612
0.981645	0.045061	0.185317	-0.094355	0.959184	0.266577	-0.165741	-0.279170	0.945830
0.981610	0.045951	0.185284	-0.095122	0.959257	0.266042	-0.165510	-0.278774	0.945987
0.981603	0.046682	0.185137	-0.095687	0.959369	0.265432	-0.165224	-0.278265	0.946187
0.981610	0.046997	0.185024	-0.095925	0.959405	0.265217	-0.165049	-0.278088	0.946270
0.981611	0.047049	0.185002	-0.096071	0.959229	0.265800	-0.164953	-0.278685	0.946110
0.981545	0.047846	0.185149	-0.097368	0.958337	0.268532	-0.164587	-0.281604	0.945310
0.981380	0.048644	0.185813	-0.098657	0.957695	0.270345	-0.164802	-0.283643	0.944662
0.981297	0.049259	0.186090	-0.099631	0.957119	0.272024	-0.164710	-0.285477	0.944126
0.981266	0.049108	0.186294	-0.099918	0.956477	0.274169	-0.164722	-0.287647	0.943465
0.981304	0.048043	0.186372	-0.099221	0.956027	0.275984	-0.164918	-0.289316	0.942920
0.981347	0.046850	0.186448	-0.098228	0.955889	0.276818	-0.165254	-0.289969	0.942661
0.981371	0.045888	0.186560	-0.097370	0.955901	0.277077	-0.165619	-0.290081	0.942562
0.981325	0.045238	0.186962	-0.096845	0.955975	0.277008	-0.166200	-0.289942	0.942503
0.981532	0.044343	0.186087	-0.095729	0.956058	0.277108	-0.165622	-0.289805	0.942647
0.981567	0.042603	0.186310	-0.094071	0.956271	0.276943	-0.166364	-0.289364	0.942651
0.981602	0.040567	0.186580	-0.092123	0.956534	0.276688	-0.167246	-0.288786	0.942672
0.981735	0.039091	0.186194	-0.090562	0.956696	0.276642	-0.167317	-0.288451	0.942762
0.981941	0.038349	0.185258	-0.089626	0.956674	0.277023	-0.166608	-0.288624	0.942835
0.982085	0.038478	0.184469	-0.089565	0.956601	0.277295	-0.165793	-0.288849	0.942910
0.982271	0.039072	0.183347	-0.089837	0.956530	0.277452	-0.164536	-0.289004	0.943082
