0.894072	-0.176789	0.411559	0.050140	0.952542	0.300250	-0.445108	-0.247810	0.860505
0.877411	-0.161036	0.451903	0.024559	0.955821	0.292923	-0.479110	-0.245916	0.842603
0.860910	-0.148330	0.486654	0.001268	0.957177	0.289501	-0.508756	-0.248617	0.824231
0.847455	-0.136976	0.512891	-0.018323	0.958016	0.286130	-0.530550	-0.251880	0.809366
0.834882	-0.125608	0.535906	-0.037140	0.958540	0.282526	-0.549175	-0.255779	0.795603
0.821472	-0.113742	0.558790	-0.056251	0.958964	0.277891	-0.567468	-0.259712	0.781364
0.807911	-0.101480	0.580500	-0.074744	0.959460	0.271753	-0.584545	-0.262941	0.767574
0.794252	-0.089919	0.600898	-0.091532	0.959994	0.264639	-0.600655	-0.265192	0.754246
0.781800	-0.079954	0.618382	-0.105847	0.960333	0.257985	-0.614479	-0.267146	0.742326
0.770648	-0.071924	0.633189	-0.118391	0.960154	0.253157	-0.626167	-0.270059	0.731425
0.762646	-0.065713	0.643469	-0.125688	0.960807	0.247088	-0.634487	-0.269317	0.724496
0.755341	-0.059644	0.652612	-0.131315	0.961877	0.239894	-0.642041	-0.266899	0.718713
0.748135	-0.055132	0.661252	-0.136000	0.962646	0.234130	-0.649460	-0.265091	0.712691
0.740758	-0.054780	0.669535	-0.138833	0.962669	0.232365	-0.657269	-0.265079	0.705500
0.733606	-0.056984	0.677182	-0.139374	0.962680	0.231995	-0.665130	-0.264574	0.698286
0.729659	-0.058379	0.681315	-0.137639	0.963419	0.229956	-0.669816	-0.261565	0.694932
0.728109	-0.059180	0.682902	-0.136183	0.963917	0.228730	-0.671797	-0.259540	0.693778
0.726587	-0.060133	0.684438	-0.135282	0.964141	0.228320	-0.673625	-0.258486	0.692398
0.726213	-0.060309	0.684819	-0.134808	0.964312	0.227879	-0.674122	-0.257808	0.692166
0.727189	-0.060383	0.683776	-0.134596	0.964244	0.228292	-0.673112	-0.258045	0.693060
0.728434	-0.060465	0.682442	-0.134522	0.964085	0.229007	-0.671779	-0.258620	0.694139
0.730029	-0.060882	0.680699	-0.133937	0.963963	0.229861	-0.670163	-0.258976	0.695566
0.732027	-0.062243	0.678427	-0.132474	0.963805	0.231365	-0.668272	-0.259239	0.697286
0.734705	-0.064584	0.675305	-0.130337	0.963474	0.233945	-0.665748	-0.259897	0.699452
0.738677	-0.069043	0.670515	-0.127463	0.962486	0.239527	-0.661899	-0.262399	0.702166
