0.981676	-0.155966	0.109484	0.123264	0.957890	0.259332	-0.145321	-0.241085	0.959562
0.981719	-0.155664	0.109528	0.123000	0.957996	0.259065	-0.145254	-0.240857	0.959630
0.981740	-0.155261	0.109913	0.122537	0.958100	0.258900	-0.145504	-0.240704	0.959630
0.981765	-0.154585	0.110637	0.121733	0.958261	0.258683	-0.146007	-0.240497	0.959606
0.981817	-0.153673	0.111445	0.120686	0.958466	0.258416	-0.146527	-0.240267	0.959584
0.981883	-0.152774	0.112098	0.119678	0.958645	0.258218	-0.146911	-0.240124	0.959561
0.981894	-0.152371	0.112546	0.119176	0.958709	0.258214	-0.147243	-0.240126	0.959510
0.981844	-0.152542	0.112753	0.119301	0.958707	0.258162	-0.147477	-0.240024	0.959499
0.981766	-0.152741	0.113159	0.119408	0.958715	0.258082	-0.147907	-0.239864	0.959473
0.981708	-0.152615	0.113838	0.119113	0.958741	0.258124	-0.148534	-0.239843	0.959381
0.981828	-0.152102	0.113486	0.118681	0.958765	0.258235	-0.148084	-0.240074	0.959393
0.981885	-0.151657	0.113585	0.118235	0.958842	0.258152	-0.148061	-0.240046	0.959404
0.981907	-0.151445	0.113677	0.118092	0.959011	0.257587	-0.148028	-0.239502	0.959545
0.981985	-0.151193	0.113344	0.117945	0.959060	0.257475	-0.147632	-0.239468	0.959614
0.982074	-0.151034	0.112779	0.117877	0.958980	0.257803	-0.147090	-0.239888	0.959593
0.982137	-0.151046	0.112217	0.117952	0.958841	0.258286	-0.146611	-0.240436	0.959529
0.982161	-0.151306	0.111653	0.118271	0.958673	0.258763	-0.146191	-0.240941	0.959466
0.982120	-0.151649	0.111548	0.118516	0.958438	0.259521	-0.146268	-0.241661	0.959274
0.982033	-0.151907	0.111963	0.118505	0.958155	0.260569	-0.146860	-0.242619	0.958941
0.981918	-0.152306	0.112430	0.118716	0.958016	0.260983	-0.147459	-0.242917	0.958774
0.981842	-0.152769	0.112463	0.119023	0.957737	0.261865	-0.147715	-0.243725	0.958529
0.981754	-0.153336	0.112455	0.119452	0.957460	0.262683	-0.147950	-0.244457	0.958306
0.981698	-0.153810	0.112302	0.119818	0.957174	0.263554	-0.148029	-0.245274	0.958085
0.981661	-0.154077	0.112258	0.119922	0.956864	0.264633	-0.148189	-0.246318	0.957793
0.981674	-0.154092	0.112120	0.119842	0.956640	0.265476	-0.148166	-0.247174	0.957576
