0.975972	-0.111474	0.187221	0.037106	0.931704	0.361319	-0.214712	-0.345690	0.913453
0.975452	-0.109241	0.191204	0.033433	0.931681	0.361736	-0.217658	-0.346464	0.912463
0.974764	-0.107140	0.195850	0.029870	0.932012	0.361195	-0.221233	-0.346230	0.911691
0.974175	-0.105068	0.199859	0.026651	0.932455	0.360301	-0.224216	-0.345670	0.911175
0.973597	-0.103457	0.203484	0.023791	0.932535	0.360295	-0.227031	-0.345941	0.910374
0.973085	-0.102473	0.206410	0.021686	0.932438	0.360680	-0.229424	-0.346496	0.909563
0.972555	-0.102322	0.208967	0.020397	0.932149	0.361500	-0.231778	-0.347316	0.908653
0.972118	-0.102460	0.210923	0.019739	0.932052	0.361786	-0.233660	-0.347535	0.908087
0.971807	-0.102699	0.212238	0.019483	0.932053	0.361798	-0.234973	-0.347463	0.907776
0.971760	-0.102339	0.212624	0.019204	0.932371	0.360992	-0.235188	-0.346714	0.908007
0.971815	-0.101703	0.212679	0.018902	0.932866	0.359728	-0.234986	-0.345569	0.908495
0.971892	-0.100918	0.212700	0.018483	0.933384	0.358403	-0.234701	-0.344398	0.909014
0.972148	-0.100196	0.211872	0.018292	0.933689	0.357617	-0.233655	-0.343781	0.909516
0.972359	-0.099902	0.211038	0.018254	0.933603	0.357844	-0.232775	-0.344100	0.909621
0.972381	-0.100282	0.210757	0.018655	0.933495	0.358104	-0.232652	-0.344281	0.909584
0.972481	-0.100734	0.210080	0.019200	0.933281	0.358634	-0.232190	-0.344731	0.909532
0.972636	-0.100680	0.209384	0.019361	0.933217	0.358790	-0.231524	-0.344918	0.909631
0.972760	-0.099959	0.209156	0.018968	0.933551	0.357941	-0.231037	-0.344224	0.910017
0.972940	-0.098733	0.208901	0.018336	0.934248	0.356153	-0.230330	-0.342685	0.910777
0.973124	-0.097500	0.208621	0.017581	0.934756	0.354855	-0.229609	-0.341650	0.911348
0.973342	-0.096536	0.208055	0.016859	0.934770	0.354852	-0.228740	-0.341885	0.911478
0.973349	-0.096094	0.208226	0.016150	0.934444	0.355745	-0.228760	-0.342901	0.911092
0.973241	-0.095576	0.208969	0.015156	0.934117	0.356646	-0.229288	-0.343935	0.910569
0.973076	-0.094769	0.210100	0.013843	0.933942	0.357155	-0.230068	-0.344631	0.910109
0.972889	-0.092039	0.212170	0.010048	0.933354	0.358816	-0.231055	-0.346956	0.908975
