0.903771	0.028877	0.427042	-0.137154	0.964649	0.225034	-0.405447	-0.261950	0.875782
0.906264	0.024737	0.421988	-0.133568	0.963898	0.230347	-0.401055	-0.265119	0.876850
0.908944	0.020700	0.416405	-0.130117	0.962965	0.236152	-0.396095	-0.268830	0.877974
0.911331	0.016052	0.411361	-0.125888	0.962239	0.241346	-0.391954	-0.271732	0.878939
0.913440	0.011203	0.406819	-0.120599	0.962174	0.244287	-0.388695	-0.272204	0.880240
0.915278	0.006490	0.402772	-0.114462	0.962845	0.244596	-0.386219	-0.269975	0.882014
0.917264	0.002743	0.398271	-0.108725	0.963720	0.243768	-0.383153	-0.266901	0.884284
0.919117	0.000175	0.393984	-0.104152	0.964533	0.242546	-0.379968	-0.263962	0.886537
0.921302	-0.001713	0.388844	-0.100256	0.965135	0.241793	-0.375701	-0.261748	0.889009
0.923549	-0.004324	0.383457	-0.096380	0.965223	0.243013	-0.371172	-0.261392	0.891014
0.925706	-0.008453	0.378150	-0.091129	0.965316	0.244663	-0.367103	-0.260946	0.892828
0.927199	-0.014017	0.374307	-0.085238	0.965185	0.247289	-0.364742	-0.261191	0.893724
0.929398	-0.018565	0.368612	-0.079504	0.965217	0.249070	-0.360415	-0.260791	0.895594
0.930967	-0.022567	0.364404	-0.074923	0.965038	0.251174	-0.357332	-0.261137	0.896728
0.932797	-0.025176	0.359521	-0.071550	0.964765	0.253199	-0.353228	-0.261907	0.898128
0.934188	-0.026949	0.355761	-0.069387	0.964381	0.255253	-0.349968	-0.263140	0.899044
0.935405	-0.028486	0.352428	-0.067379	0.964122	0.256765	-0.347098	-0.263926	0.899926
0.936030	-0.029693	0.350665	-0.066499	0.963559	0.259097	-0.345580	-0.265841	0.899946
0.936303	-0.030321	0.349882	-0.066841	0.962671	0.262293	-0.344774	-0.268972	0.899324
0.936106	-0.031402	0.350313	-0.067142	0.961736	0.265625	-0.345250	-0.272174	0.898178
0.936394	-0.033044	0.349391	-0.066313	0.960964	0.268608	-0.344629	-0.274692	0.897650
0.936673	-0.034335	0.348519	-0.066016	0.960030	0.272001	-0.343928	-0.277784	0.896967
0.937289	-0.035356	0.346754	-0.065894	0.958929	0.275887	-0.342267	-0.281435	0.896464
0.937750	-0.036190	0.345420	-0.066680	0.957295	0.281318	-0.340849	-0.286839	0.895291
0.938185	-0.037521	0.344095	-0.067393	0.955281	0.287917	-0.339510	-0.293309	0.893702
