0.979760	0.057223	0.191824	-0.107105	0.959421	0.260844	-0.169114	-0.276109	0.946131
0.979686	0.056716	0.192350	-0.106804	0.959387	0.261093	-0.169730	-0.276333	0.945956
0.979726	0.056380	0.192245	-0.106580	0.959206	0.261849	-0.169640	-0.277030	0.945768
0.979648	0.056385	0.192639	-0.106774	0.959068	0.262273	-0.169966	-0.277504	0.945570
0.979528	0.056574	0.193193	-0.107174	0.958938	0.262585	-0.170404	-0.277914	0.945371
0.979449	0.056500	0.193615	-0.107310	0.958793	0.263062	-0.170773	-0.278433	0.945152
0.979370	0.056448	0.194030	-0.107420	0.958717	0.263294	-0.171157	-0.278705	0.945002
0.979266	0.056277	0.194603	-0.107316	0.958884	0.262726	-0.171816	-0.278163	0.945042
0.979154	0.056364	0.195143	-0.107291	0.959283	0.261275	-0.172470	-0.276766	0.945333
0.979017	0.057063	0.195626	-0.107751	0.959772	0.259282	-0.172961	-0.274920	0.945782
0.978874	0.058150	0.196021	-0.108499	0.960320	0.256933	-0.173302	-0.272773	0.946341
0.978831	0.059063	0.195965	-0.108941	0.960907	0.254538	-0.173270	-0.270498	0.947000
0.978830	0.059806	0.195742	-0.109217	0.961439	0.252400	-0.173099	-0.268435	0.947618
0.978838	0.060266	0.195562	-0.109141	0.962132	0.249781	-0.173103	-0.265838	0.948349
0.978925	0.060756	0.194974	-0.109183	0.962523	0.248249	-0.172584	-0.264305	0.948872
0.978907	0.061074	0.194965	-0.109378	0.962664	0.247617	-0.172563	-0.263719	0.949039
0.979048	0.061448	0.194136	-0.109312	0.962965	0.246475	-0.171801	-0.262532	0.949506
0.979004	0.061405	0.194370	-0.109076	0.963353	0.245057	-0.172200	-0.261114	0.949825
0.979034	0.060926	0.194370	-0.108339	0.963809	0.243586	-0.172495	-0.259537	0.950203
0.979051	0.060438	0.194437	-0.107789	0.963992	0.243106	-0.172743	-0.258971	0.950312
0.979104	0.060173	0.194254	-0.107498	0.963998	0.243211	-0.172626	-0.259010	0.950323
0.979047	0.060121	0.194559	-0.107549	0.963965	0.243322	-0.172919	-0.259148	0.950232
0.978978	0.060082	0.194917	-0.107664	0.963872	0.243640	-0.173236	-0.259503	0.950077
0.978738	0.060067	0.196124	-0.108226	0.963461	0.245012	-0.174241	-0.261028	0.949476
0.978517	0.059757	0.197316	-0.108171	0.963566	0.244620	-0.175510	-0.260708	0.949330
