0.962652	-0.004610	0.270704	0.002172	0.999954	0.009304	-0.270734	-0.008369	0.962618
0.962650	-0.004769	0.270706	0.002050	0.999945	0.010327	-0.270741	-0.009387	0.962607
0.962629	-0.005130	0.270777	0.002366	0.999942	0.010534	-0.270815	-0.009500	0.962585
0.962573	-0.004697	0.270981	0.001846	0.999940	0.010778	-0.271015	-0.009875	0.962524
0.962622	-0.003141	0.270829	-0.000031	0.999931	0.011707	-0.270847	-0.011278	0.962556
0.962571	-0.002419	0.271020	-0.000796	0.999931	0.011753	-0.271030	-0.011529	0.962502
0.962514	-0.002283	0.271223	-0.000736	0.999939	0.011029	-0.271232	-0.010815	0.962453
0.962568	-0.002179	0.271032	-0.000512	0.999951	0.009858	-0.271040	-0.009627	0.962520
0.962508	-0.002592	0.271240	0.000161	0.999960	0.008985	-0.271252	-0.008604	0.962470
0.962414	-0.003396	0.271564	0.001396	0.999970	0.007558	-0.271581	-0.006895	0.962391
0.962378	-0.003450	0.271692	0.001921	0.999981	0.005895	-0.271707	-0.005151	0.962366
0.962391	-0.002724	0.271653	0.001503	0.999988	0.004704	-0.271662	-0.004119	0.962384
0.962308	-0.002043	0.271953	0.000946	0.999991	0.004164	-0.271959	-0.003750	0.962302
0.962176	-0.001846	0.272422	0.000753	0.999991	0.004119	-0.272427	-0.003758	0.962169
0.961987	-0.002199	0.273086	0.001011	0.999989	0.004491	-0.273093	-0.004044	0.961979
0.961738	-0.002832	0.273957	0.001407	0.999984	0.005399	-0.273968	-0.004807	0.961727
0.961701	-0.002925	0.274084	0.001219	0.999979	0.006395	-0.274097	-0.005816	0.961685
0.961792	-0.002147	0.273772	0.000248	0.999976	0.006972	-0.273780	-0.006638	0.961769
0.961704	-0.001672	0.274083	-0.000439	0.999971	0.007643	-0.274088	-0.007471	0.961676
0.961791	-0.001699	0.273779	-0.000599	0.999965	0.008308	-0.273783	-0.008155	0.961757
0.961849	-0.001990	0.273573	-0.000395	0.999962	0.008663	-0.273580	-0.008441	0.961812
0.962036	-0.002042	0.272915	-0.000357	0.999962	0.008741	-0.272922	-0.008506	0.961999
0.962061	-0.001753	0.272828	-0.000615	0.999963	0.008595	-0.272833	-0.008437	0.962024
0.962225	-0.001326	0.272253	-0.000917	0.999967	0.008109	-0.272255	-0.008052	0.962191
0.962263	-0.001046	0.272119	-0.001040	0.999971	0.007521	-0.272119	-0.007521	0.962234
