0.975814	-0.002680	-0.218588	0.043031	0.982715	0.180051	0.214327	-0.185103	0.959062
0.975880	-0.002495	-0.218293	0.042802	0.982714	0.180115	0.214070	-0.185114	0.959118
0.975996	-0.002691	-0.217770	0.042953	0.982661	0.180365	0.213508	-0.185390	0.959190
0.976028	-0.002845	-0.217626	0.043172	0.982577	0.180774	0.213320	-0.185836	0.959145
0.976064	-0.003298	-0.217456	0.043496	0.982644	0.180329	0.213088	-0.185471	0.959268
0.975967	-0.003746	-0.217888	0.043801	0.982819	0.179297	0.213473	-0.184532	0.959363
0.975892	-0.003930	-0.218217	0.043946	0.982898	0.178831	0.213783	-0.184109	0.959375
0.975825	-0.003980	-0.218518	0.044033	0.982912	0.178732	0.214072	-0.184033	0.959325
0.975819	-0.003636	-0.218549	0.043765	0.982864	0.179061	0.214153	-0.184296	0.959257
0.975829	-0.003114	-0.218511	0.043233	0.982887	0.179063	0.214214	-0.184181	0.959265
0.975775	-0.002553	-0.218762	0.042677	0.982944	0.178886	0.214574	-0.183888	0.959241
0.975791	-0.002586	-0.218690	0.042797	0.982857	0.179336	0.214477	-0.184354	0.959173
0.975754	-0.002133	-0.218860	0.042473	0.982789	0.179782	0.214709	-0.184719	0.959051
0.975480	-0.000960	-0.220084	0.041532	0.982827	0.179796	0.216132	-0.184528	0.958768
0.975448	-0.001105	-0.220225	0.041678	0.982843	0.179673	0.216248	-0.184440	0.958759
0.975475	-0.000840	-0.220111	0.041387	0.982856	0.179668	0.216186	-0.184371	0.958786
0.975577	-0.000749	-0.219656	0.041217	0.982856	0.179707	0.215756	-0.184372	0.958883
0.975744	-0.001086	-0.218910	0.041414	0.982846	0.179720	0.214960	-0.184426	0.959051
0.975738	-0.001130	-0.218939	0.041492	0.982820	0.179844	0.214974	-0.184565	0.959021
0.975755	-0.001386	-0.218862	0.041734	0.982811	0.179838	0.214850	-0.184611	0.959040
0.975776	-0.001882	-0.218766	0.042180	0.982820	0.179685	0.214669	-0.184559	0.959091
0.975781	-0.002002	-0.218740	0.042325	0.982790	0.179812	0.214615	-0.184715	0.959073
0.975775	-0.002375	-0.218762	0.042718	0.982763	0.179869	0.214564	-0.184856	0.959057
