0.947016	-0.227557	-0.226667	0.287248	0.915792	0.280736	0.143696	-0.330971	0.932636
0.946641	-0.230520	-0.225238	0.289635	0.915015	0.280819	0.141361	-0.331072	0.932957
0.946321	-0.232458	-0.224589	0.291297	0.914462	0.280901	0.140081	-0.331245	0.933089
0.946163	-0.233468	-0.224206	0.292138	0.914203	0.280870	0.139396	-0.331248	0.933190
0.946029	-0.233933	-0.224288	0.292592	0.914107	0.280711	0.139356	-0.331185	0.933218
0.945945	-0.234715	-0.223824	0.293184	0.913925	0.280686	0.138677	-0.331135	0.933337
0.945866	-0.234732	-0.224141	0.293256	0.914011	0.280330	0.139065	-0.330885	0.933368
0.945728	-0.234745	-0.224707	0.293462	0.913946	0.280326	0.139565	-0.331055	0.933233
0.945519	-0.234880	-0.225445	0.293791	0.913954	0.279957	0.140290	-0.330938	0.933166
0.945335	-0.235987	-0.225061	0.294665	0.913803	0.279530	0.139696	-0.330567	0.933387
0.945800	-0.234638	-0.224517	0.293234	0.914142	0.279924	0.139559	-0.330588	0.933400
0.946155	-0.232784	-0.224950	0.291683	0.914449	0.280542	0.140400	-0.331051	0.933110
0.946308	-0.231116	-0.226025	0.290448	0.914823	0.280602	0.141922	-0.331185	0.932832
0.946363	-0.230321	-0.226602	0.289870	0.915022	0.280553	0.142729	-0.331190	0.932707
0.946457	-0.228507	-0.228042	0.288612	0.915417	0.280561	0.144643	-0.331355	0.932353
0.946676	-0.226411	-0.229220	0.287015	0.915870	0.280722	0.146377	-0.331543	0.932016
0.946962	-0.224559	-0.229860	0.285525	0.916178	0.281237	0.147438	-0.331951	0.931703
0.947206	-0.223752	-0.229643	0.284713	0.916344	0.281516	0.147442	-0.332036	0.931672
0.947304	-0.223445	-0.229537	0.284464	0.916257	0.282051	0.147292	-0.332483	0.931537
0.947436	-0.222433	-0.229976	0.283700	0.916371	0.282451	0.147917	-0.332849	0.931307
0.947401	-0.222241	-0.230305	0.283568	0.916528	0.282073	0.148393	-0.332543	0.931340
0.947091	-0.223561	-0.230303	0.284761	0.916319	0.281550	0.148088	-0.332234	0.931499
0.946724	-0.225557	-0.229863	0.286482	0.915898	0.281173	0.147111	-0.332045	0.931721
0.946445	-0.227035	-0.229557	0.287775	0.915551	0.280982	0.146378	-0.331995	0.931854
