0.978409	-0.016527	-0.206014	0.059959	0.976626	0.206414	0.197787	-0.214309	0.956531
0.978273	-0.014085	-0.206843	0.057912	0.976541	0.207400	0.199069	-0.214872	0.956139
0.978312	-0.012942	-0.206733	0.056867	0.976479	0.207978	0.199179	-0.215224	0.956037
0.978383	-0.012614	-0.206418	0.056494	0.976475	0.208099	0.198938	-0.215262	0.956079
0.978464	-0.012841	-0.206019	0.056596	0.976504	0.207934	0.198509	-0.215115	0.956201
0.978548	-0.013447	-0.205580	0.057128	0.976447	0.208056	0.197940	-0.215337	0.956269
0.978586	-0.014208	-0.205350	0.057851	0.976389	0.208131	0.197544	-0.215554	0.956302
0.978633	-0.015389	-0.205037	0.058909	0.976378	0.207886	0.196994	-0.215523	0.956422
0.978531	-0.015783	-0.205495	0.059319	0.976440	0.207473	0.197379	-0.215209	0.956413
0.978427	-0.016073	-0.205968	0.059667	0.976469	0.207240	0.197791	-0.215059	0.956362
0.978400	-0.016983	-0.206022	0.060545	0.976458	0.207037	0.197656	-0.215038	0.956395
0.978381	-0.017428	-0.206076	0.060966	0.976468	0.206866	0.197621	-0.214957	0.956420
0.978468	-0.017525	-0.205655	0.061009	0.976423	0.207064	0.197177	-0.215152	0.956468
0.978761	-0.019023	-0.204118	0.062193	0.976313	0.207229	0.195341	-0.215523	0.956761
0.978805	-0.019443	-0.203872	0.062603	0.976238	0.207463	0.194993	-0.215828	0.956763
0.978796	-0.019565	-0.203903	0.062792	0.976163	0.207755	0.194978	-0.216153	0.956693
0.978773	-0.019423	-0.204026	0.062658	0.976193	0.207656	0.195135	-0.216032	0.956688
0.978764	-0.018822	-0.204126	0.062148	0.976156	0.207985	0.195344	-0.216254	0.956595
0.978692	-0.018893	-0.204461	0.062237	0.976210	0.207703	0.195672	-0.216003	0.956585
0.978692	-0.019958	-0.204361	0.063203	0.976225	0.207342	0.195364	-0.215840	0.956685
0.978690	-0.021204	-0.204244	0.064343	0.976229	0.206970	0.195000	-0.215702	0.956790
0.978925	-0.023949	-0.202809	0.066639	0.976200	0.206379	0.193040	-0.215545	0.957223
0.979218	-0.026663	-0.201049	0.068800	0.976208	0.205630	0.190783	-0.215189	0.957755
0.979391	-0.027013	-0.200159	0.069063	0.976069	0.206202	0.189798	-0.215776	0.957819
