0.951201	-0.246780	-0.185246	0.291892	0.914305	0.280793	0.100078	-0.321163	0.941721
0.951067	-0.247255	-0.185302	0.292375	0.914129	0.280866	0.099945	-0.321300	0.941689
0.951020	-0.247340	-0.185431	0.292522	0.914016	0.281080	0.099965	-0.321555	0.941599
0.951043	-0.247194	-0.185508	0.292396	0.914086	0.280984	0.100113	-0.321469	0.941613
0.950938	-0.247339	-0.185849	0.292613	0.914117	0.280655	0.100471	-0.321267	0.941644
0.950882	-0.247538	-0.185870	0.292790	0.914121	0.280458	0.100484	-0.321104	0.941698
0.950895	-0.247460	-0.185907	0.292726	0.914143	0.280454	0.100544	-0.321103	0.941692
0.950916	-0.247359	-0.185937	0.292658	0.914111	0.280627	0.100552	-0.321269	0.941635
0.950727	-0.247711	-0.186435	0.293159	0.913952	0.280623	0.100880	-0.321451	0.941537
0.950772	-0.248006	-0.185812	0.293254	0.913873	0.280781	0.100173	-0.321449	0.941614
0.950834	-0.248822	-0.184399	0.293571	0.913785	0.280736	0.098648	-0.321067	0.941905
0.950949	-0.248217	-0.184619	0.293024	0.914071	0.280377	0.099161	-0.320723	0.941968
0.951150	-0.247072	-0.185122	0.292119	0.914269	0.280675	0.099905	-0.321041	0.941781
0.951564	-0.244046	-0.186998	0.289724	0.915317	0.279740	0.102893	-0.320368	0.941689
0.952042	-0.240893	-0.188647	0.287245	0.916056	0.279879	0.105390	-0.320644	0.941318
0.952480	-0.238182	-0.189873	0.285089	0.916594	0.280320	0.107270	-0.321130	0.940940
0.952760	-0.236448	-0.190633	0.283732	0.916851	0.280856	0.108374	-0.321677	0.940627
0.952991	-0.235342	-0.190848	0.282762	0.917088	0.281062	0.108879	-0.321814	0.940522
0.953099	-0.234990	-0.190742	0.282375	0.917241	0.280951	0.108935	-0.321635	0.940576
0.953161	-0.234700	-0.190787	0.282107	0.917333	0.280920	0.109083	-0.321585	0.940576
