0.956241	-0.220873	-0.191879	0.268530	0.922929	0.275851	0.116163	-0.315306	0.941854
0.956048	-0.221924	-0.191629	0.269494	0.922576	0.276090	0.115521	-0.315599	0.941835
0.956062	-0.222281	-0.191146	0.269710	0.922443	0.276325	0.114900	-0.315738	0.941864
0.956030	-0.223012	-0.190456	0.270151	0.922417	0.275983	0.114132	-0.315299	0.942104
0.955482	-0.227163	-0.188283	0.273347	0.921746	0.275075	0.111062	-0.314295	0.942806
0.954993	-0.230505	-0.186696	0.276050	0.920968	0.274980	0.108556	-0.314142	0.943149
0.954881	-0.230674	-0.187058	0.276361	0.920794	0.275252	0.108748	-0.314529	0.942998
0.954847	-0.230464	-0.187492	0.276245	0.920963	0.274801	0.109341	-0.314186	0.943044
0.954885	-0.229771	-0.188150	0.275743	0.921229	0.274413	0.110277	-0.313914	0.943025
0.955261	-0.227320	-0.189214	0.273734	0.921791	0.274538	0.112008	-0.314050	0.942776
0.955446	-0.226036	-0.189817	0.272703	0.922063	0.274650	0.112943	-0.314177	0.942622
0.955990	-0.220946	-0.193045	0.268910	0.922983	0.275301	0.117351	-0.315096	0.941777
0.956416	-0.217834	-0.194463	0.266456	0.923475	0.276035	0.119452	-0.315820	0.941270
0.956687	-0.216135	-0.195026	0.265073	0.923695	0.276628	0.120355	-0.316343	0.940979
0.956660	-0.215928	-0.195387	0.264914	0.923921	0.276027	0.120920	-0.315825	0.941081
0.956601	-0.216059	-0.195530	0.265069	0.923917	0.275889	0.121045	-0.315745	0.941091
0.956645	-0.215925	-0.195465	0.264956	0.923864	0.276178	0.120950	-0.315994	0.941020
0.956782	-0.215334	-0.195445	0.264403	0.923966	0.276364	0.121074	-0.316097	0.940970
0.956915	-0.214904	-0.195270	0.263936	0.924087	0.276408	0.121045	-0.316038	0.940993
0.956955	-0.215024	-0.194938	0.263933	0.924115	0.276318	0.120730	-0.315874	0.941088
0.956950	-0.214920	-0.195082	0.263880	0.924126	0.276330	0.120891	-0.315912	0.941055
0.957036	-0.214851	-0.194734	0.263703	0.924172	0.276347	0.120594	-0.315826	0.941122
