0.975518	0.019583	-0.219044	0.018305	0.985341	0.169611	0.219155	-0.169468	0.960860
0.975428	0.020202	-0.219389	0.017809	0.985299	0.169911	0.219596	-0.169643	0.960728
0.975424	0.020247	-0.219406	0.017777	0.985291	0.169956	0.219620	-0.169679	0.960716
0.975347	0.020433	-0.219727	0.017658	0.985285	0.170007	0.219968	-0.169696	0.960634
0.975323	0.020600	-0.219818	0.017526	0.985272	0.170094	0.220084	-0.169749	0.960598
0.975409	0.020085	-0.219484	0.017959	0.985285	0.169976	0.219668	-0.169738	0.960695
0.975823	0.017721	-0.217842	0.019873	0.985385	0.169179	0.217656	-0.169418	0.961209
0.975944	0.017024	-0.217357	0.020476	0.985383	0.169117	0.217059	-0.169499	0.961330
0.976091	0.016204	-0.216757	0.021265	0.985315	0.169418	0.216319	-0.169976	0.961413
0.976200	0.015536	-0.216313	0.021964	0.985220	0.169882	0.215755	-0.170590	0.961431
0.976208	0.015149	-0.216307	0.022308	0.985247	0.169678	0.215686	-0.170467	0.961468
0.976264	0.014383	-0.216104	0.022950	0.985305	0.169258	0.215363	-0.170200	0.961588
0.976401	0.013803	-0.215525	0.023404	0.985316	0.169131	0.214695	-0.170184	0.961740
0.976498	0.013807	-0.215081	0.023346	0.985297	0.169246	0.214256	-0.170290	0.961819
0.976524	0.014059	-0.214951	0.023009	0.985352	0.168975	0.214178	-0.169953	0.961896
0.976536	0.014564	-0.214862	0.022514	0.985340	0.169113	0.214175	-0.169982	0.961891
0.976482	0.014927	-0.215081	0.022214	0.985325	0.169237	0.214451	-0.170034	0.961821
0.976428	0.015320	-0.215297	0.021835	0.985350	0.169142	0.214735	-0.169856	0.961789
0.975972	0.017110	-0.217222	0.020361	0.985389	0.169100	0.216941	-0.169460	0.961364
0.975931	0.017337	-0.217391	0.020290	0.985293	0.169664	0.217135	-0.169991	0.961226
