0.978287	-0.030306	-0.205025	0.075192	0.973748	0.214850	0.193132	-0.225602	0.954884
0.978421	-0.030562	-0.204349	0.075231	0.973809	0.214563	0.192439	-0.225306	0.955094
0.978614	-0.031079	-0.203344	0.075495	0.973804	0.214491	0.191351	-0.225255	0.955324
0.978885	-0.033867	-0.201585	0.077760	0.973732	0.214007	0.189042	-0.225164	0.955806
0.979089	-0.035980	-0.200223	0.079546	0.973584	0.214024	0.187233	-0.225475	0.956088
0.979194	-0.037509	-0.199428	0.080887	0.973465	0.214064	0.186107	-0.225742	0.956245
0.979177	-0.038924	-0.199241	0.082161	0.973458	0.213609	0.185638	-0.225531	0.956386
0.979093	-0.039806	-0.199479	0.083014	0.973476	0.213199	0.185702	-0.225301	0.956428
0.979035	-0.039836	-0.199758	0.083108	0.973470	0.213189	0.185966	-0.225321	0.956372
0.979052	-0.039514	-0.199738	0.082873	0.973388	0.213652	0.185980	-0.225729	0.956273
0.979114	-0.039323	-0.199475	0.082684	0.973333	0.213976	0.185742	-0.226000	0.956255
0.979140	-0.039272	-0.199353	0.082644	0.973293	0.214176	0.185618	-0.226184	0.956236
0.979052	-0.039011	-0.199838	0.082552	0.973239	0.214455	0.186124	-0.226459	0.956072
0.979060	-0.038229	-0.199948	0.081867	0.973222	0.214794	0.186382	-0.226665	0.955973
0.978938	-0.035742	-0.201005	0.079674	0.973371	0.214945	0.187970	-0.226433	0.955717
0.978722	-0.033712	-0.202403	0.077917	0.973587	0.214611	0.189822	-0.225815	0.955497
0.978602	-0.032939	-0.203106	0.077308	0.973642	0.214580	0.190685	-0.225690	0.955355
0.978357	-0.030191	-0.204710	0.075070	0.973685	0.215177	0.192827	-0.225888	0.954878
0.978026	-0.026345	-0.206813	0.071731	0.973942	0.215153	0.195756	-0.225260	0.954430
0.977915	-0.023761	-0.207648	0.069252	0.974230	0.214661	0.197196	-0.224300	0.954360
0.977981	-0.023035	-0.207417	0.068413	0.974356	0.214361	0.197160	-0.223831	0.954478
0.977981	-0.022913	-0.207434	0.068269	0.974393	0.214236	0.197213	-0.223680	0.954502
0.977973	-0.023364	-0.207419	0.068727	0.974348	0.214294	0.197092	-0.223829	0.954492
0.978063	-0.023915	-0.206934	0.069182	0.974296	0.214386	0.196488	-0.223999	0.954577
