0.978421	-0.032296	-0.204079	0.077483	0.972980	0.217501	0.191541	-0.228620	0.954487
0.978500	-0.031911	-0.203761	0.077076	0.972954	0.217760	0.191301	-0.228783	0.954496
0.978597	-0.032555	-0.203195	0.077550	0.972952	0.217601	0.190615	-0.228701	0.954653
0.978580	-0.032729	-0.203249	0.077688	0.972995	0.217361	0.190646	-0.228495	0.954696
0.978505	-0.031898	-0.203743	0.077078	0.972934	0.217851	0.191280	-0.228872	0.954479
0.978526	-0.031485	-0.203703	0.076734	0.972875	0.218236	0.191307	-0.229180	0.954399
0.978566	-0.031087	-0.203576	0.076300	0.972917	0.218199	0.191279	-0.229055	0.954435
0.978561	-0.030583	-0.203672	0.075773	0.973013	0.217955	0.191510	-0.228715	0.954470
0.978596	-0.030753	-0.203482	0.075814	0.973102	0.217542	0.191319	-0.228312	0.954605
0.978643	-0.031052	-0.203208	0.076035	0.973098	0.217484	0.190988	-0.228290	0.954677
0.978673	-0.031337	-0.203021	0.076346	0.972992	0.217847	0.190711	-0.228701	0.954634
0.978701	-0.032282	-0.202738	0.077198	0.972948	0.217746	0.190224	-0.228759	0.954717
0.978680	-0.033444	-0.202652	0.078355	0.972830	0.217856	0.189860	-0.229090	0.954710
0.978738	-0.034267	-0.202231	0.079137	0.972694	0.218182	0.189232	-0.229547	0.954725
0.978850	-0.034906	-0.201581	0.079648	0.972616	0.218344	0.188439	-0.229782	0.954825
0.978960	-0.035648	-0.200914	0.080223	0.972572	0.218328	0.187621	-0.229852	0.954969
0.979208	-0.037321	-0.199394	0.081494	0.972498	0.218188	0.185768	-0.229901	0.955320
0.979311	-0.038561	-0.198651	0.082516	0.972449	0.218022	0.184771	-0.229903	0.955513
0.979431	-0.039290	-0.197916	0.083048	0.972424	0.217933	0.183896	-0.229887	0.955685
0.979461	-0.039266	-0.197775	0.082961	0.972464	0.217786	0.183778	-0.229721	0.955748
0.979343	-0.038664	-0.198474	0.082446	0.972606	0.217349	0.184633	-0.229223	0.955703
0.979108	-0.036843	-0.199973	0.081033	0.972680	0.217547	0.186495	-0.229206	0.955345
0.978975	-0.035635	-0.200844	0.080180	0.972592	0.218255	0.187562	-0.229769	0.955001
