0.993259	0.098299	-0.061425	-0.097622	0.423699	-0.900527	-0.062495	0.900454	0.430439
0.992918	0.099210	-0.065356	-0.101150	0.417437	-0.903059	-0.062310	0.903274	0.424516
0.992764	0.097045	-0.070719	-0.104762	0.412169	-0.905064	-0.058683	0.905924	0.419354
0.992547	0.093520	-0.078129	-0.109762	0.407555	-0.906560	-0.052940	0.908379	0.414782
0.990544	0.097080	-0.096946	-0.128576	0.410321	-0.902831	-0.047868	0.906759	0.418923
0.987342	0.106248	-0.117763	-0.151527	0.412481	-0.898276	-0.046865	0.904749	0.423359
0.984478	0.114877	-0.132686	-0.168780	0.412410	-0.895227	-0.048120	0.903726	0.425398
0.982626	0.117960	-0.143292	-0.179637	0.410338	-0.894066	-0.046666	0.904272	0.424398
0.980732	0.118806	-0.155081	-0.190513	0.405914	-0.893834	-0.043243	0.906156	0.420727
0.978255	0.121155	-0.168343	-0.203336	0.400178	-0.893595	-0.040896	0.908394	0.416111
0.975476	0.123331	-0.182306	-0.216655	0.391941	-0.894116	-0.038819	0.911686	0.409049
0.971767	0.123670	-0.200933	-0.233361	0.378181	-0.895836	-0.034800	0.917434	0.396363
0.966512	0.122291	-0.225610	-0.254942	0.357113	-0.898596	-0.029322	0.926021	0.376331
0.958546	0.121757	-0.257613	-0.283915	0.331645	-0.899669	-0.024105	0.935514	0.352466
0.950838	0.117724	-0.286441	-0.309087	0.303098	-0.901441	-0.019301	0.945660	0.324584
0.944930	0.109283	-0.308487	-0.327161	0.290804	-0.899110	-0.008548	0.950521	0.310542
0.942698	0.097223	-0.319167	-0.333627	0.285069	-0.898570	0.003623	0.953563	0.301170
0.940583	0.086605	-0.328335	-0.339285	0.278935	-0.898377	0.013780	0.956397	0.291745
0.937562	0.079615	-0.338585	-0.347227	0.271025	-0.897763	0.020289	0.959274	0.281747
0.935080	0.075402	-0.346325	-0.353619	0.264846	-0.897112	0.024078	0.961338	0.274315
0.932456	0.071890	-0.354059	-0.360082	0.264789	-0.894554	0.029441	0.961623	0.272791
0.930039	0.066711	-0.361354	-0.365752	0.262777	-0.892846	0.035393	0.962548	0.268792
0.927600	0.064073	-0.368040	-0.371644	0.258340	-0.891707	0.037945	0.963927	0.263449
0.925495	0.063069	-0.373471	-0.376823	0.252904	-0.891092	0.038252	0.965434	0.257827
0.924563	0.061563	-0.376022	-0.378984	0.250678	-0.890804	0.039420	0.966111	0.255099
