0.968795	-0.181951	-0.168314	-0.030773	0.585515	-0.810077	0.245945	0.789978	0.561645
0.968955	-0.181760	-0.167601	-0.030271	0.585576	-0.810052	0.245378	0.789977	0.561894
0.969006	-0.181935	-0.167112	-0.029737	0.585646	-0.810021	0.245240	0.789885	0.562085
0.969118	-0.181935	-0.166460	-0.029185	0.585668	-0.810026	0.244862	0.789869	0.562272
0.969037	-0.182174	-0.166672	-0.029386	0.585129	-0.810407	0.245160	0.790213	0.561659
0.969017	-0.181844	-0.167148	-0.030185	0.584471	-0.810853	0.245142	0.790776	0.560874
0.969089	-0.181609	-0.166989	-0.030231	0.584346	-0.810942	0.244853	0.790923	0.560793
0.969175	-0.181580	-0.166521	-0.029884	0.584256	-0.811019	0.244556	0.790995	0.560820
0.969219	-0.181534	-0.166313	-0.029882	0.583786	-0.811358	0.244380	0.791353	0.560392
0.969330	-0.181460	-0.165748	-0.029531	0.583531	-0.811553	0.243984	0.791557	0.560276
0.969493	-0.181047	-0.165243	-0.029385	0.583429	-0.811632	0.243352	0.791727	0.560310
0.969577	-0.180921	-0.164888	-0.029165	0.583421	-0.811646	0.243043	0.791762	0.560395
0.969606	-0.180927	-0.164712	-0.028958	0.583602	-0.811523	0.242953	0.791627	0.560625
0.969557	-0.181102	-0.164805	-0.028801	0.584030	-0.811221	0.243165	0.791272	0.561034
0.969480	-0.181271	-0.165075	-0.028851	0.584275	-0.811042	0.243467	0.791052	0.561213
0.969493	-0.181355	-0.164904	-0.028512	0.584750	-0.810712	0.243455	0.790681	0.561741
0.969509	-0.181431	-0.164728	-0.028207	0.585116	-0.810459	0.243428	0.790393	0.562158
0.969476	-0.181719	-0.164607	-0.027855	0.585373	-0.810285	0.243601	0.790137	0.562443
0.969498	-0.181960	-0.164207	-0.027327	0.585538	-0.810184	0.243570	0.789959	0.562706
0.969563	-0.181959	-0.163824	-0.027051	0.585396	-0.810296	0.243342	0.790065	0.562656
0.969419	-0.182092	-0.164526	-0.027689	0.584972	-0.810580	0.243844	0.790348	0.562041
0.969383	-0.181755	-0.165109	-0.028520	0.584512	-0.810884	0.243890	0.790766	0.561432
0.969458	-0.181307	-0.165166	-0.028889	0.584332	-0.811001	0.243552	0.791002	0.561247
0.969464	-0.181349	-0.165081	-0.028720	0.584569	-0.810835	0.243545	0.790817	0.561511
