0.970867	-0.184289	-0.153152	-0.023388	0.563211	-0.825982	0.238477	0.805500	0.542493
0.970856	-0.184446	-0.153032	-0.023198	0.563206	-0.825991	0.238539	0.805468	0.542513
0.970897	-0.184476	-0.152737	-0.022956	0.563118	-0.826058	0.238396	0.805523	0.542494
0.970883	-0.184473	-0.152824	-0.023059	0.563025	-0.826118	0.238440	0.805588	0.542378
0.970613	-0.184405	-0.154615	-0.024655	0.562918	-0.826145	0.239381	0.805679	0.541829
0.970422	-0.184723	-0.155433	-0.025081	0.563214	-0.825930	0.240110	0.805399	0.541922
0.970375	-0.185167	-0.155193	-0.024545	0.563471	-0.825771	0.240353	0.805117	0.542233
0.970375	-0.185696	-0.154560	-0.023635	0.563700	-0.825642	0.240444	0.804835	0.542611
0.970383	-0.185909	-0.154255	-0.023209	0.563846	-0.825554	0.240454	0.804683	0.542832
0.970427	-0.185654	-0.154286	-0.023421	0.563716	-0.825636	0.240256	0.804833	0.542697
0.970514	-0.185218	-0.154266	-0.023647	0.563737	-0.825616	0.239884	0.804919	0.542735
0.970621	-0.185093	-0.153736	-0.023216	0.563914	-0.825507	0.239489	0.804824	0.543050
0.970699	-0.185046	-0.153304	-0.022761	0.564298	-0.825258	0.239220	0.804566	0.543551
0.970673	-0.185156	-0.153337	-0.022538	0.564929	-0.824831	0.239347	0.804097	0.544189
0.970605	-0.185405	-0.153463	-0.022229	0.565846	-0.824211	0.239649	0.803395	0.545092
0.970542	-0.186069	-0.153057	-0.021202	0.566850	-0.823548	0.239997	0.802533	0.546207
0.970526	-0.186563	-0.152559	-0.020290	0.567530	-0.823103	0.240143	0.801938	0.547017
0.970448	-0.186810	-0.152749	-0.020149	0.568059	-0.822741	0.240467	0.801505	0.547508
0.970165	-0.187305	-0.153936	-0.020699	0.568621	-0.822339	0.241560	0.800991	0.547779
0.970092	-0.186904	-0.154884	-0.021597	0.569080	-0.821998	0.241777	0.800759	0.548023
0.970031	-0.186433	-0.155828	-0.022588	0.569350	-0.821785	0.241928	0.800677	0.548077
0.969918	-0.186978	-0.155880	-0.022133	0.569957	-0.821376	0.242424	0.800118	0.548673
0.969990	-0.187216	-0.155144	-0.021154	0.570670	-0.820907	0.242223	0.799553	0.549584
0.970125	-0.187004	-0.154553	-0.020645	0.571111	-0.820613	0.241725	0.799288	0.550189
0.970159	-0.187022	-0.154319	-0.020232	0.571787	-0.820153	0.241624	0.798801	0.550940
0.970393	-0.186740	-0.153184	-0.019262	0.572369	-0.819770	0.240761	0.798450	0.551826
