0.967115	-0.156731	-0.200310	-0.036840	0.692940	-0.720054	0.251657	0.703754	0.664379
0.967569	-0.155353	-0.199189	-0.038422	0.688847	-0.723888	0.249668	0.708064	0.660538
0.968291	-0.153002	-0.197493	-0.040866	0.682869	-0.729397	0.246461	0.714339	0.654963
0.968934	-0.151340	-0.195608	-0.042555	0.677100	-0.734660	0.243629	0.720161	0.649625
0.969197	-0.150947	-0.194610	-0.044088	0.671074	-0.740078	0.242310	0.725861	0.643748
0.969672	-0.150431	-0.192630	-0.044610	0.665973	-0.744641	0.240303	0.730651	0.639065
0.970401	-0.149314	-0.189808	-0.044454	0.662086	-0.748108	0.237372	0.734403	0.635851
0.970954	-0.148957	-0.187246	-0.043683	0.659070	-0.750812	0.235247	0.737183	0.633419
0.971397	-0.149030	-0.184872	-0.042291	0.657517	-0.752252	0.233665	0.738553	0.632408
0.971732	-0.149240	-0.182933	-0.041006	0.656383	-0.753313	0.232499	0.739520	0.631708
0.972018	-0.149533	-0.181167	-0.039787	0.655285	-0.754333	0.231514	0.740433	0.630999
0.972356	-0.150067	-0.178894	-0.037803	0.654857	-0.754807	0.230422	0.740703	0.631082
0.972770	-0.150981	-0.175848	-0.035169	0.653772	-0.755874	0.229087	0.741476	0.630660
0.972946	-0.152798	-0.173287	-0.032598	0.651759	-0.757725	0.228720	0.742875	0.629146
0.972889	-0.154924	-0.171714	-0.030655	0.649539	-0.759710	0.229232	0.744377	0.627181
0.972611	-0.157530	-0.170915	-0.028846	0.647827	-0.761241	0.230642	0.745322	0.625539
0.972049	-0.160807	-0.171063	-0.027305	0.646237	-0.762648	0.233186	0.746002	0.623783
0.971595	-0.163519	-0.171067	-0.025993	0.644762	-0.763942	0.235217	0.746689	0.622197
0.971023	-0.165889	-0.172034	-0.025755	0.643015	-0.765420	0.237595	0.747671	0.620110
0.970343	-0.168491	-0.173334	-0.025712	0.641045	-0.767072	0.240360	0.748780	0.617702
0.969543	-0.171504	-0.174850	-0.025594	0.639048	-0.768741	0.243580	0.749802	0.615195
0.968760	-0.174039	-0.176676	-0.026258	0.636417	-0.770898	0.246606	0.751454	0.611966
0.967641	-0.176928	-0.179910	-0.028059	0.633123	-0.773543	0.250767	0.753560	0.607671
0.966776	-0.177487	-0.183962	-0.031881	0.630318	-0.775682	0.253628	0.755776	0.603718
0.966191	-0.175851	-0.188550	-0.037384	0.628024	-0.777296	0.255102	0.758065	0.600217
