0.862060	0.317868	-0.394731	-0.445475	0.103851	-0.889251	-0.241672	0.942430	0.231128
0.861956	0.317061	-0.395607	-0.446296	0.104329	-0.888783	-0.240525	0.942649	0.231431
0.862187	0.315948	-0.395992	-0.446365	0.104146	-0.888770	-0.239563	0.943043	0.230822
0.862336	0.314688	-0.396670	-0.446520	0.103249	-0.888796	-0.238738	0.943563	0.229550
0.862223	0.312888	-0.398338	-0.447353	0.101517	-0.888578	-0.237587	0.944349	0.227501
0.861258	0.311668	-0.401370	-0.449356	0.098252	-0.887933	-0.237305	0.945098	0.224670
0.860616	0.310288	-0.403810	-0.450714	0.094973	-0.887602	-0.237061	0.945887	0.221586
0.860663	0.308575	-0.405020	-0.450825	0.092073	-0.887851	-0.236677	0.946733	0.218357
0.861293	0.306635	-0.405153	-0.450074	0.090351	-0.888408	-0.235812	0.947529	0.215827
0.861985	0.305419	-0.404599	-0.449108	0.089905	-0.888943	-0.235124	0.947964	0.214663
0.862605	0.304604	-0.403892	-0.448012	0.089194	-0.889567	-0.234941	0.948294	0.213406
0.862723	0.303914	-0.404160	-0.447917	0.088338	-0.889700	-0.234689	0.948595	0.212339
0.862590	0.303894	-0.404459	-0.447878	0.086953	-0.889856	-0.235253	0.948729	0.211113
0.862475	0.304139	-0.404519	-0.447641	0.085522	-0.890115	-0.236123	0.948781	0.209905
0.862128	0.303553	-0.405699	-0.448449	0.084413	-0.889813	-0.235859	0.949068	0.208902
0.862013	0.303327	-0.406112	-0.448218	0.081981	-0.890157	-0.236715	0.949354	0.206625
0.862008	0.303213	-0.406208	-0.448051	0.081014	-0.890330	-0.237051	0.949473	0.205690
0.861582	0.303659	-0.406777	-0.448854	0.081473	-0.889883	-0.237080	0.949291	0.206494
0.861260	0.303578	-0.407520	-0.449472	0.080952	-0.889619	-0.237080	0.949361	0.206171
0.861217	0.302935	-0.408089	-0.449655	0.079907	-0.889621	-0.236888	0.949655	0.205034
0.861246	0.302365	-0.408449	-0.449913	0.079955	-0.889486	-0.236292	0.949833	0.204899
0.861302	0.302006	-0.408596	-0.450060	0.080259	-0.889384	-0.235806	0.949921	0.205048
0.861048	0.302427	-0.408821	-0.450334	0.080049	-0.889265	-0.236212	0.949805	0.205119
0.860634	0.302901	-0.409341	-0.450878	0.079654	-0.889024	-0.236680	0.949687	0.205124
0.860936	0.303025	-0.408613	-0.450099	0.079431	-0.889439	-0.237066	0.949666	0.204776
