0.954263	-0.232863	-0.187503	-0.006368	0.611192	-0.791457	0.298901	0.756452	0.581755
0.954121	-0.233662	-0.187229	-0.006451	0.609117	-0.793054	0.299351	0.757877	0.579664
0.953865	-0.234958	-0.186914	-0.006919	0.605187	-0.796053	0.300157	0.760620	0.575641
0.953510	-0.236892	-0.186283	-0.006251	0.602458	-0.798126	0.301297	0.762185	0.572969
0.953149	-0.238685	-0.185840	-0.005402	0.600815	-0.799370	0.302453	0.762922	0.571377
0.952690	-0.240858	-0.185388	-0.003975	0.600017	-0.799977	0.303917	0.762868	0.570673
0.952143	-0.243274	-0.185043	-0.002170	0.600008	-0.799991	0.305644	0.762108	0.570765
0.951518	-0.245935	-0.184742	-0.000236	0.600019	-0.799985	0.307593	0.761244	0.570871
0.950698	-0.248984	-0.184878	0.001414	0.599629	-0.800277	0.310115	0.760560	0.570418
0.950042	-0.251668	-0.184616	0.003153	0.599195	-0.800596	0.312105	0.760018	0.570054
0.949474	-0.254330	-0.183889	0.005228	0.598657	-0.800989	0.313801	0.759557	0.569739
0.948982	-0.256501	-0.183414	0.006703	0.597933	-0.801518	0.315260	0.759397	0.569147
0.948428	-0.258025	-0.184138	0.006702	0.597084	-0.802150	0.316921	0.759548	0.568021
0.948360	-0.257560	-0.185138	0.005155	0.596110	-0.802886	0.317154	0.760471	0.566655
0.948455	-0.256647	-0.185918	0.003781	0.595777	-0.803141	0.316889	0.761040	0.566038
0.948883	-0.254852	-0.186205	0.002573	0.596174	-0.802851	0.315619	0.761333	0.566355
0.949604	-0.252403	-0.185864	0.001383	0.596325	-0.802742	0.313450	0.762030	0.566621
0.950339	-0.249612	-0.185873	-0.000659	0.595632	-0.803257	0.311214	0.763490	0.565888
0.951301	-0.245772	-0.186069	-0.003523	0.594899	-0.803792	0.308242	0.765304	0.565063
0.951925	-0.242944	-0.186591	-0.006147	0.593845	-0.804556	0.306269	0.767024	0.563803
0.952359	-0.240958	-0.186954	-0.008537	0.591703	-0.806111	0.304860	0.769303	0.561456
0.952815	-0.239727	-0.186209	-0.008942	0.591006	-0.806618	0.303419	0.770223	0.560976
0.953234	-0.238535	-0.185596	-0.009215	0.590858	-0.806723	0.302093	0.770706	0.561028
0.953572	-0.237383	-0.185339	-0.009762	0.590717	-0.806820	0.301008	0.771170	0.560974
