0.966544	-0.189049	-0.173360	-0.039657	0.557599	-0.829163	0.253418	0.808297	0.531446
0.966587	-0.188727	-0.173471	-0.040065	0.557181	-0.829424	0.253189	0.808660	0.531002
0.966350	-0.189393	-0.174066	-0.040312	0.556826	-0.829651	0.254054	0.808749	0.530453
0.966257	-0.189393	-0.174581	-0.040895	0.556376	-0.829924	0.254315	0.809058	0.529857
0.966147	-0.189310	-0.175278	-0.041743	0.555732	-0.830313	0.254594	0.809520	0.529016
0.966039	-0.189732	-0.175417	-0.041854	0.555006	-0.830793	0.254985	0.809920	0.528216
0.966042	-0.190019	-0.175087	-0.041740	0.553955	-0.831499	0.254991	0.810572	0.527213
0.965983	-0.190379	-0.175023	-0.041807	0.552927	-0.832180	0.255204	0.811189	0.526158
0.965838	-0.191174	-0.174954	-0.041381	0.552680	-0.832366	0.255820	0.811170	0.525888
0.965812	-0.191350	-0.174907	-0.041296	0.552509	-0.832483	0.255934	0.811245	0.525718
0.965833	-0.191334	-0.174805	-0.041259	0.552378	-0.832572	0.255858	0.811338	0.525611
0.965726	-0.191708	-0.174990	-0.041300	0.552092	-0.832759	0.256257	0.811445	0.525252
0.965626	-0.192333	-0.174854	-0.040922	0.551812	-0.832964	0.256693	0.811487	0.524973
0.965535	-0.193223	-0.174377	-0.040159	0.551351	-0.833306	0.257157	0.811589	0.524589
0.965354	-0.194760	-0.173665	-0.038918	0.550628	-0.833843	0.258024	0.811712	0.523972
0.965291	-0.195642	-0.173022	-0.038249	0.549438	-0.834659	0.258359	0.812307	0.522884
0.965305	-0.195585	-0.173009	-0.038645	0.548256	-0.835417	0.258248	0.813118	0.521676
0.965229	-0.195381	-0.173665	-0.039712	0.547038	-0.836165	0.258372	0.813988	0.520257
0.965274	-0.195607	-0.173159	-0.039451	0.546086	-0.836799	0.258243	0.814572	0.519406
0.965352	-0.195709	-0.172606	-0.039142	0.545368	-0.837282	0.257997	0.815028	0.518812
0.965173	-0.196127	-0.173136	-0.039499	0.544968	-0.837526	0.258615	0.815195	0.518242
0.965087	-0.195799	-0.173981	-0.040560	0.544503	-0.837778	0.258769	0.815585	0.517551
0.965232	-0.194957	-0.174122	-0.041182	0.544392	-0.837819	0.258129	0.815861	0.517436
0.965321	-0.194625	-0.174002	-0.041245	0.544440	-0.837785	0.257788	0.815908	0.517532
0.965368	-0.194537	-0.173840	-0.041132	0.544509	-0.837746	0.257630	0.815883	0.517649
