0.970011	-0.182687	-0.160326	-0.025562	0.579278	-0.814729	0.241714	0.794395	0.557236
0.970056	-0.182773	-0.159955	-0.025121	0.579539	-0.814557	0.241579	0.794184	0.557594
0.970120	-0.182758	-0.159585	-0.024807	0.579576	-0.814541	0.241355	0.794161	0.557724
0.970134	-0.182870	-0.159368	-0.024612	0.579405	-0.814668	0.241317	0.794260	0.557600
0.970084	-0.183296	-0.159185	-0.024312	0.579059	-0.814923	0.241550	0.794413	0.557280
0.970148	-0.183498	-0.158558	-0.023814	0.578572	-0.815283	0.241340	0.794722	0.556931
0.970198	-0.183588	-0.158147	-0.023512	0.578256	-0.815517	0.241168	0.794931	0.556706
0.970220	-0.183454	-0.158170	-0.023601	0.578281	-0.815496	0.241073	0.794943	0.556730
0.969950	-0.184377	-0.158749	-0.023668	0.577880	-0.815779	0.242149	0.795022	0.556151
0.969973	-0.184545	-0.158413	-0.023408	0.577478	-0.816070	0.242082	0.795275	0.555818
0.969957	-0.184745	-0.158278	-0.023222	0.577331	-0.816180	0.242164	0.795335	0.555696
0.969941	-0.184932	-0.158157	-0.023000	0.577364	-0.816163	0.242249	0.795268	0.555756
0.969958	-0.185023	-0.157948	-0.022802	0.577263	-0.816240	0.242200	0.795320	0.555703
0.969972	-0.185208	-0.157645	-0.022405	0.577369	-0.816176	0.242181	0.795200	0.555882
0.969959	-0.185351	-0.157560	-0.022109	0.577832	-0.815856	0.242263	0.794830	0.556375
0.969895	-0.185235	-0.158088	-0.022443	0.578418	-0.815432	0.242488	0.794431	0.556847
0.969919	-0.185131	-0.158061	-0.022257	0.579150	-0.814917	0.242408	0.793921	0.557608
0.969936	-0.185432	-0.157606	-0.021420	0.580058	-0.814293	0.242416	0.793188	0.558647
0.969969	-0.185811	-0.156955	-0.020348	0.581043	-0.813618	0.242377	0.792378	0.559813
0.969993	-0.185999	-0.156582	-0.019776	0.581526	-0.813287	0.242327	0.791980	0.560398
0.970097	-0.185790	-0.156187	-0.019370	0.582177	-0.812831	0.241944	0.791550	0.561169
0.970252	-0.185447	-0.155630	-0.018879	0.582926	-0.812306	0.241361	0.791080	0.562084
0.970323	-0.185262	-0.155409	-0.018649	0.583434	-0.811947	0.241094	0.790748	0.562664
0.970336	-0.185352	-0.155219	-0.018380	0.583620	-0.811819	0.241061	0.790590	0.562901
0.970300	-0.185652	-0.155084	-0.018065	0.583696	-0.811771	0.241229	0.790463	0.563006
