0.875100	-0.478083	-0.075074	0.080218	0.296283	-0.951725	0.477247	0.826833	0.297628
0.875219	-0.477804	-0.075468	0.079416	0.295827	-0.951935	0.477163	0.827158	0.296858
0.875404	-0.477436	-0.075644	0.079177	0.295994	-0.951903	0.476863	0.827310	0.296917
0.875520	-0.477229	-0.075618	0.079190	0.296108	-0.951866	0.476649	0.827389	0.297040
0.875629	-0.477068	-0.075364	0.079235	0.295814	-0.951953	0.476440	0.827587	0.296824
0.875719	-0.476908	-0.075332	0.078992	0.295439	-0.952090	0.476316	0.827813	0.296393
0.875699	-0.476895	-0.075649	0.078290	0.294828	-0.952338	0.476469	0.828038	0.295517
0.875681	-0.476894	-0.075856	0.077678	0.294156	-0.952595	0.476601	0.828278	0.294631
0.875708	-0.476794	-0.076176	0.077252	0.294088	-0.952651	0.476621	0.828359	0.294369
0.875800	-0.476577	-0.076484	0.076886	0.294181	-0.952652	0.476512	0.828452	0.294286
0.875851	-0.476539	-0.076129	0.076918	0.293588	-0.952832	0.476413	0.828683	0.293794
0.875770	-0.476631	-0.076482	0.076672	0.293767	-0.952797	0.476601	0.828567	0.293817
0.875921	-0.476361	-0.076441	0.076531	0.293627	-0.952851	0.476347	0.828772	0.293651
0.875817	-0.476529	-0.076580	0.076534	0.293783	-0.952803	0.476536	0.828621	0.293771
0.875934	-0.476337	-0.076431	0.076357	0.293321	-0.952960	0.476349	0.828894	0.293301
0.876126	-0.476047	-0.076044	0.076378	0.292818	-0.953113	0.475994	0.829238	0.292905
0.876087	-0.476116	-0.076061	0.076576	0.293148	-0.952995	0.476033	0.829082	0.293282
0.876154	-0.476030	-0.075827	0.076861	0.293261	-0.952938	0.475864	0.829092	0.293530
0.876099	-0.476162	-0.075625	0.077220	0.293414	-0.952861	0.475906	0.828962	0.293829
0.876031	-0.476319	-0.075434	0.077753	0.293874	-0.952677	0.475946	0.828709	0.294478
0.875999	-0.476391	-0.075349	0.078277	0.294578	-0.952416	0.475919	0.828417	0.295341
0.876165	-0.476159	-0.074884	0.079016	0.295141	-0.952181	0.475491	0.828351	0.296216
0.876217	-0.476116	-0.074554	0.079606	0.295575	-0.951997	0.475297	0.828221	0.296889
0.876243	-0.476120	-0.074218	0.079941	0.295519	-0.951986	0.475193	0.828238	0.297008
0.876128	-0.476312	-0.074340	0.079516	0.294878	-0.952221	0.475475	0.828356	0.296225
