0.977608	0.150357	-0.147222	-0.187938	0.309126	-0.932266	-0.094663	0.939060	0.330462
0.977613	0.150841	-0.146696	-0.187456	0.307726	-0.932826	-0.095566	0.939442	0.329113
0.977793	0.150843	-0.145493	-0.186247	0.307122	-0.933267	-0.096093	0.939639	0.328396
0.978099	0.150380	-0.143903	-0.184513	0.306515	-0.933811	-0.096318	0.939912	0.327549
0.978264	0.149962	-0.143220	-0.183675	0.306057	-0.934127	-0.096250	0.940128	0.326949
0.978287	0.149912	-0.143110	-0.183546	0.305988	-0.934175	-0.096254	0.940158	0.326860
0.978260	0.149572	-0.143653	-0.183967	0.306135	-0.934044	-0.095729	0.940165	0.326996
0.978305	0.149440	-0.143485	-0.183764	0.306155	-0.934077	-0.095660	0.940179	0.326975
0.978373	0.149295	-0.143171	-0.183425	0.306240	-0.934116	-0.095614	0.940175	0.327001
0.978343	0.149171	-0.143504	-0.183730	0.306516	-0.933965	-0.095335	0.940104	0.327285
0.978334	0.148965	-0.143779	-0.183961	0.306881	-0.933800	-0.094981	0.940018	0.327636
0.978338	0.149038	-0.143676	-0.183923	0.307237	-0.933690	-0.095012	0.939890	0.327993
0.978363	0.148846	-0.143707	-0.183895	0.307306	-0.933673	-0.094811	0.939898	0.328028
0.978350	0.148749	-0.143893	-0.184080	0.307690	-0.933510	-0.094584	0.939788	0.328410
0.978300	0.148779	-0.144199	-0.184398	0.307853	-0.933394	-0.094477	0.939730	0.328607
0.978253	0.148841	-0.144454	-0.184663	0.307857	-0.933340	-0.094448	0.939718	0.328648
0.978168	0.149391	-0.144463	-0.184870	0.308010	-0.933249	-0.094923	0.939581	0.328903
0.978030	0.148972	-0.145827	-0.186074	0.308442	-0.932867	-0.093992	0.939506	0.329385
0.977865	0.149775	-0.146108	-0.186573	0.308060	-0.932893	-0.094714	0.939503	0.329185
0.977844	0.149753	-0.146273	-0.186741	0.308242	-0.932799	-0.094602	0.939447	0.329378
0.977868	0.149531	-0.146339	-0.186791	0.308849	-0.932588	-0.094254	0.939283	0.329945
0.977816	0.149379	-0.146838	-0.187194	0.308636	-0.932578	-0.093988	0.939377	0.329752
0.977696	0.149621	-0.147389	-0.187768	0.308308	-0.932571	-0.094091	0.939446	0.329526
0.977647	0.149501	-0.147836	-0.188118	0.307937	-0.932624	-0.093904	0.939587	0.329177
0.977774	0.149317	-0.147182	-0.187366	0.307278	-0.932992	-0.094086	0.939832	0.328425
