0.976308	-0.142951	-0.162443	-0.030553	0.652120	-0.757500	0.214217	0.744517	0.632302
0.976249	-0.143268	-0.162519	-0.030525	0.651698	-0.757864	0.214491	0.744824	0.631846
0.976226	-0.143436	-0.162511	-0.030480	0.651448	-0.758081	0.214604	0.745011	0.631588
0.976216	-0.143266	-0.162717	-0.030776	0.651364	-0.758141	0.214604	0.745117	0.631463
0.976174	-0.143457	-0.162802	-0.030802	0.651064	-0.758397	0.214792	0.745342	0.631133
0.976130	-0.143433	-0.163087	-0.031037	0.651076	-0.758378	0.214958	0.745337	0.631083
0.975948	-0.143252	-0.164328	-0.032104	0.651130	-0.758287	0.215625	0.745324	0.630870
0.975757	-0.143248	-0.165462	-0.033021	0.651018	-0.758344	0.216350	0.745423	0.630505
0.975714	-0.143335	-0.165642	-0.033092	0.651057	-0.758307	0.216534	0.745372	0.630502
0.975666	-0.143575	-0.165716	-0.033010	0.650995	-0.758364	0.216763	0.745380	0.630414
0.975647	-0.143843	-0.165599	-0.032760	0.650937	-0.758425	0.216888	0.745380	0.630372
0.975491	-0.144648	-0.165813	-0.032449	0.650756	-0.758593	0.217632	0.745381	0.630113
0.975563	-0.144588	-0.165442	-0.032210	0.650721	-0.758633	0.217346	0.745423	0.630163
0.975548	-0.145195	-0.165001	-0.031354	0.651112	-0.758334	0.217540	0.744964	0.630638
0.975478	-0.146091	-0.164622	-0.030306	0.651675	-0.757893	0.218001	0.744296	0.631267
0.975426	-0.146843	-0.164259	-0.029385	0.652158	-0.757514	0.218358	0.743725	0.631817
0.975346	-0.147213	-0.164402	-0.029117	0.652619	-0.757127	0.218751	0.743247	0.632243
0.975322	-0.147638	-0.164163	-0.028513	0.653088	-0.756745	0.218937	0.742751	0.632762
0.975320	-0.148252	-0.163623	-0.027549	0.653558	-0.756375	0.219072	0.742215	0.633344
0.975372	-0.148231	-0.163333	-0.027225	0.653939	-0.756057	0.218881	0.741884	0.633798
0.975414	-0.148155	-0.163150	-0.027116	0.654000	-0.756008	0.218706	0.741845	0.633903
0.975418	-0.148124	-0.163153	-0.027150	0.653964	-0.756038	0.218684	0.741883	0.633867
0.975452	-0.147988	-0.163071	-0.027175	0.653970	-0.756032	0.218527	0.741905	0.633895
0.975518	-0.147857	-0.162798	-0.027028	0.654044	-0.755973	0.218253	0.741866	0.634035
0.975601	-0.147713	-0.162428	-0.026771	0.654266	-0.755790	0.217911	0.741698	0.634349
0.975664	-0.147489	-0.162253	-0.026711	0.654514	-0.755578	0.217636	0.741525	0.634646
