0.950482	0.217081	-0.222396	-0.283234	0.310530	-0.907386	-0.127916	0.925444	0.356637
0.950185	0.217247	-0.223501	-0.284369	0.310669	-0.906983	-0.127605	0.925358	0.356972
0.949994	0.217144	-0.224409	-0.285252	0.311061	-0.906571	-0.127052	0.925251	0.357448
0.949780	0.217255	-0.225208	-0.286089	0.311306	-0.906224	-0.126773	0.925143	0.357826
0.949517	0.217615	-0.225966	-0.286940	0.311264	-0.905969	-0.126817	0.925072	0.357992
0.949149	0.217952	-0.227186	-0.288271	0.311578	-0.905438	-0.126555	0.924887	0.358563
0.948771	0.218001	-0.228713	-0.289775	0.311797	-0.904883	-0.125953	0.924802	0.358995
0.948641	0.217643	-0.229589	-0.290472	0.311751	-0.904675	-0.125322	0.924901	0.358959
0.948554	0.217413	-0.230168	-0.290924	0.311639	-0.904568	-0.124935	0.924993	0.358857
0.948416	0.217254	-0.230886	-0.291498	0.311251	-0.904518	-0.124647	0.925161	0.358524
0.948198	0.217395	-0.231645	-0.292202	0.310721	-0.904472	-0.124651	0.925306	0.358149
0.947940	0.217586	-0.232523	-0.293046	0.310248	-0.904362	-0.124637	0.925420	0.357859
0.947802	0.217584	-0.233084	-0.293478	0.309476	-0.904486	-0.124668	0.925679	0.357178
0.947853	0.217323	-0.233120	-0.293333	0.308861	-0.904743	-0.124620	0.925946	0.356503
0.947849	0.217308	-0.233152	-0.293224	0.307869	-0.905116	-0.124909	0.926279	0.355534
0.947751	0.217522	-0.233351	-0.293331	0.306671	-0.905489	-0.125402	0.926627	0.354454
0.947499	0.217670	-0.234234	-0.294159	0.306156	-0.905394	-0.125365	0.926762	0.354112
0.947436	0.217144	-0.234975	-0.294573	0.305403	-0.905514	-0.124865	0.927134	0.353315
0.947677	0.217180	-0.233969	-0.293514	0.304581	-0.906135	-0.125532	0.927396	0.352389
0.948163	0.216891	-0.232261	-0.291735	0.304282	-0.906809	-0.126006	0.927562	0.351784
0.948526	0.216708	-0.230946	-0.290376	0.304023	-0.907332	-0.126413	0.927689	0.351300
0.948574	0.216374	-0.231062	-0.290369	0.304050	-0.907325	-0.126067	0.927759	0.351242
0.948705	0.216075	-0.230802	-0.289982	0.303823	-0.907525	-0.125971	0.927902	0.350897
0.948996	0.215451	-0.230188	-0.289054	0.302978	-0.908103	-0.125909	0.928324	0.349802
0.949014	0.215327	-0.230232	-0.289023	0.302766	-0.908184	-0.125850	0.928421	0.349564
