0.951899	0.207681	-0.225293	-0.283978	0.321784	-0.903223	-0.115087	0.923755	0.365283
0.951714	0.208163	-0.225629	-0.284463	0.321664	-0.903113	-0.115418	0.923688	0.365347
0.951428	0.207861	-0.227110	-0.285759	0.321704	-0.902690	-0.114572	0.923743	0.365476
0.951093	0.208427	-0.227992	-0.286709	0.320899	-0.902675	-0.114980	0.923895	0.364963
0.951097	0.208629	-0.227792	-0.286563	0.320647	-0.902811	-0.115312	0.923937	0.364752
0.951215	0.208495	-0.227419	-0.286184	0.320848	-0.902859	-0.115274	0.923897	0.364863
0.951306	0.208136	-0.227368	-0.285978	0.320663	-0.902990	-0.115037	0.924042	0.364571
0.951380	0.207799	-0.227367	-0.285776	0.320058	-0.903269	-0.114928	0.924328	0.363881
0.951427	0.207289	-0.227635	-0.285855	0.320181	-0.903200	-0.114339	0.924400	0.363884
0.951516	0.207015	-0.227511	-0.285644	0.320254	-0.903241	-0.114123	0.924436	0.363859
0.951633	0.206947	-0.227084	-0.285224	0.320341	-0.903343	-0.114200	0.924421	0.363873
0.951705	0.206878	-0.226848	-0.285040	0.320881	-0.903210	-0.114064	0.924249	0.364352
0.951725	0.206657	-0.226965	-0.285162	0.321641	-0.902901	-0.113589	0.924035	0.365044
0.951840	0.206228	-0.226870	-0.285011	0.322448	-0.902661	-0.113000	0.923849	0.365696
0.951999	0.205909	-0.226493	-0.284578	0.322817	-0.902665	-0.112751	0.923791	0.365919
0.952154	0.205832	-0.225912	-0.284017	0.322975	-0.902785	-0.112858	0.923753	0.365982
0.952335	0.205986	-0.225007	-0.283209	0.322905	-0.903064	-0.113363	0.923743	0.365851
0.952491	0.205758	-0.224555	-0.282696	0.322918	-0.903220	-0.113332	0.923790	0.365744
0.952641	0.205814	-0.223863	-0.282053	0.322849	-0.903446	-0.113668	0.923801	0.365610
0.952838	0.206173	-0.222691	-0.281058	0.322705	-0.903807	-0.114478	0.923772	0.365432
0.952975	0.206486	-0.221816	-0.280345	0.322707	-0.904028	-0.115088	0.923701	0.365419
0.952760	0.206358	-0.222855	-0.281329	0.323077	-0.903590	-0.114463	0.923600	0.365870
0.952599	0.206911	-0.223032	-0.281709	0.323111	-0.903459	-0.114871	0.923465	0.366084
0.952592	0.206900	-0.223070	-0.281806	0.323636	-0.903242	-0.114687	0.923283	0.366598
0.952547	0.206981	-0.223189	-0.282038	0.324346	-0.902914	-0.114496	0.923016	0.367331
