0.963406	0.147868	-0.223573	-0.258718	0.294825	-0.919860	-0.070103	0.944041	0.322292
0.963400	0.149521	-0.222493	-0.258398	0.297088	-0.919222	-0.071343	0.943071	0.324851
0.963609	0.151152	-0.220477	-0.257199	0.299509	-0.918772	-0.072839	0.942044	0.327486
0.963949	0.153067	-0.217653	-0.255266	0.301066	-0.918803	-0.075111	0.941238	0.329285
0.963884	0.155731	-0.216043	-0.254758	0.302717	-0.918401	-0.077623	0.940272	0.331457
0.963504	0.157456	-0.216491	-0.255927	0.304664	-0.917432	-0.078498	0.939355	0.333843
0.963118	0.159454	-0.216746	-0.256965	0.306059	-0.916677	-0.079831	0.938564	0.335745
0.962837	0.161240	-0.216671	-0.257571	0.306838	-0.916246	-0.081253	0.938004	0.336966
0.962472	0.162946	-0.217015	-0.258562	0.307749	-0.915661	-0.082417	0.937411	0.338332
0.961754	0.164531	-0.218995	-0.261056	0.308491	-0.914704	-0.082939	0.936890	0.339644
0.960988	0.165655	-0.221498	-0.263763	0.307800	-0.914160	-0.083258	0.936919	0.339486
0.960026	0.165907	-0.225444	-0.267545	0.307137	-0.913283	-0.082278	0.937092	0.339247
0.959129	0.166122	-0.229075	-0.271003	0.306318	-0.912538	-0.081423	0.937322	0.338818
0.958571	0.165773	-0.231648	-0.273233	0.305189	-0.912252	-0.080531	0.937752	0.337840
0.958452	0.164522	-0.233026	-0.274025	0.304110	-0.912374	-0.079240	0.938323	0.336558
0.958697	0.162581	-0.233385	-0.273623	0.303130	-0.912821	-0.077661	0.938978	0.335096
0.959035	0.160565	-0.233390	-0.272906	0.302670	-0.913188	-0.075986	0.939473	0.334090
0.959390	0.158684	-0.233218	-0.272115	0.302781	-0.913387	-0.074326	0.939757	0.333666
0.959587	0.157617	-0.233129	-0.271717	0.303379	-0.913308	-0.073227	0.939743	0.333946
0.959691	0.156952	-0.233151	-0.271564	0.304041	-0.913133	-0.072430	0.939641	0.334408
0.959898	0.156368	-0.232690	-0.271030	0.305372	-0.912848	-0.071683	0.939307	0.335506
0.960302	0.154806	-0.232069	-0.270026	0.306935	-0.912621	-0.070049	0.939056	0.336552
0.960852	0.154006	-0.230318	-0.268183	0.308196	-0.912739	-0.069585	0.938774	0.337432
0.961393	0.152976	-0.228738	-0.266473	0.310131	-0.912584	-0.068665	0.938305	0.338922
0.961930	0.151648	-0.227363	-0.264915	0.312941	-0.912079	-0.067164	0.937587	0.341202
