0.978170	0.147545	-0.146335	-0.188290	0.331350	-0.924529	-0.087922	0.931900	0.351898
0.978149	0.147097	-0.146927	-0.188683	0.331276	-0.924475	-0.087314	0.931997	0.351792
0.978085	0.147701	-0.146744	-0.188665	0.330629	-0.924711	-0.088063	0.932131	0.351249
0.978106	0.147973	-0.146331	-0.188378	0.330707	-0.924741	-0.088444	0.932060	0.351341
0.978243	0.147747	-0.145643	-0.187688	0.331138	-0.924727	-0.088398	0.931943	0.351664
0.978324	0.147307	-0.145540	-0.187457	0.331382	-0.924687	-0.087984	0.931926	0.351813
0.978327	0.147021	-0.145810	-0.187609	0.331367	-0.924661	-0.087629	0.931976	0.351768
0.978310	0.146429	-0.146518	-0.188081	0.331517	-0.924512	-0.086802	0.932016	0.351867
0.978349	0.146155	-0.146534	-0.187970	0.331212	-0.924644	-0.086607	0.932168	0.351513
0.978419	0.145755	-0.146467	-0.187748	0.331037	-0.924751	-0.086302	0.932293	0.351258
0.978477	0.145257	-0.146574	-0.187664	0.330955	-0.924798	-0.085824	0.932400	0.351091
0.978486	0.144823	-0.146937	-0.187845	0.330877	-0.924789	-0.085313	0.932495	0.350963
0.978490	0.144679	-0.147054	-0.187925	0.331101	-0.924693	-0.085094	0.932438	0.351168
0.978503	0.144565	-0.147084	-0.187927	0.331256	-0.924636	-0.084948	0.932400	0.351303
0.978557	0.144211	-0.147068	-0.187793	0.331325	-0.924639	-0.084616	0.932431	0.351302
0.978568	0.144096	-0.147105	-0.187767	0.331106	-0.924723	-0.084542	0.932526	0.351066
0.978491	0.144178	-0.147542	-0.188161	0.330585	-0.924829	-0.084565	0.932698	0.350603
0.978390	0.144702	-0.147699	-0.188466	0.330253	-0.924886	-0.085054	0.932735	0.350387
0.978295	0.144296	-0.148719	-0.189296	0.330363	-0.924677	-0.084296	0.932759	0.350507
0.978248	0.145106	-0.148239	-0.189072	0.329730	-0.924948	-0.085337	0.932857	0.349994
0.978297	0.145256	-0.147771	-0.188694	0.329853	-0.924982	-0.085616	0.932790	0.350103
0.978391	0.145094	-0.147308	-0.188247	0.330375	-0.924887	-0.085528	0.932631	0.350549
0.978405	0.144872	-0.147430	-0.188295	0.330511	-0.924828	-0.085254	0.932617	0.350652
0.978422	0.144754	-0.147437	-0.188248	0.330380	-0.924885	-0.085171	0.932682	0.350500
0.978468	0.144333	-0.147539	-0.188196	0.330385	-0.924893	-0.084748	0.932745	0.350434
