0.982782	0.100934	-0.154763	-0.181710	0.376219	-0.908538	-0.033478	0.921017	0.388082
0.982952	0.098824	-0.155044	-0.181089	0.374465	-0.909386	-0.031811	0.921960	0.385977
0.983120	0.098900	-0.153927	-0.180017	0.372538	-0.910390	-0.032694	0.922732	0.384053
0.983197	0.100107	-0.152654	-0.179276	0.371844	-0.910819	-0.034416	0.922882	0.383542
0.983106	0.102642	-0.151548	-0.179246	0.372270	-0.910651	-0.037055	0.922431	0.384379
0.982968	0.105468	-0.150503	-0.179355	0.371927	-0.910770	-0.040081	0.922251	0.384508
0.982850	0.107645	-0.149729	-0.179470	0.371712	-0.910835	-0.042391	0.922086	0.384656
0.982757	0.108803	-0.149502	-0.179758	0.372791	-0.910337	-0.043314	0.921514	0.385921
0.982540	0.110808	-0.149452	-0.180593	0.374910	-0.909301	-0.044727	0.920415	0.388375
0.982445	0.112493	-0.148816	-0.180795	0.377538	-0.908173	-0.045979	0.919136	0.391248
0.982430	0.113888	-0.147855	-0.180615	0.380637	-0.906914	-0.047007	0.917684	0.394519
0.982468	0.115494	-0.146351	-0.179986	0.382928	-0.906074	-0.048605	0.916530	0.397002
0.982463	0.116924	-0.145243	-0.179598	0.384055	-0.905674	-0.050114	0.915877	0.398319
0.982377	0.118033	-0.144924	-0.179754	0.384159	-0.905599	-0.051217	0.915691	0.398606
0.982204	0.118899	-0.145391	-0.180485	0.383326	-0.905807	-0.051968	0.915928	0.397963
0.982003	0.119253	-0.146457	-0.181533	0.381973	-0.906169	-0.052121	0.916447	0.396747
0.981775	0.119772	-0.147555	-0.182655	0.380257	-0.906665	-0.052484	0.917093	0.395203
0.981643	0.119242	-0.148854	-0.183546	0.378497	-0.907221	-0.051838	0.917890	0.393436
0.981557	0.118643	-0.149897	-0.184129	0.375915	-0.908176	-0.051400	0.919027	0.390828
0.981578	0.117886	-0.150358	-0.184128	0.373569	-0.909144	-0.051006	0.920081	0.388394
0.981717	0.116962	-0.150172	-0.183513	0.372080	-0.909878	-0.050545	0.920802	0.386742
0.982029	0.115587	-0.149193	-0.181959	0.370025	-0.911028	-0.050098	0.921803	0.384408
0.982223	0.114876	-0.148461	-0.180905	0.368170	-0.911989	-0.050107	0.922634	0.382407
0.982294	0.113704	-0.148895	-0.180805	0.367184	-0.912406	-0.049073	0.923172	0.381241
0.982328	0.112478	-0.149602	-0.180994	0.367260	-0.912338	-0.047675	0.923292	0.381128
