0.870354	-0.486291	-0.077488	0.078461	0.292301	-0.953102	0.486135	0.823457	0.292560
0.870175	-0.486698	-0.076946	0.078353	0.290843	-0.953557	0.486474	0.823732	0.291219
0.869956	-0.487137	-0.076642	0.078172	0.289687	-0.953924	0.486893	0.823881	0.290095
0.870235	-0.486724	-0.076100	0.077885	0.288463	-0.954318	0.486442	0.824554	0.288938
0.870185	-0.486813	-0.076099	0.077600	0.287920	-0.954505	0.486576	0.824691	0.288320
0.870102	-0.486994	-0.075892	0.077696	0.287581	-0.954600	0.486709	0.824702	0.288062
0.869980	-0.487260	-0.075581	0.077795	0.286996	-0.954767	0.486911	0.824749	0.287587
0.870027	-0.487211	-0.075351	0.078062	0.287055	-0.954728	0.486785	0.824757	0.287778
0.869921	-0.487397	-0.075383	0.078199	0.287224	-0.954666	0.486953	0.824589	0.287976
0.870090	-0.487100	-0.075341	0.078170	0.287291	-0.954648	0.486654	0.824741	0.288046
0.870042	-0.487184	-0.075353	0.078172	0.287261	-0.954657	0.486740	0.824702	0.288013
0.870105	-0.487090	-0.075234	0.078414	0.287512	-0.954562	0.486588	0.824670	0.288361
0.870217	-0.487080	-0.073996	0.079579	0.287191	-0.954562	0.486198	0.824788	0.288680
0.870330	-0.487181	-0.071977	0.081264	0.286225	-0.954710	0.485719	0.825063	0.288700
0.870587	-0.487181	-0.068801	0.083441	0.284003	-0.955186	0.484888	0.825831	0.287900
0.870667	-0.487178	-0.067792	0.084356	0.283677	-0.955202	0.484585	0.825945	0.288084
0.870849	-0.486716	-0.068766	0.084025	0.285236	-0.954767	0.484315	0.825680	0.289294
0.871143	-0.485992	-0.070157	0.083305	0.287082	-0.954277	0.483912	0.825467	0.290575
0.871262	-0.485683	-0.070813	0.083176	0.288291	-0.953923	0.483719	0.825228	0.291574
0.870866	-0.486245	-0.071820	0.082998	0.289496	-0.953574	0.484462	0.824474	0.292469
0.870905	-0.486112	-0.072254	0.082636	0.289776	-0.953520	0.484455	0.824455	0.292538
0.871059	-0.485793	-0.072538	0.082140	0.289672	-0.953595	0.484262	0.824679	0.292225
0.871257	-0.485530	-0.071911	0.082056	0.288533	-0.953947	0.483919	0.825233	0.291227
0.871519	-0.485527	-0.068691	0.083293	0.284622	-0.955014	0.483237	0.826591	0.288494
0.871479	-0.486046	-0.065447	0.084705	0.280613	-0.956076	0.483062	0.827657	0.285719
0.871485	-0.486255	-0.063788	0.085980	0.279543	-0.956276	0.482826	0.827896	0.285426
