0.885983	-0.458267	-0.070891	0.082817	0.306790	-0.948167	0.456262	0.834189	0.309763
0.885849	-0.458330	-0.072141	0.081809	0.307345	-0.948075	0.456703	0.833950	0.309758
0.885571	-0.458698	-0.073210	0.081169	0.307996	-0.947919	0.457357	0.833507	0.309985
0.885497	-0.458710	-0.074023	0.080927	0.309135	-0.947569	0.457542	0.833079	0.310860
0.885515	-0.458586	-0.074583	0.080630	0.309774	-0.947385	0.457561	0.832910	0.311286
0.885450	-0.458728	-0.074474	0.080485	0.309195	-0.947587	0.457712	0.833047	0.310697
0.885249	-0.459111	-0.074508	0.080267	0.308586	-0.947804	0.458139	0.833061	0.310027
0.885152	-0.459332	-0.074303	0.080361	0.308198	-0.947922	0.458311	0.833083	0.309715
0.885359	-0.459100	-0.073252	0.081075	0.307617	-0.948050	0.457783	0.833426	0.309573
0.885453	-0.459010	-0.072679	0.081602	0.307526	-0.948034	0.457508	0.833509	0.309756
0.885672	-0.458595	-0.072632	0.081612	0.307752	-0.947960	0.457083	0.833654	0.309994
0.885721	-0.458394	-0.073301	0.081343	0.308713	-0.947671	0.457035	0.833409	0.310721
0.885905	-0.458097	-0.072939	0.081858	0.309163	-0.947480	0.456587	0.833406	0.311387
0.885643	-0.458642	-0.072693	0.082703	0.309826	-0.947190	0.456944	0.832860	0.312326
0.885636	-0.458775	-0.071930	0.083590	0.309859	-0.947101	0.456794	0.832774	0.312771
0.885761	-0.458675	-0.071029	0.084589	0.309998	-0.946967	0.456369	0.832778	0.313383
0.885813	-0.458640	-0.070601	0.085435	0.310732	-0.946650	0.456109	0.832523	0.314434
0.886079	-0.458098	-0.070787	0.085659	0.311904	-0.946244	0.455551	0.832383	0.315612
0.886023	-0.458150	-0.071151	0.085698	0.312644	-0.945996	0.455653	0.832077	0.316272
0.886200	-0.457881	-0.070670	0.086117	0.312675	-0.945948	0.455228	0.832214	0.316524
0.886627	-0.457138	-0.070129	0.086437	0.312755	-0.945892	0.454337	0.832591	0.316811
0.886825	-0.456810	-0.069755	0.086741	0.312823	-0.945842	0.453891	0.832746	0.317044
0.886809	-0.456841	-0.069755	0.086683	0.312694	-0.945890	0.453934	0.832778	0.316900
0.886824	-0.456680	-0.070620	0.085626	0.312568	-0.946028	0.454106	0.832913	0.316296
0.886636	-0.456905	-0.071507	0.084132	0.311398	-0.946548	0.454750	0.833228	0.314537
