0.967630	-0.191098	-0.164842	-0.016750	0.603101	-0.797489	0.251815	0.774436	0.580378
0.967745	-0.190079	-0.165348	-0.017910	0.602753	-0.797727	0.251295	0.774957	0.579907
0.967893	-0.189308	-0.165363	-0.018431	0.602648	-0.797794	0.250685	0.775227	0.579810
0.967981	-0.189166	-0.165013	-0.018211	0.602708	-0.797754	0.250362	0.775216	0.579965
0.968052	-0.189298	-0.164442	-0.017599	0.602892	-0.797628	0.250130	0.775040	0.580300
0.968042	-0.189445	-0.164335	-0.017367	0.603060	-0.797507	0.250187	0.774874	0.580497
0.967997	-0.189601	-0.164416	-0.017271	0.603263	-0.797355	0.250365	0.774677	0.580683
0.967998	-0.189687	-0.164314	-0.017104	0.603356	-0.797288	0.250375	0.774584	0.580803
0.968037	-0.189918	-0.163814	-0.016539	0.603389	-0.797276	0.250261	0.774502	0.580962
0.968015	-0.190224	-0.163590	-0.016114	0.603549	-0.797163	0.250374	0.774302	0.581179
0.967875	-0.190758	-0.163798	-0.015915	0.603672	-0.797074	0.250929	0.774074	0.581243
0.967721	-0.191021	-0.164397	-0.016359	0.603323	-0.797329	0.251491	0.774282	0.580723
0.967771	-0.190934	-0.164207	-0.016361	0.603001	-0.797572	0.251300	0.774554	0.580443
0.967694	-0.191385	-0.164135	-0.016059	0.602891	-0.797662	0.251616	0.774529	0.580340
0.967682	-0.191643	-0.163905	-0.015739	0.602802	-0.797736	0.251682	0.774534	0.580304
0.967638	-0.191814	-0.163961	-0.015761	0.602550	-0.797925	0.251848	0.774687	0.580028
0.967660	-0.191607	-0.164072	-0.016059	0.602309	-0.798102	0.251744	0.774926	0.579753
0.967576	-0.191901	-0.164226	-0.015941	0.602504	-0.797957	0.252075	0.774702	0.579909
0.967533	-0.192158	-0.164179	-0.015795	0.602345	-0.798079	0.252250	0.774762	0.579754
0.967469	-0.192467	-0.164198	-0.015803	0.601786	-0.798501	0.252497	0.775119	0.579168
0.967330	-0.192763	-0.164668	-0.016299	0.600894	-0.799163	0.252997	0.775738	0.578120
0.967176	-0.192699	-0.165642	-0.017529	0.599713	-0.800023	0.253502	0.776666	0.576651
0.967096	-0.192477	-0.166366	-0.018602	0.598678	-0.800773	0.253731	0.777520	0.575399
0.967117	-0.192297	-0.166454	-0.018979	0.598085	-0.801208	0.253623	0.778021	0.574768
0.967125	-0.192442	-0.166239	-0.018754	0.597953	-0.801312	0.253609	0.778086	0.574686
