0.969972	0.187763	-0.154593	-0.211446	0.336907	-0.917488	-0.120187	0.922626	0.366492
0.970017	0.187697	-0.154390	-0.211121	0.336081	-0.917866	-0.120393	0.922940	0.365631
0.970223	0.187503	-0.153327	-0.209933	0.335242	-0.918445	-0.120809	0.923285	0.364623
0.970364	0.186600	-0.153535	-0.209822	0.335473	-0.918386	-0.119864	0.923384	0.364684
0.970342	0.186955	-0.153248	-0.209659	0.335286	-0.918492	-0.120335	0.923380	0.364538
0.970549	0.186735	-0.152202	-0.208642	0.335714	-0.918567	-0.120433	0.923269	0.364787
0.970845	0.185988	-0.151221	-0.207620	0.337143	-0.918275	-0.119805	0.922899	0.365929
0.971052	0.185596	-0.150372	-0.206763	0.337859	-0.918205	-0.119610	0.922716	0.366453
0.971202	0.185235	-0.149847	-0.206195	0.338354	-0.918150	-0.119372	0.922608	0.366804
0.971291	0.184774	-0.149838	-0.206091	0.338959	-0.917950	-0.118825	0.922478	0.367309
0.971292	0.184602	-0.150044	-0.206211	0.338877	-0.917954	-0.118610	0.922542	0.367216
0.971241	0.184699	-0.150259	-0.206383	0.338350	-0.918110	-0.118734	0.922716	0.366738
0.971167	0.184536	-0.150935	-0.206907	0.337939	-0.918143	-0.118423	0.922899	0.366377
0.971130	0.184210	-0.151567	-0.207284	0.337164	-0.918343	-0.118065	0.923248	0.365614
0.971069	0.184035	-0.152173	-0.207677	0.336273	-0.918581	-0.117879	0.923608	0.364764
0.970991	0.184279	-0.152373	-0.207828	0.335258	-0.918918	-0.118253	0.923928	0.363831
0.970858	0.184556	-0.152885	-0.208305	0.334394	-0.919124	-0.118507	0.924186	0.363093
0.970673	0.184861	-0.153690	-0.209052	0.333395	-0.919318	-0.118707	0.924486	0.362263
0.970547	0.184820	-0.154534	-0.209696	0.332299	-0.919568	-0.118604	0.924888	0.361268
0.970443	0.184559	-0.155493	-0.210386	0.331341	-0.919756	-0.118229	0.925284	0.360376
0.970387	0.184781	-0.155579	-0.210332	0.329644	-0.920378	-0.118783	0.925846	0.358748
0.970450	0.184208	-0.155865	-0.210137	0.327644	-0.921136	-0.118612	0.926670	0.356671
0.970770	0.184140	-0.153940	-0.207909	0.324727	-0.922673	-0.119913	0.927709	0.353519
0.971197	0.184155	-0.151207	-0.204986	0.322197	-0.924213	-0.121480	0.928588	0.350666
0.971342	0.183658	-0.150877	-0.204467	0.321994	-0.924399	-0.121192	0.928757	0.350318
0.971284	0.183275	-0.151717	-0.205118	0.321917	-0.924281	-0.120558	0.928859	0.350266
