0.980938	-0.000529	-0.194322	-0.170176	0.480449	-0.860354	0.093817	0.877022	0.471201
0.979911	0.006737	-0.199321	-0.178268	0.477672	-0.860261	0.089414	0.878512	0.469277
0.977701	0.021613	-0.208884	-0.194442	0.468888	-0.861589	0.079322	0.882993	0.462635
0.974079	0.041628	-0.222347	-0.216476	0.456772	-0.862843	0.065643	0.888609	0.453943
0.969950	0.059345	-0.235956	-0.237135	0.447604	-0.862216	0.054447	0.892260	0.448227
0.967212	0.072927	-0.243275	-0.250065	0.440815	-0.862061	0.044372	0.894630	0.444598
0.965921	0.080325	-0.246057	-0.255992	0.437000	-0.862264	0.038266	0.895868	0.442670
0.965961	0.082826	-0.245072	-0.256361	0.433318	-0.864011	0.034631	0.897427	0.439801
0.966304	0.083943	-0.243333	-0.255341	0.432077	-0.864934	0.032533	0.897921	0.438952
0.966683	0.082054	-0.242467	-0.253732	0.432284	-0.865304	0.033813	0.897996	0.438702
0.967682	0.077184	-0.240069	-0.249411	0.433425	-0.865989	0.037211	0.897878	0.438669
0.969343	0.067653	-0.236214	-0.241707	0.435400	-0.867182	0.044180	0.897691	0.438404
0.971365	0.057022	-0.230646	-0.232002	0.436953	-0.869050	0.051226	0.897675	0.437670
0.973341	0.048657	-0.224142	-0.222446	0.438439	-0.870798	0.055902	0.897443	0.437574
0.974992	0.041853	-0.218263	-0.214074	0.440628	-0.871791	0.059686	0.896713	0.438569
0.976175	0.036541	-0.213886	-0.207647	0.443375	-0.871953	0.062970	0.895591	0.440399
0.976992	0.032295	-0.210817	-0.202811	0.446510	-0.871491	0.065987	0.894195	0.442787
0.977562	0.028137	-0.208762	-0.198883	0.449869	-0.870669	0.069418	0.892651	0.445370
0.978123	0.023307	-0.206717	-0.194685	0.452691	-0.870154	0.073298	0.891362	0.447326
0.978908	0.018295	-0.203482	-0.189476	0.453798	-0.870727	0.076410	0.890916	0.447693
0.979629	0.014301	-0.200304	-0.184943	0.452905	-0.872166	0.078246	0.891444	0.446323
0.980047	0.010536	-0.198487	-0.181830	0.450889	-0.873863	0.080289	0.892518	0.443808
0.980212	0.007344	-0.197816	-0.179894	0.450045	-0.874698	0.082602	0.892975	0.442461
0.980511	0.003595	-0.196430	-0.177151	0.448471	-0.876066	0.084944	0.893790	0.440367
0.980839	-0.000366	-0.194822	-0.174299	0.445109	-0.878349	0.087038	0.895476	0.436517
