0.983251	-0.064685	-0.170391	-0.132378	0.389135	-0.911620	0.125273	0.918907	0.374054
0.983288	-0.064442	-0.170270	-0.132418	0.388683	-0.911806	0.124940	0.919115	0.373654
0.983345	-0.064621	-0.169870	-0.131980	0.388685	-0.911869	0.124952	0.919102	0.373682
0.983302	-0.064765	-0.170067	-0.132091	0.388817	-0.911797	0.125178	0.919036	0.373770
0.983270	-0.064519	-0.170344	-0.132433	0.388873	-0.911723	0.125066	0.919029	0.373823
0.983176	-0.064493	-0.170894	-0.132900	0.389251	-0.911494	0.125306	0.918871	0.374132
0.983188	-0.064587	-0.170794	-0.132801	0.389041	-0.911598	0.125324	0.918954	0.373923
0.983195	-0.064936	-0.170619	-0.132601	0.388351	-0.911921	0.125476	0.919221	0.373214
0.983219	-0.065297	-0.170340	-0.132318	0.387543	-0.912306	0.125585	0.919536	0.372400
0.983255	-0.065888	-0.169905	-0.131805	0.386713	-0.912732	0.125842	0.919843	0.371554
0.983386	-0.066382	-0.168954	-0.130822	0.386092	-0.913137	0.125848	0.920069	0.370993
0.983652	-0.066680	-0.167278	-0.129224	0.385581	-0.913580	0.125417	0.920262	0.370661
0.983896	-0.067007	-0.165709	-0.127704	0.385140	-0.913979	0.125064	0.920422	0.370381
0.983997	-0.067398	-0.164947	-0.126878	0.384929	-0.914184	0.125107	0.920482	0.370217
0.983931	-0.067613	-0.165249	-0.127058	0.385086	-0.914092	0.125439	0.920400	0.370308
0.983866	-0.067385	-0.165732	-0.127558	0.385334	-0.913918	0.125446	0.920313	0.370522
0.983624	-0.067773	-0.167005	-0.128495	0.386065	-0.913478	0.126384	0.919978	0.371035
0.983435	-0.067580	-0.168191	-0.129613	0.386470	-0.913149	0.126712	0.919823	0.371309
0.983376	-0.066605	-0.168922	-0.130623	0.386720	-0.912899	0.126130	0.919789	0.371591
0.983300	-0.066162	-0.169539	-0.131218	0.387765	-0.912371	0.126105	0.919381	0.372607
0.983222	-0.065807	-0.170129	-0.131746	0.388881	-0.911819	0.126164	0.918935	0.373686
0.983201	-0.065574	-0.170342	-0.131978	0.389266	-0.911621	0.126087	0.918788	0.374072
0.983199	-0.064963	-0.170586	-0.132360	0.389822	-0.911328	0.125701	0.918596	0.374675
0.983269	-0.064269	-0.170444	-0.132482	0.389881	-0.911285	0.125021	0.918620	0.374844
0.983284	-0.063525	-0.170636	-0.132991	0.389517	-0.911367	0.124360	0.918826	0.374557
