0.991952	0.009050	-0.126291	-0.116399	0.457691	-0.881459	0.049825	0.889065	0.455060
0.991941	0.009357	-0.126357	-0.116603	0.457600	-0.881480	0.049573	0.889109	0.455003
0.991946	0.009677	-0.126294	-0.116692	0.457601	-0.881467	0.049262	0.889105	0.455044
0.991928	0.009633	-0.126436	-0.116810	0.457386	-0.881563	0.049338	0.889216	0.454819
0.991853	0.009355	-0.127045	-0.117249	0.456946	-0.881733	0.049804	0.889445	0.454320
0.991793	0.009393	-0.127511	-0.117677	0.457025	-0.881635	0.049994	0.889404	0.454379
0.991777	0.009638	-0.127615	-0.117860	0.457395	-0.881419	0.049875	0.889211	0.454770
0.991770	0.009963	-0.127642	-0.118021	0.457584	-0.881299	0.049626	0.889110	0.454994
0.991744	0.010251	-0.127825	-0.118320	0.457480	-0.881313	0.049443	0.889161	0.454915
0.991703	0.010480	-0.128125	-0.118700	0.457319	-0.881345	0.049357	0.889241	0.454768
0.991648	0.010534	-0.128541	-0.119114	0.456971	-0.881470	0.049454	0.889419	0.454410
0.991610	0.010754	-0.128817	-0.119503	0.456183	-0.881826	0.049281	0.889821	0.453640
0.991577	0.010843	-0.129067	-0.119808	0.455422	-0.882178	0.049214	0.890210	0.452884
0.991453	0.010735	-0.130018	-0.120657	0.454495	-0.882540	0.049618	0.890685	0.451906
0.991434	0.011183	-0.130131	-0.121014	0.453508	-0.882998	0.049141	0.891182	0.450976
0.991475	0.011332	-0.129801	-0.120827	0.452767	-0.883404	0.048759	0.891557	0.450277
0.991522	0.011087	-0.129464	-0.120439	0.452379	-0.883656	0.048770	0.891757	0.449879
0.991560	0.010763	-0.129204	-0.120072	0.452172	-0.883812	0.048910	0.891866	0.449648
0.991607	0.010288	-0.128875	-0.119562	0.452231	-0.883850	0.049189	0.891841	0.449666
0.991636	0.009845	-0.128691	-0.119203	0.452162	-0.883934	0.049487	0.891881	0.449554
0.991667	0.009807	-0.128457	-0.118981	0.452101	-0.883996	0.049406	0.891913	0.449500
0.991699	0.009536	-0.128224	-0.118670	0.451778	-0.884202	0.049497	0.892079	0.449160
0.991667	0.008943	-0.128520	-0.118683	0.451490	-0.884348	0.050117	0.892231	0.448789
0.991663	0.008467	-0.128583	-0.118536	0.451315	-0.884457	0.050543	0.892325	0.448555
