0.969318	-0.176893	-0.170677	-0.031762	0.598392	-0.800573	0.243748	0.781432	0.574414
0.969261	-0.177689	-0.170173	-0.030986	0.597999	-0.800897	0.244074	0.781552	0.574112
0.969011	-0.179078	-0.170145	-0.030229	0.597651	-0.801186	0.245162	0.781502	0.573717
0.968809	-0.180228	-0.170079	-0.029441	0.597760	-0.801134	0.246053	0.781153	0.573809
0.968697	-0.180596	-0.170325	-0.029295	0.598159	-0.800841	0.246510	0.780763	0.574145
0.968489	-0.181539	-0.170509	-0.028610	0.598993	-0.800243	0.247409	0.779905	0.574924
0.968272	-0.182826	-0.170365	-0.027438	0.599834	-0.799654	0.248388	0.778957	0.575786
0.968238	-0.183594	-0.169729	-0.026223	0.600529	-0.799173	0.248650	0.778241	0.576641
0.968197	-0.183821	-0.169719	-0.025923	0.601004	-0.798825	0.248843	0.777820	0.577125
0.968243	-0.183726	-0.169558	-0.025772	0.601244	-0.798650	0.248678	0.777657	0.577415
0.968299	-0.183583	-0.169392	-0.025725	0.601234	-0.798659	0.248464	0.777699	0.577451
0.968287	-0.183764	-0.169269	-0.025537	0.601160	-0.798721	0.248534	0.777713	0.577402
0.968256	-0.183769	-0.169438	-0.025786	0.600807	-0.798978	0.248627	0.777984	0.576996
0.968351	-0.182909	-0.169824	-0.026747	0.600442	-0.799221	0.248154	0.778469	0.576546
0.968437	-0.182276	-0.170016	-0.027235	0.600622	-0.799069	0.247767	0.778478	0.576700
0.968653	-0.181632	-0.169473	-0.027067	0.600980	-0.798805	0.246938	0.778352	0.577225
0.968753	-0.181127	-0.169444	-0.027403	0.600818	-0.798916	0.246511	0.778595	0.577081
0.968822	-0.180409	-0.169813	-0.028236	0.600532	-0.799102	0.246143	0.778982	0.576715
0.968766	-0.180153	-0.170405	-0.028900	0.600474	-0.799122	0.246288	0.779086	0.576513
0.968687	-0.179950	-0.171065	-0.029713	0.600014	-0.799437	0.246500	0.779488	0.575879
0.968601	-0.180211	-0.171279	-0.029921	0.599416	-0.799879	0.246814	0.779888	0.575202
0.968445	-0.180790	-0.171550	-0.029912	0.599036	-0.800163	0.247426	0.780045	0.574725
0.968357	-0.181033	-0.171787	-0.030005	0.598895	-0.800265	0.247757	0.780098	0.574512
0.968365	-0.180869	-0.171918	-0.030121	0.599182	-0.800046	0.247714	0.779915	0.574779
0.968427	-0.180558	-0.171896	-0.030116	0.599740	-0.799628	0.247472	0.779558	0.575367
