0.918833	0.369812	-0.137787	-0.284708	0.379378	-0.880349	-0.273290	0.848122	0.453874
0.917916	0.371866	-0.138368	-0.286299	0.379313	-0.879860	-0.274705	0.847253	0.454642
0.917773	0.372245	-0.138301	-0.286240	0.378728	-0.880132	-0.275246	0.847348	0.454138
0.917671	0.372728	-0.137671	-0.285738	0.378281	-0.880487	-0.276104	0.847335	0.453640
0.916712	0.375062	-0.137725	-0.286585	0.377045	-0.880742	-0.278404	0.846856	0.453129
0.915256	0.378660	-0.137559	-0.287178	0.373741	-0.881956	-0.282550	0.846720	0.450812
0.914523	0.380774	-0.136599	-0.285701	0.368887	-0.884476	-0.286396	0.847900	0.446143
0.914597	0.381576	-0.133835	-0.281888	0.364345	-0.887576	-0.289915	0.849501	0.440791
0.914951	0.382306	-0.129259	-0.276582	0.360781	-0.890696	-0.293884	0.850694	0.435835
0.914905	0.383103	-0.127208	-0.273950	0.357810	-0.892706	-0.296481	0.851589	0.432313
0.913635	0.384820	-0.131092	-0.277811	0.355569	-0.892408	-0.296804	0.851754	0.431767
0.911693	0.387493	-0.136617	-0.284167	0.354512	-0.890826	-0.296757	0.850982	0.433319
0.909708	0.390180	-0.142094	-0.290367	0.353100	-0.889386	-0.296847	0.850341	0.434513
0.908081	0.392318	-0.146548	-0.295345	0.351820	-0.888253	-0.296919	0.849888	0.435350
0.906742	0.394418	-0.149174	-0.298667	0.350962	-0.887482	-0.297684	0.849270	0.436032
0.906258	0.395075	-0.150376	-0.300122	0.350814	-0.887049	-0.297697	0.849026	0.436499
0.905755	0.395766	-0.151579	-0.301608	0.350698	-0.886591	-0.297725	0.848752	0.437012
0.904949	0.397173	-0.152710	-0.303227	0.350137	-0.886260	-0.298529	0.848327	0.437290
0.903995	0.398978	-0.153652	-0.304972	0.349878	-0.885764	-0.299641	0.847586	0.437965
0.902994	0.400904	-0.154525	-0.306539	0.349130	-0.885518	-0.301058	0.846985	0.438155
0.902362	0.402607	-0.153785	-0.306312	0.348110	-0.885998	-0.303174	0.846597	0.437445
0.901516	0.404431	-0.153963	-0.306785	0.346363	-0.886519	-0.305209	0.846444	0.436325
0.900560	0.406138	-0.155058	-0.307937	0.344178	-0.886970	-0.306865	0.846518	0.435018
0.899564	0.407713	-0.156700	-0.309341	0.341397	-0.887556	-0.308372	0.846887	0.433231
0.898650	0.409959	-0.156084	-0.308053	0.336459	-0.889886	-0.312301	0.847779	0.428648
