0.957926	-0.233736	-0.166571	-0.018326	0.529360	-0.848199	0.286431	0.815564	0.502804
0.957355	-0.233743	-0.169809	-0.021146	0.529483	-0.848057	0.288138	0.815483	0.501960
0.957265	-0.234460	-0.169329	-0.020223	0.529785	-0.847891	0.288504	0.815080	0.502403
0.957578	-0.234856	-0.166996	-0.017800	0.530183	-0.847696	0.287625	0.814708	0.503511
0.957696	-0.234981	-0.166137	-0.016979	0.530163	-0.847726	0.287279	0.814685	0.503746
0.957774	-0.234713	-0.166067	-0.017155	0.529902	-0.847885	0.287009	0.814931	0.503500
0.957866	-0.234386	-0.165999	-0.017393	0.529562	-0.848093	0.286688	0.815247	0.503173
0.958185	-0.233995	-0.164706	-0.016441	0.529622	-0.848074	0.285677	0.815320	0.503629
0.958466	-0.233517	-0.163749	-0.015723	0.530001	-0.847851	0.284775	0.815211	0.504316
0.958740	-0.232972	-0.162914	-0.014863	0.531207	-0.847112	0.283894	0.814582	0.505827
0.958893	-0.232761	-0.162316	-0.013697	0.533372	-0.845770	0.283437	0.813226	0.508258
0.959110	-0.232830	-0.160930	-0.011134	0.537112	-0.843438	0.282815	0.810741	0.512557
0.959455	-0.232201	-0.159776	-0.008620	0.542421	-0.840062	0.281729	0.807380	0.518427
0.959604	-0.231096	-0.160482	-0.007922	0.547975	-0.836457	0.281242	0.803939	0.524009
0.959808	-0.228774	-0.162578	-0.009488	0.552494	-0.833463	0.280498	0.801506	0.528118
0.960927	-0.223556	-0.163225	-0.011258	0.557627	-0.830015	0.276574	0.799422	0.533321
0.962140	-0.218229	-0.163288	-0.012241	0.563896	-0.825755	0.272281	0.796491	0.539876
0.963374	-0.213303	-0.162518	-0.012073	0.570932	-0.820908	0.267889	0.792804	0.547446
0.964453	-0.208649	-0.162161	-0.012170	0.577930	-0.815995	0.263974	0.788963	0.554847
0.965473	-0.203359	-0.162811	-0.013696	0.584498	-0.811280	0.260144	0.785498	0.561531
0.966383	-0.198255	-0.163704	-0.015408	0.590914	-0.806587	0.256645	0.781994	0.567995
0.967471	-0.192773	-0.163822	-0.016733	0.597389	-0.801777	0.252426	0.778437	0.574732
0.968332	-0.187933	-0.164360	-0.018375	0.602887	-0.797615	0.248989	0.775376	0.580341
0.969028	-0.183675	-0.165067	-0.020234	0.607124	-0.794349	0.246119	0.773087	0.584604
0.969666	-0.179365	-0.166059	-0.022809	0.610004	-0.792070	0.243366	0.771831	0.587409
