0.985930	-0.084273	-0.144359	-0.060829	0.623519	-0.779438	0.155696	0.777253	0.609620
0.986006	-0.083900	-0.144059	-0.061219	0.621536	-0.780990	0.155063	0.778880	0.607702
0.986051	-0.083157	-0.144178	-0.062269	0.619029	-0.782896	0.154353	0.780953	0.605216
0.986055	-0.083363	-0.144037	-0.062533	0.616478	-0.784885	0.154226	0.782946	0.602668
0.986210	-0.083041	-0.143160	-0.062548	0.613840	-0.786949	0.153227	0.785051	0.600181
0.986442	-0.082609	-0.141799	-0.062199	0.611391	-0.788880	0.151864	0.787005	0.597964
0.986686	-0.082586	-0.140107	-0.061253	0.609340	-0.790540	0.150660	0.788597	0.596168
0.986837	-0.083057	-0.138760	-0.060296	0.607197	-0.792260	0.150057	0.790198	0.594196
0.987097	-0.082763	-0.137078	-0.059538	0.604992	-0.794002	0.148645	0.791918	0.592259
0.987250	-0.082644	-0.136041	-0.059012	0.603722	-0.795007	0.147834	0.792899	0.591148
0.987277	-0.083333	-0.135422	-0.058296	0.602669	-0.795859	0.147936	0.793628	0.590144
0.987492	-0.083457	-0.133772	-0.056939	0.602413	-0.796151	0.147031	0.793810	0.590126
0.987618	-0.083146	-0.133031	-0.056681	0.601582	-0.796798	0.146279	0.794472	0.589420
0.987611	-0.083049	-0.133144	-0.057007	0.600621	-0.797499	0.146201	0.795209	0.588446
0.987648	-0.083254	-0.132743	-0.056606	0.600380	-0.797709	0.146109	0.795370	0.588251
0.987767	-0.083570	-0.131651	-0.055476	0.600697	-0.797550	0.145734	0.795097	0.588712
0.987827	-0.084506	-0.130599	-0.053847	0.601894	-0.796758	0.145937	0.794092	0.590017
0.987778	-0.085850	-0.130095	-0.052415	0.603086	-0.795952	0.146791	0.793043	0.591215
0.987728	-0.086677	-0.129925	-0.051625	0.603928	-0.795365	0.147405	0.792311	0.592042
0.987583	-0.087074	-0.130761	-0.051952	0.604499	-0.794910	0.148261	0.791832	0.592470
0.987436	-0.087129	-0.131826	-0.052852	0.604096	-0.795157	0.148917	0.792134	0.591901
0.987419	-0.086836	-0.132148	-0.053440	0.603283	-0.795735	0.148821	0.792786	0.591053
0.987537	-0.086650	-0.131384	-0.052869	0.603641	-0.795501	0.148239	0.792533	0.591537
0.987684	-0.087076	-0.129993	-0.051466	0.603784	-0.795485	0.147755	0.792378	0.591866
0.987829	-0.087323	-0.128717	-0.050391	0.603242	-0.795965	0.147154	0.792764	0.591500
