0.950998	0.197800	-0.237650	-0.290521	0.308562	-0.905752	-0.105828	0.930411	0.350908
0.950909	0.198054	-0.237794	-0.290699	0.308116	-0.905847	-0.106139	0.930505	0.350564
0.950837	0.198247	-0.237924	-0.290874	0.307962	-0.905843	-0.106309	0.930515	0.350486
0.950796	0.198187	-0.238135	-0.291059	0.308004	-0.905769	-0.106165	0.930513	0.350533
0.950868	0.197841	-0.238135	-0.290936	0.308012	-0.905806	-0.105857	0.930584	0.350438
0.950956	0.197633	-0.237956	-0.290686	0.307970	-0.905901	-0.105753	0.930642	0.350315
0.950948	0.197897	-0.237771	-0.290542	0.307422	-0.906133	-0.106225	0.930768	0.349840
0.950859	0.197664	-0.238321	-0.290980	0.307402	-0.905999	-0.105823	0.930824	0.349812
0.950883	0.198005	-0.237940	-0.290705	0.307097	-0.906191	-0.106360	0.930852	0.349575
0.951140	0.198217	-0.236735	-0.289606	0.306876	-0.906617	-0.107058	0.930880	0.349287
0.951237	0.198185	-0.236370	-0.289312	0.307444	-0.906519	-0.106988	0.930699	0.349789
0.951166	0.198331	-0.236534	-0.289559	0.307780	-0.906326	-0.106953	0.930557	0.350178
0.951166	0.198308	-0.236551	-0.289596	0.308024	-0.906231	-0.106850	0.930481	0.350412
0.951303	0.198206	-0.236088	-0.289134	0.308159	-0.906333	-0.106888	0.930458	0.350461
0.951716	0.198303	-0.234336	-0.287477	0.307965	-0.906926	-0.107678	0.930502	0.350102
0.952243	0.198378	-0.232120	-0.285394	0.307986	-0.907576	-0.108553	0.930479	0.349893
0.952666	0.198125	-0.230597	-0.283872	0.308166	-0.907993	-0.108834	0.930473	0.349821
0.952915	0.198000	-0.229670	-0.282985	0.308514	-0.908151	-0.108957	0.930384	0.350019
0.952994	0.198004	-0.229340	-0.282733	0.309033	-0.908053	-0.108924	0.930211	0.350489
0.953033	0.198234	-0.228981	-0.282529	0.309511	-0.907954	-0.109115	0.930003	0.350981
0.952947	0.198612	-0.229010	-0.282760	0.310076	-0.907689	-0.109268	0.929734	0.351645
0.952746	0.198965	-0.229540	-0.283490	0.310913	-0.907175	-0.109129	0.929379	0.352626
0.952520	0.199311	-0.230175	-0.284287	0.311483	-0.906730	-0.109026	0.929114	0.353355
0.952380	0.199450	-0.230632	-0.284834	0.312008	-0.906378	-0.108818	0.928908	0.353960
0.952318	0.199664	-0.230707	-0.285018	0.312318	-0.906213	-0.108884	0.928758	0.354334
