0.956910	-0.178470	-0.229066	-0.074504	0.611539	-0.787699	0.280664	0.770823	0.571891
0.957004	-0.177973	-0.229061	-0.074649	0.611963	-0.787356	0.280304	0.770602	0.572365
0.956685	-0.178097	-0.230292	-0.075537	0.612100	-0.787164	0.281153	0.770464	0.572134
0.956471	-0.177978	-0.231273	-0.076534	0.611776	-0.787320	0.281612	0.770749	0.571525
0.956551	-0.177581	-0.231247	-0.076661	0.612035	-0.787106	0.281306	0.770635	0.571829
0.956542	-0.177622	-0.231255	-0.076512	0.612390	-0.786844	0.281379	0.770343	0.572187
0.956539	-0.177781	-0.231144	-0.076324	0.612391	-0.786862	0.281440	0.770306	0.572206
0.956570	-0.177872	-0.230944	-0.076215	0.612086	-0.787110	0.281362	0.770527	0.571947
0.956655	-0.177747	-0.230687	-0.076154	0.611884	-0.787273	0.281089	0.770717	0.571826
0.956716	-0.177361	-0.230731	-0.076505	0.611667	-0.787407	0.280786	0.770977	0.571623
0.956848	-0.176936	-0.230511	-0.076694	0.611362	-0.787626	0.280285	0.771317	0.571411
0.956912	-0.176676	-0.230444	-0.076929	0.611002	-0.787882	0.280001	0.771662	0.571084
0.956878	-0.176641	-0.230614	-0.077207	0.610679	-0.788105	0.280043	0.771926	0.570707
0.956809	-0.176691	-0.230863	-0.077489	0.610381	-0.788308	0.280201	0.772150	0.570326
0.956722	-0.176716	-0.231202	-0.077869	0.610062	-0.788518	0.280391	0.772396	0.569899
0.956611	-0.176464	-0.231855	-0.078580	0.610009	-0.788489	0.280573	0.772496	0.569674
0.956358	-0.176146	-0.233133	-0.079884	0.609851	-0.788480	0.281064	0.772693	0.569165
0.956240	-0.176367	-0.233451	-0.080070	0.609693	-0.788583	0.281414	0.772767	0.568892
0.956283	-0.177094	-0.232724	-0.079106	0.609481	-0.788844	0.281541	0.772768	0.568827
0.956322	-0.177846	-0.231990	-0.078147	0.609199	-0.789157	0.281676	0.772818	0.568692
0.956355	-0.177900	-0.231811	-0.077912	0.609348	-0.789065	0.281628	0.772688	0.568893
0.956168	-0.177985	-0.232517	-0.078366	0.609559	-0.788858	0.282137	0.772502	0.568893
0.956215	-0.177668	-0.232567	-0.078535	0.609737	-0.788703	0.281932	0.772434	0.569087
0.956199	-0.177876	-0.232472	-0.078122	0.610307	-0.788304	0.282100	0.771936	0.569679
