0.962258	-0.189251	-0.195559	-0.054496	0.570042	-0.819806	0.266627	0.799522	0.538214
0.962447	-0.188628	-0.195232	-0.054465	0.570373	-0.819578	0.265950	0.799434	0.538680
0.962514	-0.188310	-0.195207	-0.054568	0.570546	-0.819451	0.265685	0.799385	0.538883
0.962510	-0.188213	-0.195320	-0.054693	0.570627	-0.819386	0.265673	0.799350	0.538941
0.962466	-0.188343	-0.195411	-0.054602	0.570913	-0.819193	0.265852	0.799115	0.539201
0.962361	-0.188850	-0.195441	-0.054240	0.571198	-0.819018	0.266308	0.798792	0.539455
0.962247	-0.189762	-0.195116	-0.053411	0.571284	-0.819012	0.266884	0.798514	0.539581
0.962195	-0.190633	-0.194526	-0.052373	0.571387	-0.819008	0.267279	0.798233	0.539801
0.962162	-0.191161	-0.194171	-0.051744	0.571456	-0.819000	0.267521	0.798058	0.539941
0.962079	-0.191528	-0.194217	-0.051505	0.571653	-0.818877	0.267863	0.797828	0.540111
0.962051	-0.191555	-0.194330	-0.051469	0.572002	-0.818636	0.267971	0.797572	0.540436
0.962114	-0.191267	-0.194303	-0.051541	0.572214	-0.818483	0.267732	0.797489	0.540677
0.962148	-0.191285	-0.194118	-0.051372	0.572217	-0.818492	0.267643	0.797482	0.540730
0.962172	-0.191586	-0.193701	-0.050858	0.572174	-0.818554	0.267654	0.797441	0.540786
0.962168	-0.191840	-0.193470	-0.050543	0.572089	-0.818633	0.267729	0.797441	0.540749
0.962182	-0.191879	-0.193360	-0.050481	0.571929	-0.818749	0.267689	0.797546	0.540613
0.962293	-0.191663	-0.193021	-0.050360	0.571802	-0.818844	0.267312	0.797689	0.540589
0.962338	-0.191637	-0.192823	-0.050292	0.571546	-0.819028	0.267164	0.797879	0.540382
0.962253	-0.191849	-0.193039	-0.050452	0.571252	-0.819223	0.267441	0.798038	0.540009
0.961961	-0.192226	-0.194116	-0.051347	0.570673	-0.819571	0.268319	0.798362	0.539095
0.961962	-0.191832	-0.194499	-0.052097	0.570085	-0.819932	0.268170	0.798876	0.538406
0.961892	-0.191851	-0.194825	-0.052512	0.569644	-0.820212	0.268339	0.799186	0.537862
0.961847	-0.192260	-0.194644	-0.052215	0.569371	-0.820421	0.268558	0.799283	0.537609
0.961772	-0.192749	-0.194534	-0.051961	0.569012	-0.820686	0.268878	0.799420	0.537244
0.961656	-0.193057	-0.194801	-0.052202	0.568450	-0.821060	0.269245	0.799746	0.536576
