0.977668	-0.162944	-0.132716	-0.001902	0.624633	-0.780916	0.210144	0.763730	0.610374
0.977721	-0.162672	-0.132666	-0.001680	0.625928	-0.779879	0.209904	0.762726	0.611710
0.977763	-0.162462	-0.132607	-0.001392	0.627294	-0.778781	0.209706	0.761648	0.613119
0.977775	-0.162288	-0.132733	-0.001283	0.628456	-0.777844	0.209652	0.760727	0.614280
0.977868	-0.161665	-0.132810	-0.001523	0.629263	-0.777191	0.209217	0.760192	0.615090
0.977979	-0.160828	-0.133007	-0.001986	0.630106	-0.776507	0.208692	0.759672	0.615911
0.978079	-0.159974	-0.133300	-0.002514	0.631030	-0.775754	0.208217	0.759085	0.616795
0.978180	-0.159290	-0.133379	-0.002744	0.632033	-0.774937	0.207739	0.758394	0.617805
0.978267	-0.159147	-0.132915	-0.002188	0.633056	-0.774103	0.207339	0.757570	0.618950
0.978313	-0.159273	-0.132419	-0.001448	0.634029	-0.773308	0.207125	0.756729	0.620048
0.978368	-0.159698	-0.131504	-0.000178	0.635021	-0.772495	0.206874	0.755807	0.621255
0.978450	-0.159928	-0.130608	0.000936	0.635964	-0.771718	0.206481	0.754966	0.622409
0.978436	-0.160199	-0.130383	0.001562	0.636958	-0.770897	0.206546	0.754070	0.623472
0.978295	-0.160627	-0.130913	0.001652	0.637791	-0.770207	0.207211	0.753274	0.624213
0.978376	-0.160175	-0.130863	0.001568	0.638416	-0.769690	0.206830	0.752840	0.624862
0.978376	-0.160092	-0.130965	0.001630	0.639132	-0.769096	0.206830	0.752251	0.625572
0.978388	-0.160098	-0.130862	0.002006	0.640187	-0.768216	0.206766	0.751351	0.626673
0.978402	-0.160183	-0.130654	0.002438	0.640962	-0.767569	0.206696	0.750672	0.627509
0.978445	-0.160159	-0.130363	0.002802	0.641512	-0.767108	0.206489	0.750207	0.628133
0.978439	-0.160118	-0.130457	0.002935	0.642361	-0.766397	0.206514	0.749489	0.628981
0.978487	-0.159977	-0.130269	0.003253	0.643319	-0.765591	0.206282	0.748697	0.630000
0.978552	-0.159723	-0.130093	0.003476	0.644235	-0.764819	0.205970	0.747963	0.630973
0.978569	-0.159788	-0.129883	0.003913	0.645071	-0.764112	0.205880	0.747229	0.631872
0.978577	-0.159914	-0.129669	0.004340	0.645710	-0.763570	0.205834	0.746650	0.632572
