0.980654	-0.133303	-0.143349	-0.036716	0.594047	-0.803592	0.192277	0.793308	0.577660
0.980757	-0.133522	-0.142433	-0.035194	0.596693	-0.801698	0.192033	0.791284	0.580511
0.980626	-0.134451	-0.142461	-0.034259	0.598335	-0.800513	0.192869	0.789885	0.582137
0.980662	-0.134706	-0.141972	-0.033503	0.599169	-0.799921	0.192819	0.789209	0.583070
0.980628	-0.135420	-0.141525	-0.032522	0.599924	-0.799396	0.193159	0.788513	0.583898
0.980575	-0.136182	-0.141165	-0.031614	0.600556	-0.798957	0.193581	0.787900	0.584585
0.980475	-0.136662	-0.141393	-0.031564	0.600334	-0.799126	0.194093	0.787986	0.584299
0.980320	-0.137143	-0.142000	-0.031860	0.599963	-0.799393	0.194826	0.788185	0.583787
0.980172	-0.137888	-0.142302	-0.031604	0.600174	-0.799245	0.195613	0.787895	0.583916
0.980190	-0.138069	-0.142001	-0.031177	0.600463	-0.799045	0.195590	0.787643	0.584263
0.980203	-0.138183	-0.141799	-0.030914	0.600584	-0.798964	0.195566	0.787531	0.584422
0.980164	-0.138277	-0.141981	-0.030995	0.600625	-0.798930	0.195750	0.787483	0.584425
0.980054	-0.138602	-0.142417	-0.031205	0.600419	-0.799076	0.196264	0.787582	0.584118
0.979919	-0.139144	-0.142821	-0.031333	0.599916	-0.799449	0.196920	0.787870	0.583509
0.979866	-0.139469	-0.142864	-0.031328	0.599291	-0.799918	0.197181	0.788288	0.582856
0.979876	-0.139623	-0.142648	-0.031133	0.598991	-0.800150	0.197164	0.788489	0.582590
0.979803	-0.139659	-0.143112	-0.031585	0.598614	-0.800415	0.197454	0.788769	0.582112
0.979762	-0.139664	-0.143389	-0.031894	0.598272	-0.800658	0.197609	0.789027	0.581710
0.979744	-0.139819	-0.143362	-0.031872	0.597897	-0.800939	0.197702	0.789284	0.581330
0.979770	-0.139612	-0.143382	-0.032054	0.597734	-0.801053	0.197541	0.789444	0.581167
0.979588	-0.139502	-0.144732	-0.033224	0.597735	-0.801005	0.198253	0.789463	0.580899
0.979642	-0.138269	-0.145543	-0.034641	0.597686	-0.800982	0.197740	0.789717	0.580728
0.979665	-0.137609	-0.146017	-0.035267	0.598321	-0.800480	0.197518	0.789351	0.581301
0.979705	-0.137603	-0.145753	-0.034827	0.599231	-0.799818	0.197398	0.788662	0.582277
