0.977696	-0.137368	-0.158876	-0.056357	0.557122	-0.828516	0.202325	0.818990	0.536954
0.977082	-0.139582	-0.160710	-0.056405	0.558226	-0.827769	0.205254	0.817863	0.537560
0.976756	-0.140815	-0.161612	-0.056325	0.558848	-0.827355	0.206820	0.817227	0.537927
0.976632	-0.141444	-0.161816	-0.056107	0.559009	-0.827261	0.207468	0.817008	0.538010
0.976584	-0.141687	-0.161891	-0.055976	0.559240	-0.827114	0.207727	0.816808	0.538214
0.976558	-0.142018	-0.161759	-0.055645	0.559375	-0.827045	0.207939	0.816658	0.538359
0.976555	-0.142428	-0.161414	-0.055143	0.559301	-0.827128	0.208085	0.816637	0.538334
0.976520	-0.143002	-0.161118	-0.054685	0.558853	-0.827461	0.208370	0.816843	0.537911
0.976446	-0.143299	-0.161302	-0.054902	0.557970	-0.828043	0.208660	0.817395	0.536960
0.976239	-0.143427	-0.162440	-0.056062	0.556930	-0.828665	0.209321	0.818082	0.535655
0.975979	-0.143968	-0.163520	-0.056933	0.555937	-0.829272	0.210295	0.818662	0.534386
0.975763	-0.145019	-0.163876	-0.056874	0.555077	-0.829852	0.211308	0.819060	0.533376
0.975670	-0.145701	-0.163825	-0.056631	0.554390	-0.830328	0.211802	0.819404	0.532651
0.975362	-0.146705	-0.164765	-0.057027	0.553808	-0.830689	0.213114	0.819619	0.531797
0.975314	-0.146628	-0.165111	-0.057515	0.553228	-0.831042	0.213199	0.820024	0.531138
0.975408	-0.146003	-0.165113	-0.057846	0.553287	-0.830980	0.212680	0.820095	0.531235
0.975482	-0.145635	-0.164999	-0.057876	0.553585	-0.830779	0.212332	0.819960	0.531583
0.975599	-0.145305	-0.164601	-0.057634	0.553913	-0.830577	0.211861	0.819797	0.532022
0.975655	-0.145206	-0.164357	-0.057390	0.554263	-0.830360	0.211671	0.819577	0.532436
0.975698	-0.144800	-0.164460	-0.057532	0.554924	-0.829909	0.211434	0.819202	0.533108
0.975781	-0.144212	-0.164485	-0.057747	0.555435	-0.829552	0.210992	0.818960	0.533655
0.975927	-0.143635	-0.164118	-0.057678	0.555733	-0.829358	0.210331	0.818859	0.534070
0.976044	-0.143444	-0.163588	-0.057308	0.555837	-0.829314	0.209888	0.818822	0.534301
0.976106	-0.143820	-0.162887	-0.056463	0.555993	-0.829267	0.209829	0.818650	0.534587
