0.926327	-0.118915	-0.357459	-0.026048	0.926384	-0.375678	0.375818	0.357312	0.855037
0.926690	-0.117967	-0.356832	-0.026235	0.926840	-0.374540	0.374909	0.356444	0.855799
0.926893	-0.117210	-0.356554	-0.026236	0.927429	-0.373077	0.374407	0.355157	0.856553
0.926901	-0.116959	-0.356615	-0.026092	0.927820	-0.372114	0.374397	0.354218	0.856946
0.927075	-0.116931	-0.356172	-0.025830	0.927925	-0.371872	0.373984	0.353953	0.857236
0.927055	-0.117240	-0.356122	-0.025709	0.927738	-0.372347	0.374042	0.354341	0.857050
0.926958	-0.117157	-0.356402	-0.026373	0.927290	-0.373413	0.374236	0.355538	0.856470
0.926701	-0.117322	-0.357016	-0.026757	0.927009	-0.374083	0.374846	0.356216	0.855921
0.926775	-0.117790	-0.356669	-0.026066	0.927100	-0.373906	0.374711	0.355823	0.856143
0.926938	-0.117949	-0.356194	-0.025205	0.927589	-0.372752	0.374367	0.354496	0.856844
0.926766	-0.117480	-0.356797	-0.025342	0.928119	-0.371421	0.374784	0.353262	0.857171
0.926627	-0.117165	-0.357260	-0.025610	0.928330	-0.370874	0.375109	0.352811	0.857215
0.926693	-0.117157	-0.357091	-0.025557	0.928323	-0.370895	0.374948	0.352833	0.857276
0.926733	-0.117156	-0.356987	-0.025497	0.928342	-0.370853	0.374853	0.352783	0.857338
0.926630	-0.116985	-0.357312	-0.025800	0.928335	-0.370848	0.375089	0.352857	0.857205
0.926595	-0.117373	-0.357274	-0.025604	0.928151	-0.371322	0.375187	0.353213	0.857015
0.927056	-0.118171	-0.355813	-0.024643	0.927772	-0.372334	0.374112	0.353943	0.857184
0.927037	-0.118926	-0.355610	-0.024502	0.927132	-0.373933	0.374168	0.355363	0.856572
0.927146	-0.119065	-0.355279	-0.024986	0.926414	-0.375676	0.373865	0.357183	0.855947
0.927276	-0.118997	-0.354964	-0.025306	0.926048	-0.376555	0.373523	0.358154	0.855691
0.927529	-0.118809	-0.354365	-0.025302	0.925995	-0.376686	0.372894	0.358353	0.855881
0.927843	-0.118131	-0.353768	-0.025550	0.926156	-0.376274	0.372094	0.358162	0.856310
0.927933	-0.117410	-0.353773	-0.026189	0.926215	-0.376084	0.371826	0.358246	0.856391
0.928022	-0.117473	-0.353518	-0.026236	0.926011	-0.376584	0.371600	0.358753	0.856277
0.928011	-0.118043	-0.353357	-0.025950	0.925691	-0.377390	0.371648	0.359392	0.855988
