0.861075	-0.360775	-0.358316	0.230214	0.904932	-0.357911	0.453377	0.225699	0.862270
0.860930	-0.361125	-0.358314	0.230938	0.905015	-0.357234	0.453285	0.224805	0.862552
0.860676	-0.361165	-0.358881	0.231020	0.905140	-0.356863	0.453724	0.224235	0.862469
0.860568	-0.361474	-0.358832	0.230946	0.904850	-0.357646	0.453968	0.224908	0.862165
0.860589	-0.361947	-0.358302	0.230800	0.904293	-0.359145	0.454001	0.226380	0.861763
0.860262	-0.362330	-0.358700	0.230075	0.903711	-0.361071	0.454988	0.228088	0.860791
0.859893	-0.362927	-0.358982	0.229674	0.903094	-0.362866	0.455889	0.229577	0.859919
0.859441	-0.363321	-0.359665	0.229847	0.903013	-0.362958	0.456653	0.229273	0.859594
0.859341	-0.363259	-0.359967	0.230289	0.903347	-0.361845	0.456618	0.228051	0.859937
0.859630	-0.363235	-0.359301	0.230816	0.903489	-0.361153	0.455808	0.227525	0.860506
0.860007	-0.362758	-0.358879	0.230450	0.903596	-0.361119	0.455281	0.227862	0.860697
0.860580	-0.362087	-0.358183	0.230010	0.903762	-0.360984	0.454420	0.228270	0.861043
0.861130	-0.361584	-0.357369	0.229679	0.903824	-0.361040	0.453545	0.228822	0.861358
0.861671	-0.360650	-0.357009	0.228850	0.904073	-0.360943	0.452936	0.229312	0.861548
0.861981	-0.359867	-0.357051	0.228093	0.904322	-0.360798	0.452728	0.229560	0.861591
0.862182	-0.359766	-0.356666	0.227860	0.904202	-0.361246	0.452462	0.230190	0.861563
0.862381	-0.359811	-0.356138	0.227949	0.904099	-0.361448	0.452037	0.230525	0.861696
0.861991	-0.359741	-0.357152	0.227546	0.904165	-0.361536	0.452984	0.230373	0.861240
0.861629	-0.359827	-0.357939	0.227149	0.904063	-0.362040	0.453871	0.230638	0.860702
0.861147	-0.360491	-0.358430	0.227549	0.903842	-0.362341	0.454585	0.230469	0.860370
0.860907	-0.360973	-0.358522	0.228014	0.903713	-0.362370	0.454807	0.230219	0.860319
0.860988	-0.361016	-0.358284	0.228457	0.903853	-0.361743	0.454431	0.229604	0.860683
0.861054	-0.360728	-0.358416	0.228709	0.904237	-0.360622	0.454179	0.228542	0.861098
0.861156	-0.360374	-0.358525	0.228769	0.904571	-0.359746	0.453954	0.227778	0.861419
