0.933696	-0.084063	-0.348060	-0.060214	0.921347	-0.384050	0.352968	0.379544	0.855196
0.933651	-0.084326	-0.348117	-0.060807	0.920470	-0.386054	0.352985	0.381608	0.854270
0.933466	-0.084586	-0.348550	-0.061395	0.919767	-0.387632	0.353373	0.383240	0.853378
0.933553	-0.085117	-0.348186	-0.060708	0.919815	-0.387626	0.353260	0.383007	0.853529
0.933691	-0.085224	-0.347791	-0.059958	0.920343	-0.386489	0.353025	0.381714	0.854206
0.933910	-0.084870	-0.347288	-0.059676	0.920777	-0.385497	0.352492	0.380744	0.854859
0.933777	-0.084513	-0.347733	-0.059983	0.921001	-0.384915	0.352792	0.380283	0.854940
0.933764	-0.084431	-0.347787	-0.059962	0.921130	-0.384609	0.352830	0.379988	0.855056
0.933861	-0.084628	-0.347479	-0.059450	0.921348	-0.384167	0.352660	0.379416	0.855380
0.933970	-0.084708	-0.347167	-0.058968	0.921648	-0.383519	0.352453	0.378667	0.855797
0.933921	-0.084675	-0.347308	-0.058823	0.921898	-0.382941	0.352608	0.378066	0.855999
0.934012	-0.084676	-0.347060	-0.058637	0.921989	-0.382751	0.352396	0.377844	0.856184
0.934295	-0.084637	-0.346309	-0.058512	0.921830	-0.383152	0.351667	0.378240	0.856309
0.934216	-0.084851	-0.346469	-0.058715	0.921469	-0.383988	0.351842	0.379070	0.855869
0.934276	-0.084814	-0.346317	-0.059023	0.921107	-0.384810	0.351632	0.379960	0.855562
0.934072	-0.085019	-0.346817	-0.059065	0.921078	-0.384872	0.352167	0.379983	0.855331
0.934182	-0.085288	-0.346454	-0.058485	0.921274	-0.384493	0.351972	0.379448	0.855649
0.934314	-0.085371	-0.346076	-0.058098	0.921440	-0.384153	0.351684	0.379026	0.855955
0.934459	-0.085469	-0.345660	-0.057736	0.921548	-0.383948	0.351358	0.378741	0.856214
0.934487	-0.085782	-0.345509	-0.057637	0.921274	-0.384621	0.351302	0.379337	0.855974
0.934615	-0.086037	-0.345098	-0.057604	0.920871	-0.385589	0.350965	0.380257	0.855703
0.934823	-0.086332	-0.344459	-0.057267	0.920652	-0.386160	0.350465	0.380718	0.855703
0.934824	-0.086465	-0.344425	-0.057261	0.920510	-0.386500	0.350465	0.381031	0.855564
0.934739	-0.087050	-0.344507	-0.057014	0.920225	-0.387214	0.350731	0.381586	0.855208
0.934784	-0.088049	-0.344131	-0.056679	0.919408	-0.389199	0.350665	0.383322	0.854458
