0.927961	-0.084677	-0.362929	-0.064360	0.922800	-0.379865	0.367077	0.375858	0.850873
0.927917	-0.084270	-0.363138	-0.064658	0.922969	-0.379403	0.367138	0.375535	0.850990
0.927870	-0.084275	-0.363256	-0.064320	0.923359	-0.378512	0.367314	0.374574	0.851337
0.928175	-0.084454	-0.362434	-0.063506	0.923678	-0.377870	0.366685	0.373746	0.851972
0.928114	-0.084726	-0.362527	-0.063231	0.923740	-0.377765	0.366887	0.373532	0.851979
0.927893	-0.084760	-0.363085	-0.063783	0.923377	-0.378559	0.367351	0.374420	0.851389
0.927608	-0.084847	-0.363793	-0.064203	0.923161	-0.379014	0.367997	0.374932	0.850884
0.927623	-0.084675	-0.363793	-0.064092	0.923437	-0.378361	0.367978	0.374293	0.851174
0.927823	-0.084048	-0.363428	-0.064031	0.923938	-0.377144	0.367483	0.373194	0.851870
0.927729	-0.083602	-0.363771	-0.064176	0.924353	-0.376103	0.367696	0.372268	0.852184
0.927553	-0.083595	-0.364220	-0.064390	0.924327	-0.376130	0.368102	0.372333	0.851980
0.927572	-0.084174	-0.364039	-0.064038	0.924065	-0.376832	0.368115	0.372851	0.851747
0.927684	-0.084504	-0.363678	-0.063688	0.923961	-0.377148	0.367894	0.373036	0.851762
0.927743	-0.084413	-0.363548	-0.063376	0.924309	-0.376347	0.367799	0.372194	0.852171
0.927842	-0.084196	-0.363347	-0.063098	0.924710	-0.375406	0.367598	0.371244	0.852672
0.928100	-0.084186	-0.362688	-0.062672	0.924882	-0.375055	0.367018	0.370819	0.853107
0.927995	-0.084715	-0.362834	-0.062594	0.924523	-0.375950	0.367298	0.371591	0.852650
0.927975	-0.085481	-0.362706	-0.062837	0.923501	-0.378414	0.367306	0.373950	0.851614
0.927875	-0.086524	-0.362714	-0.063195	0.922149	-0.381638	0.367497	0.377034	0.850171
0.927819	-0.087485	-0.362626	-0.063400	0.920984	-0.384406	0.367603	0.379650	0.848960
0.927854	-0.087884	-0.362441	-0.063795	0.920113	-0.386421	0.367447	0.381664	0.848124
0.927770	-0.087915	-0.362648	-0.064100	0.919855	-0.386985	0.367605	0.382279	0.847779
0.927814	-0.087914	-0.362536	-0.063809	0.920110	-0.386426	0.367546	0.381665	0.848082
0.927726	-0.088154	-0.362702	-0.063483	0.920290	-0.386051	0.367823	0.381175	0.848181
0.927621	-0.088006	-0.363007	-0.063415	0.920633	-0.385245	0.368100	0.380381	0.848417
