0.925750	-0.074857	-0.370653	-0.071050	0.928317	-0.364937	0.371401	0.364175	0.854071
0.925260	-0.074571	-0.371931	-0.071478	0.928648	-0.364010	0.372538	0.363389	0.853911
0.925187	-0.075357	-0.371955	-0.070677	0.928729	-0.363959	0.372872	0.363019	0.853922
0.925208	-0.076430	-0.371684	-0.069786	0.928527	-0.364648	0.372989	0.363314	0.853746
0.925411	-0.076472	-0.371168	-0.069631	0.928441	-0.364895	0.372512	0.363523	0.853865
0.925662	-0.075502	-0.370741	-0.070315	0.928486	-0.364650	0.371760	0.363612	0.854155
0.925631	-0.074536	-0.371015	-0.071086	0.928712	-0.363925	0.371691	0.363234	0.854346
0.925658	-0.074092	-0.371036	-0.071139	0.929069	-0.363001	0.371614	0.362409	0.854730
0.925834	-0.074140	-0.370587	-0.070572	0.929407	-0.362246	0.371283	0.361533	0.855244
0.926031	-0.073839	-0.370155	-0.070247	0.929830	-0.361223	0.370853	0.360506	0.855864
0.926127	-0.073551	-0.369972	-0.070202	0.930063	-0.360630	0.370622	0.359962	0.856193
0.926156	-0.073764	-0.369856	-0.070069	0.929957	-0.360931	0.370574	0.360194	0.856116
0.926379	-0.074319	-0.369185	-0.069566	0.929691	-0.361712	0.370110	0.360765	0.856076
0.926298	-0.074748	-0.369303	-0.069545	0.929369	-0.362541	0.370318	0.361504	0.855675
0.926312	-0.074628	-0.369291	-0.069976	0.929052	-0.363271	0.370201	0.362344	0.855370
0.926221	-0.074371	-0.369572	-0.070423	0.928955	-0.363432	0.370344	0.362645	0.855181
0.926420	-0.074029	-0.369141	-0.070455	0.929068	-0.363139	0.369840	0.362427	0.855491
0.926656	-0.073507	-0.368654	-0.070616	0.929197	-0.362777	0.369219	0.362202	0.855855
0.926821	-0.073170	-0.368305	-0.070875	0.929114	-0.362939	0.368754	0.362483	0.855936
0.926805	-0.073534	-0.368272	-0.070895	0.928750	-0.363864	0.368789	0.363340	0.855557
0.926672	-0.074440	-0.368426	-0.070361	0.928510	-0.364579	0.369227	0.363768	0.855187
0.926546	-0.074748	-0.368680	-0.070090	0.928596	-0.364413	0.369594	0.363486	0.855148
0.926507	-0.074573	-0.368813	-0.070102	0.928795	-0.363905	0.369689	0.363015	0.855307
0.926599	-0.074366	-0.368624	-0.070151	0.928861	-0.363725	0.369449	0.362887	0.855465
0.926830	-0.073965	-0.368125	-0.070453	0.928737	-0.363984	0.368813	0.363287	0.855570
0.926886	-0.073707	-0.368035	-0.070823	0.928572	-0.364332	0.368601	0.363760	0.855460
