0.873126	-0.348060	-0.341329	0.210712	0.900836	-0.379598	0.439604	0.259514	0.859884
0.873361	-0.347872	-0.340918	0.210965	0.901041	-0.378972	0.439015	0.259057	0.860323
0.873485	-0.347591	-0.340886	0.211254	0.901441	-0.377856	0.438628	0.258038	0.860826
0.873321	-0.347441	-0.341459	0.210950	0.901535	-0.377802	0.439101	0.257912	0.860623
0.872863	-0.348134	-0.341926	0.210754	0.900952	-0.379300	0.440106	0.259014	0.859778
0.872363	-0.349495	-0.341812	0.211252	0.900059	-0.381139	0.440857	0.260283	0.859010
0.872014	-0.350428	-0.341749	0.211339	0.899299	-0.382879	0.441506	0.261651	0.858261
0.871864	-0.351024	-0.341520	0.211113	0.898596	-0.384652	0.441911	0.263265	0.857559
0.871444	-0.351686	-0.341911	0.211037	0.898086	-0.385883	0.442775	0.264119	0.856850
0.871307	-0.351989	-0.341948	0.210908	0.897759	-0.386713	0.443106	0.264826	0.856461
0.871249	-0.351435	-0.342663	0.210363	0.898098	-0.386223	0.443477	0.264412	0.856396
0.871247	-0.350934	-0.343183	0.210344	0.898652	-0.384942	0.443491	0.263193	0.856764
0.870996	-0.351310	-0.343435	0.211360	0.898998	-0.383575	0.443501	0.261503	0.857277
0.870844	-0.351967	-0.343146	0.211864	0.898660	-0.384087	0.443558	0.261780	0.857162
0.870905	-0.352233	-0.342718	0.211767	0.898265	-0.385065	0.443484	0.262779	0.856895
0.870808	-0.352061	-0.343143	0.210909	0.898014	-0.386119	0.444084	0.263863	0.856251
0.870792	-0.351797	-0.343453	0.209876	0.897707	-0.387395	0.444605	0.265258	0.855550
0.870639	-0.351859	-0.343777	0.209503	0.897517	-0.388035	0.445079	0.265817	0.855129
0.870764	-0.351920	-0.343397	0.209787	0.897533	-0.387846	0.444701	0.265683	0.855368
0.871109	-0.351323	-0.343135	0.209804	0.897985	-0.386788	0.444018	0.264943	0.855952
0.871443	-0.350862	-0.342757	0.210066	0.898436	-0.385597	0.443237	0.264025	0.856640
0.871803	-0.350544	-0.342169	0.210452	0.898783	-0.384576	0.442346	0.263264	0.857334
0.872110	-0.350398	-0.341534	0.210777	0.898934	-0.384045	0.441585	0.262942	0.857826
0.872433	-0.350160	-0.340953	0.210873	0.899043	-0.383738	0.440901	0.262888	0.858194
