0.852224	0.499064	-0.156998	-0.421120	0.832427	0.360172	0.310438	-0.240832	0.919580
0.852340	0.498904	-0.156882	-0.420993	0.832492	0.360170	0.310293	-0.240940	0.919601
0.851991	0.499177	-0.157905	-0.420821	0.832352	0.360694	0.311483	-0.240859	0.919220
0.851455	0.499300	-0.160386	-0.420151	0.832492	0.361151	0.313843	-0.240118	0.918611
0.850665	0.500291	-0.161488	-0.421244	0.832452	0.359968	0.314520	-0.238186	0.918882
0.850679	0.500435	-0.160964	-0.421271	0.832125	0.360693	0.314446	-0.239025	0.918690
0.850046	0.501475	-0.161075	-0.422074	0.831483	0.361232	0.315080	-0.239078	0.918459
0.849904	0.501649	-0.161278	-0.422198	0.831426	0.361220	0.315297	-0.238911	0.918428
0.850086	0.501410	-0.161066	-0.421741	0.831308	0.362024	0.315418	-0.239823	0.918148
0.850369	0.501105	-0.160517	-0.421316	0.831184	0.362804	0.315222	-0.240889	0.917937
0.850711	0.500817	-0.159602	-0.421072	0.831057	0.363377	0.314624	-0.241925	0.917869
0.850887	0.500717	-0.158979	-0.420949	0.830881	0.363922	0.314315	-0.242734	0.917762
0.851068	0.500268	-0.159420	-0.420190	0.831000	0.364527	0.314839	-0.243250	0.917445
0.851237	0.499741	-0.160171	-0.419270	0.831196	0.365138	0.315607	-0.243664	0.917071
0.851463	0.499428	-0.159945	-0.418750	0.831109	0.365931	0.315688	-0.244600	0.916794
0.851433	0.499598	-0.159574	-0.419020	0.830982	0.365910	0.315412	-0.244683	0.916867
0.851610	0.499477	-0.159005	-0.419101	0.831006	0.365763	0.314824	-0.244849	0.917025
0.851937	0.499044	-0.158616	-0.418831	0.831209	0.365613	0.314300	-0.245046	0.917152
0.852235	0.498833	-0.157672	-0.418738	0.831083	0.366004	0.313613	-0.245898	0.917159
0.852705	0.498655	-0.155687	-0.419125	0.830942	0.365883	0.311816	-0.246737	0.917546
0.852915	0.498558	-0.154843	-0.419527	0.831095	0.365073	0.310699	-0.246415	0.918012
0.852877	0.498692	-0.154619	-0.419707	0.830994	0.365096	0.310558	-0.246487	0.918040
0.853211	0.498107	-0.154662	-0.419267	0.831399	0.364680	0.310236	-0.246304	0.918198
0.853514	0.497486	-0.154988	-0.418792	0.831917	0.364043	0.310043	-0.245808	0.918396
