0.974136	0.135408	-0.180896	-0.043109	0.897225	0.439463	0.221811	-0.420299	0.879857
0.974329	0.135621	-0.179693	-0.043806	0.897137	0.439574	0.220824	-0.420418	0.880048
0.974515	0.134771	-0.179324	-0.043059	0.896924	0.440082	0.220150	-0.421145	0.879870
0.974437	0.135165	-0.179452	-0.043076	0.896355	0.441239	0.220493	-0.422229	0.879264
0.974473	0.135330	-0.179132	-0.043145	0.895911	0.442133	0.220320	-0.423118	0.878880
0.974728	0.135220	-0.177822	-0.043568	0.895780	0.442358	0.219106	-0.423431	0.879033
0.974872	0.135517	-0.176806	-0.044286	0.895736	0.442375	0.218321	-0.423429	0.879229
0.975063	0.135425	-0.175820	-0.044594	0.895634	0.442551	0.217402	-0.423674	0.879339
0.975252	0.134993	-0.175104	-0.044386	0.895387	0.443071	0.216597	-0.424333	0.879220
0.975059	0.134875	-0.176264	-0.043809	0.895506	0.442889	0.217580	-0.424121	0.879079
0.974367	0.135484	-0.179592	-0.043483	0.896681	0.440536	0.220722	-0.421435	0.879588
0.973750	0.136287	-0.182311	-0.043481	0.897563	0.438737	0.223430	-0.419293	0.879928
0.973518	0.136592	-0.183318	-0.043520	0.897944	0.437953	0.224431	-0.418377	0.880109
0.973617	0.135498	-0.183606	-0.042347	0.897929	0.438098	0.224226	-0.418764	0.879977
0.973765	0.134086	-0.183853	-0.040809	0.897756	0.438600	0.223866	-0.419590	0.879675
0.974050	0.133098	-0.183059	-0.040162	0.897620	0.438936	0.222739	-0.420194	0.879673
0.973918	0.132978	-0.183849	-0.039870	0.897952	0.438283	0.223370	-0.419522	0.879834
0.973646	0.132557	-0.185584	-0.038953	0.898441	0.437364	0.224712	-0.418608	0.879927
0.973402	0.132179	-0.187130	-0.037973	0.898572	0.437179	0.225935	-0.418445	0.879691
0.973327	0.131641	-0.187896	-0.037087	0.898510	0.437383	0.226404	-0.418748	0.879427
0.973497	0.131040	-0.187438	-0.036568	0.898217	0.438027	0.225759	-0.419564	0.879204
0.973681	0.131034	-0.186482	-0.036934	0.898108	0.438221	0.224903	-0.419800	0.879310
0.973877	0.130863	-0.185575	-0.037220	0.898181	0.438047	0.224004	-0.419697	0.879589
0.973961	0.130648	-0.185286	-0.037201	0.898282	0.437841	0.223642	-0.419547	0.879752
0.973977	0.130879	-0.185038	-0.037503	0.898230	0.437924	0.223521	-0.419588	0.879764
