0.917083	0.362043	-0.166984	-0.265171	0.866634	0.422647	0.297730	-0.343323	0.890778
0.917472	0.361368	-0.166305	-0.264532	0.866465	0.423392	0.297098	-0.344458	0.890551
0.917571	0.361230	-0.166062	-0.264387	0.866359	0.423700	0.296923	-0.344870	0.890450
0.917473	0.361410	-0.166210	-0.264391	0.866193	0.424036	0.297221	-0.345097	0.890263
0.917412	0.361433	-0.166499	-0.264230	0.866129	0.424267	0.297553	-0.345233	0.890099
0.917487	0.361054	-0.166903	-0.263747	0.866309	0.424200	0.297749	-0.345178	0.890055
0.917358	0.360835	-0.168088	-0.263011	0.866395	0.424481	0.298798	-0.345192	0.889698
0.916811	0.359421	-0.173996	-0.259341	0.867258	0.424977	0.303645	-0.344499	0.888324
0.913955	0.360984	-0.185412	-0.256815	0.868247	0.424491	0.314218	-0.340349	0.886245
0.911928	0.363702	-0.190021	-0.258467	0.868767	0.422420	0.318719	-0.336102	0.886258
0.913021	0.362258	-0.187515	-0.258088	0.869002	0.422168	0.315885	-0.337053	0.886912
0.913835	0.361147	-0.185683	-0.258057	0.869509	0.421142	0.313547	-0.336938	0.887784
0.914404	0.360965	-0.183219	-0.258687	0.869202	0.421388	0.311361	-0.337923	0.888179
0.914379	0.361884	-0.181527	-0.259837	0.868392	0.422350	0.310478	-0.339021	0.888070
0.915040	0.361521	-0.178899	-0.260451	0.868216	0.422335	0.308006	-0.339858	0.888610
0.916203	0.359836	-0.176324	-0.259887	0.868525	0.422046	0.305009	-0.340855	0.889262
0.916772	0.359030	-0.175003	-0.259739	0.868761	0.421651	0.303422	-0.341102	0.889710
0.916935	0.358882	-0.174451	-0.259717	0.868651	0.421891	0.302946	-0.341539	0.889705
0.916762	0.359484	-0.174122	-0.260427	0.868468	0.421831	0.302861	-0.341373	0.889798
0.916783	0.359951	-0.173044	-0.261116	0.868053	0.422259	0.302203	-0.341935	0.889805
0.916274	0.361283	-0.172964	-0.262261	0.867499	0.422688	0.302756	-0.341936	0.889617
0.915637	0.362862	-0.173032	-0.263609	0.866916	0.423046	0.303511	-0.341743	0.889434
0.915692	0.363170	-0.172092	-0.264134	0.866601	0.423364	0.302888	-0.342215	0.889465
0.915752	0.362764	-0.172631	-0.263540	0.866762	0.423404	0.303226	-0.342238	0.889341
0.916460	0.361287	-0.171965	-0.262043	0.866722	0.424412	0.302381	-0.343895	0.888989
0.918014	0.357864	-0.170830	-0.258680	0.866945	0.426017	0.300557	-0.346900	0.888440
