0.917399	0.356677	-0.176522	-0.255928	0.868429	0.424654	0.304761	-0.344401	0.887980
0.917638	0.356565	-0.175508	-0.255622	0.867701	0.426324	0.304300	-0.346347	0.887381
0.917470	0.357096	-0.175303	-0.255846	0.867127	0.427356	0.304617	-0.347236	0.886925
0.917400	0.357503	-0.174841	-0.256239	0.866778	0.427829	0.304499	-0.347689	0.886788
0.917469	0.357660	-0.174155	-0.256630	0.866646	0.427862	0.303960	-0.347857	0.886907
0.917634	0.357447	-0.173724	-0.256457	0.866508	0.428245	0.303608	-0.348420	0.886807
0.917890	0.357063	-0.173160	-0.256145	0.866371	0.428709	0.303097	-0.349153	0.886693
0.918275	0.356492	-0.172289	-0.255885	0.866381	0.428844	0.302147	-0.349711	0.886797
0.918824	0.355590	-0.171225	-0.255477	0.866570	0.428704	0.300821	-0.350160	0.887071
0.919311	0.354503	-0.170868	-0.254865	0.867160	0.427876	0.299853	-0.349803	0.887540
0.918974	0.354035	-0.173625	-0.254222	0.868538	0.425456	0.301426	-0.346844	0.888168
0.918177	0.354638	-0.176585	-0.254272	0.869340	0.423786	0.303803	-0.344210	0.888382
0.917515	0.354996	-0.179285	-0.253939	0.869887	0.422862	0.306072	-0.342454	0.888282
0.917385	0.355014	-0.179918	-0.253708	0.869929	0.422914	0.306656	-0.342328	0.888129
0.917347	0.355691	-0.178772	-0.254361	0.869164	0.424093	0.306228	-0.343568	0.887798
0.917525	0.355747	-0.177738	-0.254598	0.868816	0.424663	0.305495	-0.344388	0.887733
0.918263	0.354399	-0.176619	-0.253545	0.868855	0.425213	0.304151	-0.345677	0.887693
0.918975	0.353039	-0.175638	-0.252226	0.868673	0.426367	0.303096	-0.347521	0.887334
0.919329	0.352421	-0.175026	-0.251721	0.868607	0.426801	0.302442	-0.348313	0.887247
0.919632	0.351906	-0.174467	-0.251357	0.868590	0.427050	0.301822	-0.348875	0.887237
0.919387	0.352888	-0.173775	-0.252449	0.868140	0.427320	0.301657	-0.349004	0.887243
0.919457	0.353122	-0.172925	-0.252593	0.867527	0.428478	0.301322	-0.350287	0.886851
0.919400	0.353344	-0.172779	-0.252609	0.867163	0.429206	0.301484	-0.350966	0.886527
0.919482	0.353258	-0.172516	-0.252453	0.866954	0.429718	0.301365	-0.351566	0.886330
0.919496	0.353381	-0.172188	-0.252613	0.866794	0.429947	0.301187	-0.351838	0.886282
