0.925407	0.343067	-0.161017	-0.247043	0.868287	0.430172	0.287387	-0.358306	0.888271
0.925612	0.342396	-0.161267	-0.246333	0.868510	0.430128	0.287336	-0.358406	0.888247
0.925825	0.341988	-0.160909	-0.246042	0.868525	0.430265	0.286899	-0.358760	0.888246
0.925513	0.342809	-0.160959	-0.246661	0.868147	0.430672	0.287374	-0.358890	0.888039
0.924593	0.344590	-0.162437	-0.247971	0.868076	0.430063	0.289203	-0.357353	0.888065
0.923258	0.346713	-0.165480	-0.249441	0.868591	0.428169	0.292186	-0.354033	0.888419
0.921888	0.348426	-0.169474	-0.250381	0.869534	0.425699	0.295688	-0.350014	0.888852
0.920928	0.349345	-0.172770	-0.250457	0.870141	0.424412	0.298601	-0.347582	0.888833
0.921182	0.347453	-0.175215	-0.247636	0.870761	0.424796	0.300167	-0.347925	0.888171
0.921914	0.344209	-0.177747	-0.243357	0.871574	0.425601	0.301416	-0.349112	0.887282
0.921864	0.343399	-0.179564	-0.241786	0.871827	0.425979	0.302830	-0.349278	0.886735
0.922447	0.341962	-0.179316	-0.240372	0.872006	0.426412	0.302181	-0.350240	0.886577
0.922877	0.341453	-0.178068	-0.240152	0.871770	0.427017	0.301041	-0.351320	0.886537
0.922765	0.342442	-0.176745	-0.241655	0.871462	0.426797	0.300180	-0.351122	0.886908
0.923631	0.341789	-0.173453	-0.242377	0.871418	0.426479	0.296915	-0.351868	0.887711
0.924855	0.340278	-0.169863	-0.242217	0.871344	0.426720	0.293212	-0.353511	0.888289
0.925698	0.339226	-0.167356	-0.241962	0.871108	0.427346	0.290753	-0.355100	0.888463
0.925923	0.339159	-0.166247	-0.242204	0.870873	0.427687	0.289834	-0.355740	0.888507
0.925830	0.339702	-0.165655	-0.242936	0.870667	0.427694	0.289519	-0.355728	0.888615
0.925434	0.340903	-0.165398	-0.244200	0.870370	0.427578	0.289720	-0.355305	0.888718
0.925120	0.341777	-0.165350	-0.245006	0.870091	0.427683	0.290042	-0.355147	0.888677
0.924806	0.342646	-0.165312	-0.245830	0.869847	0.427708	0.290348	-0.354908	0.888672
0.924413	0.343565	-0.165601	-0.246567	0.869611	0.427764	0.290973	-0.354598	0.888591
0.924539	0.343410	-0.165220	-0.246514	0.869550	0.427917	0.290618	-0.354897	0.888588
0.924584	0.343459	-0.164864	-0.246596	0.869379	0.428217	0.290405	-0.355268	0.888510
