0.980293	0.084228	-0.178692	0.004840	0.894036	0.447969	0.197489	-0.440006	0.876010
0.980331	0.084130	-0.178529	0.004710	0.894360	0.447324	0.197302	-0.439366	0.876373
0.980394	0.082994	-0.178717	0.005834	0.894350	0.447330	0.196961	-0.439602	0.876331
0.980053	0.083346	-0.180413	0.006234	0.894470	0.447085	0.198637	-0.439291	0.876109
0.979906	0.083668	-0.181060	0.006271	0.894393	0.447238	0.199359	-0.439387	0.875897
0.980141	0.082648	-0.180258	0.006860	0.894333	0.447350	0.198183	-0.439702	0.876005
0.980269	0.082448	-0.179650	0.006724	0.894422	0.447173	0.197552	-0.439558	0.876220
0.980264	0.082590	-0.179615	0.006590	0.894397	0.447225	0.197584	-0.439582	0.876201
0.980400	0.081846	-0.179213	0.007122	0.894310	0.447392	0.196889	-0.439900	0.876198
0.980452	0.081278	-0.179189	0.007625	0.894318	0.447368	0.196613	-0.439989	0.876215
0.980516	0.081148	-0.178893	0.007714	0.894079	0.447842	0.196286	-0.440497	0.876033
0.980629	0.080755	-0.178451	0.007880	0.894054	0.447889	0.195714	-0.440619	0.876100
0.980688	0.080440	-0.178270	0.008091	0.894036	0.447922	0.195411	-0.440714	0.876120
0.980699	0.080384	-0.178237	0.008212	0.893844	0.448304	0.195353	-0.441114	0.875931
0.980669	0.080601	-0.178301	0.008076	0.893772	0.448448	0.195506	-0.441219	0.875844
0.980575	0.080143	-0.179025	0.008798	0.893827	0.448326	0.195948	-0.441193	0.875759
0.980549	0.079805	-0.179320	0.009186	0.893950	0.448074	0.196061	-0.441005	0.875828
0.980589	0.080342	-0.178858	0.008508	0.893902	0.448182	0.195890	-0.441004	0.875867
0.980740	0.080873	-0.177787	0.007426	0.894151	0.447704	0.195175	-0.440402	0.876329
0.981034	0.080391	-0.176378	0.007181	0.894243	0.447525	0.193701	-0.440304	0.876706
0.981272	0.079312	-0.175539	0.007889	0.893989	0.448019	0.192464	-0.441014	0.876621
0.981378	0.078483	-0.175322	0.008719	0.893583	0.448813	0.191889	-0.441984	0.876258
0.981530	0.078108	-0.174638	0.008812	0.893428	0.449120	0.191107	-0.442364	0.876238
0.981777	0.077848	-0.173360	0.008523	0.893289	0.449402	0.189846	-0.442690	0.876347
0.981821	0.078243	-0.172932	0.007978	0.893267	0.449456	0.189642	-0.442665	0.876404
