0.910495	0.365749	-0.192940	-0.269828	0.879043	0.393034	0.313354	-0.305795	0.899054
0.912032	0.362740	-0.191360	-0.267151	0.879482	0.393880	0.311173	-0.308109	0.899022
0.912977	0.360884	-0.190357	-0.265351	0.879581	0.394875	0.309939	-0.310001	0.898798
0.913212	0.360495	-0.189964	-0.264788	0.879334	0.395802	0.309727	-0.311151	0.898473
0.913208	0.360835	-0.189339	-0.265157	0.879005	0.396284	0.309423	-0.311685	0.898393
0.913052	0.361365	-0.189083	-0.265597	0.878668	0.396738	0.309508	-0.312022	0.898247
0.912990	0.361639	-0.188858	-0.265814	0.878443	0.397091	0.309504	-0.312339	0.898138
0.913148	0.361579	-0.188207	-0.265795	0.878212	0.397614	0.309055	-0.313055	0.898043
0.913058	0.362019	-0.187794	-0.266258	0.877943	0.397898	0.308919	-0.313303	0.898003
0.913242	0.361922	-0.187088	-0.266300	0.877795	0.398196	0.308341	-0.313828	0.898019
0.913086	0.362356	-0.187006	-0.266679	0.877594	0.398385	0.308473	-0.313889	0.897952
0.912615	0.363457	-0.187174	-0.267634	0.877242	0.398521	0.309042	-0.313602	0.897857
0.912397	0.364127	-0.186931	-0.268343	0.877003	0.398570	0.309069	-0.313493	0.897886
0.912246	0.364254	-0.187422	-0.268259	0.876974	0.398689	0.309588	-0.313425	0.897730
0.912082	0.365083	-0.186600	-0.269181	0.876492	0.399128	0.309269	-0.313809	0.897707
0.911914	0.366112	-0.185403	-0.270544	0.876036	0.399208	0.308574	-0.313883	0.897919
0.911780	0.366993	-0.184319	-0.271709	0.875616	0.399339	0.307948	-0.314028	0.898084
0.911834	0.367446	-0.183145	-0.272169	0.874980	0.400417	0.307380	-0.315267	0.897844
0.912218	0.367360	-0.181397	-0.272212	0.874342	0.401779	0.306200	-0.317132	0.897591
0.912658	0.367222	-0.179454	-0.272407	0.873831	0.402757	0.304714	-0.318695	0.897543
0.912841	0.367735	-0.177458	-0.273317	0.873192	0.403526	0.303345	-0.319853	0.897594
0.913008	0.368217	-0.175594	-0.274117	0.872535	0.404404	0.302121	-0.321091	0.897565
0.912955	0.368800	-0.174641	-0.274718	0.871956	0.405243	0.301733	-0.321992	0.897373
0.912805	0.369479	-0.173992	-0.275226	0.871293	0.406325	0.301726	-0.323008	0.897010
