0.961505	0.205949	-0.181914	-0.111013	0.896725	0.428440	0.251364	-0.391753	0.885068
0.959658	0.207087	-0.190187	-0.109634	0.898475	0.425115	0.258915	-0.387114	0.884933
0.957484	0.209706	-0.198110	-0.110254	0.900596	0.420442	0.266587	-0.380724	0.885427
0.956357	0.211260	-0.201868	-0.111072	0.901826	0.417580	0.270267	-0.376933	0.885933
0.956027	0.211579	-0.203095	-0.111821	0.903150	0.414506	0.271126	-0.373569	0.887095
0.956519	0.211787	-0.200545	-0.113218	0.903260	0.413888	0.268801	-0.373187	0.887963
0.957131	0.211225	-0.198201	-0.113398	0.902901	0.414621	0.266534	-0.374371	0.888148
0.957649	0.210390	-0.196583	-0.113114	0.902720	0.415093	0.264791	-0.375277	0.888286
0.957693	0.210848	-0.195876	-0.113647	0.902375	0.415697	0.264403	-0.375849	0.888160
0.958060	0.210380	-0.194578	-0.113512	0.902063	0.416410	0.263126	-0.376858	0.888112
0.958348	0.210311	-0.193231	-0.113754	0.901669	0.417198	0.261971	-0.377840	0.888036
0.958557	0.210348	-0.192152	-0.113999	0.901289	0.417950	0.261099	-0.378724	0.887916
0.958743	0.210566	-0.190980	-0.114499	0.900948	0.418548	0.260195	-0.379413	0.887888
0.958786	0.210447	-0.190898	-0.114261	0.900727	0.419089	0.260143	-0.380004	0.887650
0.958973	0.210012	-0.190435	-0.113964	0.900645	0.419346	0.259582	-0.380439	0.887628
0.958936	0.210921	-0.189615	-0.114962	0.900223	0.419979	0.259278	-0.380935	0.887504
0.959055	0.211296	-0.188595	-0.115647	0.900009	0.420249	0.258534	-0.381231	0.887594
0.959286	0.210793	-0.187978	-0.115427	0.900043	0.420238	0.257772	-0.381431	0.887730
0.959328	0.210858	-0.187695	-0.115389	0.899704	0.420973	0.257636	-0.382193	0.887442
0.959095	0.211499	-0.188165	-0.115704	0.899510	0.421301	0.258361	-0.382296	0.887186
0.958973	0.211965	-0.188257	-0.116228	0.899640	0.420878	0.258575	-0.381730	0.887367
0.958929	0.212312	-0.188090	-0.116781	0.899826	0.420329	0.258489	-0.381100	0.887663
0.959107	0.211836	-0.187722	-0.116499	0.899889	0.420272	0.257958	-0.381216	0.887768
0.959437	0.210840	-0.187155	-0.115646	0.899761	0.420780	0.257112	-0.382068	0.887647
0.959533	0.210765	-0.186748	-0.115512	0.899411	0.421564	0.256814	-0.382933	0.887361
