0.921785	0.349080	-0.168687	-0.249820	0.867522	0.430112	0.296483	-0.354329	0.886876
0.922862	0.346065	-0.169010	-0.246501	0.867936	0.431190	0.295909	-0.356268	0.886291
0.922466	0.345843	-0.171604	-0.245000	0.867900	0.432116	0.298380	-0.356569	0.885340
0.922201	0.346445	-0.171817	-0.245135	0.867344	0.433154	0.299089	-0.357337	0.884792
0.921957	0.347604	-0.170781	-0.246725	0.867051	0.432838	0.298532	-0.356922	0.885147
0.921346	0.349326	-0.170564	-0.248807	0.867017	0.431714	0.298691	-0.355321	0.885737
0.921221	0.349702	-0.170469	-0.249316	0.867047	0.431358	0.298651	-0.354876	0.885929
0.921301	0.349663	-0.170119	-0.249367	0.866969	0.431487	0.298363	-0.355107	0.885934
0.921671	0.349130	-0.169209	-0.249234	0.867043	0.431415	0.297331	-0.355450	0.886143
0.921893	0.348957	-0.168354	-0.249362	0.866960	0.431508	0.296534	-0.355823	0.886260
0.921955	0.348943	-0.168042	-0.249489	0.866956	0.431442	0.296233	-0.355845	0.886352
0.922090	0.348793	-0.167611	-0.249519	0.866958	0.431421	0.295788	-0.355987	0.886444
0.922020	0.349166	-0.167219	-0.250020	0.866818	0.431412	0.295583	-0.355962	0.886522
0.922128	0.348800	-0.167386	-0.249639	0.866967	0.431333	0.295567	-0.355959	0.886529
0.922339	0.347988	-0.167917	-0.248674	0.867244	0.431334	0.295724	-0.356079	0.886428
0.922271	0.348302	-0.167636	-0.249005	0.867043	0.431548	0.295657	-0.356262	0.886377
0.921721	0.349801	-0.167541	-0.250359	0.866517	0.431821	0.296228	-0.356073	0.886262
0.921368	0.350683	-0.167636	-0.251092	0.866216	0.431998	0.296704	-0.355937	0.886158
0.921211	0.350800	-0.168254	-0.250867	0.866130	0.432302	0.297381	-0.356032	0.885893
0.921191	0.350694	-0.168586	-0.250553	0.866088	0.432568	0.297709	-0.356238	0.885700
0.921264	0.350217	-0.169174	-0.249675	0.866034	0.433182	0.298219	-0.356837	0.885287
0.921646	0.349284	-0.169024	-0.248328	0.865637	0.434749	0.298164	-0.358711	0.884548
0.921334	0.349237	-0.170815	-0.247366	0.865563	0.435443	0.299924	-0.358935	0.883862
0.921946	0.346174	-0.173721	-0.243100	0.866361	0.436258	0.301527	-0.359975	0.882893
0.921508	0.345555	-0.177242	-0.241519	0.867314	0.435242	0.304125	-0.358272	0.882695
