0.996667	0.075513	-0.030874	-0.078728	0.989484	-0.121341	0.021387	0.123367	0.992131
0.996664	0.075700	-0.030512	-0.078859	0.989528	-0.120898	0.021040	0.122901	0.992196
0.996677	0.075556	-0.030428	-0.078703	0.989561	-0.120727	0.020988	0.122721	0.992219
0.996685	0.075468	-0.030396	-0.078613	0.989556	-0.120829	0.020959	0.122818	0.992208
0.996691	0.075369	-0.030446	-0.078524	0.989543	-0.120989	0.021009	0.122979	0.992187
0.996701	0.075203	-0.030526	-0.078369	0.989562	-0.120934	0.021113	0.122927	0.992191
0.996716	0.075019	-0.030475	-0.078175	0.989603	-0.120727	0.021101	0.122713	0.992218
0.996734	0.074816	-0.030409	-0.077966	0.989616	-0.120751	0.021059	0.122727	0.992217
0.996739	0.074835	-0.030197	-0.077958	0.989621	-0.120721	0.020849	0.122682	0.992227
0.996731	0.075088	-0.029804	-0.078157	0.989633	-0.120494	0.020447	0.122429	0.992267
0.996711	0.075449	-0.029575	-0.078483	0.989628	-0.120316	0.020191	0.122241	0.992295
0.996706	0.075468	-0.029707	-0.078521	0.989607	-0.120467	0.020307	0.122403	0.992273
0.996721	0.075112	-0.030102	-0.078225	0.989573	-0.120940	0.020704	0.122899	0.992203
0.996723	0.075034	-0.030214	-0.078159	0.989597	-0.120784	0.020837	0.122749	0.992219
0.996721	0.075089	-0.030148	-0.078203	0.989607	-0.120675	0.020774	0.122637	0.992234
0.996713	0.075251	-0.030020	-0.078351	0.989578	-0.120816	0.020615	0.122771	0.992221
0.996697	0.075407	-0.030139	-0.078531	0.989503	-0.121311	0.020675	0.123277	0.992157
0.996659	0.075819	-0.030367	-0.078963	0.989496	-0.121091	0.020867	0.123084	0.992177
0.996641	0.076058	-0.030352	-0.079201	0.989465	-0.121188	0.020815	0.123185	0.992165
0.996639	0.076136	-0.030240	-0.079268	0.989440	-0.121345	0.020682	0.123334	0.992150
0.996653	0.075940	-0.030270	-0.079074	0.989474	-0.121197	0.020748	0.123185	0.992167
0.996678	0.075613	-0.030253	-0.078747	0.989500	-0.121201	0.020771	0.123181	0.992167
0.996673	0.075631	-0.030385	-0.078785	0.989478	-0.121352	0.020887	0.123342	0.992144
0.996648	0.075864	-0.030619	-0.079055	0.989401	-0.121803	0.021054	0.123815	0.992082
0.996619	0.076222	-0.030686	-0.079420	0.989361	-0.121892	0.021069	0.123917	0.992069
