0.999308	0.021699	-0.030214	-0.025622	0.990351	-0.136191	0.026967	0.136871	0.990222
0.999305	0.021893	-0.030175	-0.025813	0.990326	-0.136339	0.026898	0.137023	0.990203
0.999309	0.021942	-0.030010	-0.025841	0.990317	-0.136398	0.026726	0.137079	0.990199
0.999309	0.022216	-0.029792	-0.026078	0.990334	-0.136232	0.026478	0.136915	0.990229
0.999290	0.022250	-0.030391	-0.026208	0.990262	-0.136730	0.027053	0.137430	0.990142
0.999288	0.022168	-0.030521	-0.026155	0.990208	-0.137129	0.027182	0.137829	0.990083
0.999282	0.022077	-0.030781	-0.026111	0.990157	-0.137502	0.027443	0.138208	0.990023
0.999285	0.022277	-0.030562	-0.026286	0.990117	-0.137760	0.027191	0.138465	0.989994
0.999283	0.022347	-0.030576	-0.026361	0.990097	-0.137889	0.027192	0.138596	0.989976
0.999274	0.022356	-0.030836	-0.026410	0.990078	-0.138018	0.027445	0.138732	0.989950
0.999236	0.023268	-0.031387	-0.027382	0.990091	-0.137734	0.027871	0.138488	0.989972
0.999179	0.024629	-0.032175	-0.028824	0.990126	-0.137187	0.028478	0.138001	0.990022
0.999132	0.025811	-0.032690	-0.030049	0.990167	-0.136625	0.028842	0.137489	0.990083
0.999094	0.026571	-0.033247	-0.030867	0.990197	-0.136225	0.029302	0.137128	0.990120
0.999081	0.026765	-0.033489	-0.031090	0.990208	-0.136094	0.029519	0.137010	0.990130
0.999086	0.026559	-0.033497	-0.030872	0.990279	-0.135622	0.029569	0.136533	0.990194
0.999115	0.025831	-0.033204	-0.030103	0.990338	-0.135370	0.029387	0.136250	0.990239
0.999178	0.024615	-0.032201	-0.028774	0.990316	-0.135818	0.028546	0.136633	0.990210
0.999229	0.023399	-0.031540	-0.027496	0.990265	-0.136454	0.028040	0.137216	0.990144
0.999235	0.022791	-0.031769	-0.026918	0.990314	-0.136214	0.028357	0.136965	0.990170
0.999229	0.022144	-0.032424	-0.026362	0.990352	-0.136044	0.029099	0.136794	0.990172
0.999232	0.021485	-0.032770	-0.025750	0.990398	-0.135830	0.029537	0.136569	0.990190
0.999227	0.021070	-0.033192	-0.025387	0.990446	-0.135544	0.030019	0.136282	0.990215
0.999224	0.021295	-0.033139	-0.025596	0.990471	-0.135318	0.029942	0.136062	0.990248
0.999221	0.021806	-0.032897	-0.026068	0.990469	-0.135250	0.029635	0.136002	0.990265
