0.636258	0.771353	0.013767	-0.756685	0.627438	-0.183710	-0.150343	0.106470	0.982884
0.636170	0.771426	0.013733	-0.756767	0.627351	-0.183672	-0.150305	0.106454	0.982892
0.635938	0.771618	0.013735	-0.756981	0.627141	-0.183504	-0.150209	0.106300	0.982923
0.635769	0.771748	0.014231	-0.757115	0.627091	-0.183121	-0.150248	0.105648	0.982987
0.635864	0.771664	0.014533	-0.757054	0.627268	-0.182770	-0.150153	0.105215	0.983048
0.635989	0.771559	0.014648	-0.756999	0.627449	-0.182376	-0.149905	0.104901	0.983120
0.636325	0.771289	0.014286	-0.756761	0.627719	-0.182433	-0.149676	0.105275	0.983115
0.636531	0.771121	0.014162	-0.756618	0.627909	-0.182372	-0.149523	0.105371	0.983128
0.636605	0.771063	0.013989	-0.756590	0.627963	-0.182302	-0.149351	0.105471	0.983143
0.636534	0.771119	0.014150	-0.756646	0.627930	-0.182184	-0.149371	0.105260	0.983163
0.636362	0.771257	0.014367	-0.756787	0.627813	-0.182002	-0.149390	0.104946	0.983193
0.636281	0.771319	0.014600	-0.756889	0.627814	-0.181574	-0.149218	0.104481	0.983269
0.636284	0.771317	0.014588	-0.756916	0.627835	-0.181386	-0.149065	0.104371	0.983304
0.636542	0.771108	0.014417	-0.756666	0.628019	-0.181795	-0.149237	0.104811	0.983231
0.636817	0.770880	0.014434	-0.756403	0.628267	-0.182028	-0.149390	0.105001	0.983187
0.636774	0.770916	0.014414	-0.756451	0.628229	-0.181962	-0.149333	0.104965	0.983200
0.636717	0.770961	0.014485	-0.756503	0.628193	-0.181870	-0.149314	0.104842	0.983216
0.636934	0.770780	0.014578	-0.756278	0.628395	-0.182106	-0.149524	0.104964	0.983171
0.637138	0.770614	0.014465	-0.756107	0.628564	-0.182234	-0.149524	0.105171	0.983149
0.637580	0.770240	0.014913	-0.755693	0.629066	-0.182221	-0.149735	0.104911	0.983145
0.638163	0.769742	0.015668	-0.755197	0.629803	-0.181732	-0.149755	0.104142	0.983223
0.638853	0.769156	0.016300	-0.754556	0.630577	-0.181710	-0.150041	0.103787	0.983217
0.639493	0.768629	0.016058	-0.754025	0.631144	-0.181944	-0.149982	0.104244	0.983178
0.639668	0.768488	0.015829	-0.753911	0.631282	-0.181938	-0.149810	0.104447	0.983183
0.639362	0.768751	0.015418	-0.754238	0.630938	-0.181774	-0.149466	0.104590	0.983220
