0.885327	0.463856	0.032164	-0.453712	0.876951	-0.158440	-0.101700	0.125678	0.986845
0.885059	0.464349	0.032413	-0.454145	0.876685	-0.158667	-0.102093	0.125710	0.986800
0.884926	0.464599	0.032460	-0.454331	0.876491	-0.159206	-0.102418	0.126138	0.986712
0.884757	0.464910	0.032611	-0.454598	0.876314	-0.159421	-0.102694	0.126224	0.986672
0.884672	0.465059	0.032786	-0.454730	0.876257	-0.159354	-0.102838	0.126067	0.986677
0.884653	0.465095	0.032786	-0.454728	0.876194	-0.159709	-0.103007	0.126378	0.986620
0.884640	0.465122	0.032752	-0.454699	0.876103	-0.160290	-0.103249	0.126906	0.986526
0.884515	0.465349	0.032910	-0.454879	0.875967	-0.160523	-0.103527	0.127015	0.986483
0.884255	0.465818	0.033270	-0.455306	0.875759	-0.160445	-0.103874	0.126726	0.986484
0.884026	0.466201	0.033973	-0.455624	0.875642	-0.160179	-0.104424	0.126123	0.986503
0.883827	0.466550	0.034365	-0.455954	0.875529	-0.159856	-0.104669	0.125616	0.986542
0.883726	0.466732	0.034488	-0.456108	0.875430	-0.159961	-0.104851	0.125631	0.986521
0.883800	0.466610	0.034253	-0.455958	0.875407	-0.160516	-0.104884	0.126246	0.986439
0.883892	0.466420	0.034459	-0.455743	0.875517	-0.160523	-0.105040	0.126181	0.986430
0.883986	0.466247	0.034396	-0.455604	0.875633	-0.160285	-0.104851	0.126018	0.986471
0.884029	0.466163	0.034430	-0.455506	0.875664	-0.160395	-0.104919	0.126111	0.986452
0.883926	0.466347	0.034578	-0.455648	0.875554	-0.160591	-0.105166	0.126195	0.986415
0.883738	0.466679	0.034901	-0.455923	0.875387	-0.160721	-0.105557	0.126123	0.986383
0.883486	0.467136	0.035147	-0.456358	0.875184	-0.160594	-0.105779	0.125843	0.986395
0.883397	0.467306	0.035131	-0.456532	0.875100	-0.160557	-0.105773	0.125797	0.986401
0.883321	0.467463	0.034978	-0.456725	0.875032	-0.160379	-0.105578	0.125691	0.986436
0.883447	0.467236	0.034821	-0.456546	0.875168	-0.160146	-0.105300	0.125583	0.986479
0.883498	0.467160	0.034527	-0.456508	0.875188	-0.160144	-0.105031	0.125726	0.986490
0.883514	0.467159	0.034139	-0.456553	0.875161	-0.160167	-0.104700	0.125924	0.986499
