0.388464	0.920806	0.034803	-0.894660	0.385938	-0.225023	-0.220635	0.056276	0.973732
0.388140	0.920927	0.035228	-0.894768	0.385720	-0.224966	-0.220765	0.055798	0.973730
0.387878	0.921031	0.035378	-0.894844	0.385494	-0.225051	-0.220917	0.055634	0.973705
0.387904	0.921017	0.035464	-0.894771	0.385525	-0.225290	-0.221168	0.055658	0.973646
0.388043	0.920960	0.035421	-0.894679	0.385641	-0.225458	-0.221297	0.055797	0.973609
0.388020	0.920978	0.035201	-0.894677	0.385562	-0.225598	-0.221343	0.056043	0.973584
0.388023	0.920982	0.035067	-0.894602	0.385513	-0.225978	-0.221640	0.056313	0.973501
0.387890	0.921047	0.034843	-0.894545	0.385300	-0.226569	-0.222105	0.056715	0.973372
0.387518	0.921210	0.034681	-0.894558	0.384862	-0.227262	-0.222703	0.057044	0.973216
0.387115	0.921377	0.034728	-0.894633	0.384459	-0.227648	-0.223101	0.057057	0.973124
0.386969	0.921431	0.034921	-0.894621	0.384346	-0.227883	-0.223400	0.056943	0.973062
0.386928	0.921407	0.036004	-0.894830	0.384622	-0.226595	-0.222634	0.055458	0.973323
0.386833	0.921416	0.036767	-0.895093	0.384772	-0.225296	-0.221738	0.054242	0.973596
0.387148	0.921291	0.036599	-0.895117	0.385074	-0.224685	-0.221093	0.054226	0.973744
0.387853	0.921022	0.035906	-0.894931	0.385617	-0.224495	-0.220611	0.054938	0.973813
0.389537	0.920306	0.036016	-0.894068	0.387241	-0.225137	-0.221142	0.055498	0.973661
0.389606	0.920298	0.035476	-0.893885	0.387137	-0.226040	-0.221758	0.056355	0.973472
0.388458	0.920796	0.035145	-0.894310	0.385926	-0.226431	-0.222060	0.056528	0.973393
0.387964	0.920990	0.035515	-0.894567	0.385550	-0.226057	-0.221889	0.055931	0.973466
0.387315	0.921260	0.035586	-0.894857	0.384942	-0.225945	-0.221853	0.055668	0.973490
0.386875	0.921449	0.035496	-0.895131	0.384516	-0.225582	-0.221511	0.055499	0.973577
0.387083	0.921361	0.035498	-0.895031	0.384714	-0.225644	-0.221556	0.055571	0.973563
0.387307	0.921283	0.035093	-0.894901	0.384824	-0.225971	-0.221688	0.056116	0.973502
0.387617	0.921158	0.034942	-0.894747	0.385082	-0.226143	-0.221769	0.056393	0.973467
