0.673231	0.739209	0.018168	-0.725473	0.665074	-0.177100	-0.142997	0.106049	0.984025
0.672968	0.739448	0.018193	-0.725685	0.664803	-0.177252	-0.143163	0.106082	0.983997
0.672881	0.739512	0.018779	-0.725783	0.664874	-0.176582	-0.143070	0.105189	0.984107
0.672941	0.739430	0.019841	-0.725772	0.665216	-0.175337	-0.142848	0.103591	0.984309
0.672846	0.739507	0.020192	-0.725965	0.665283	-0.174280	-0.142315	0.102605	0.984489
0.673074	0.739309	0.019821	-0.725750	0.665413	-0.174680	-0.142332	0.103188	0.984426
0.674071	0.738409	0.019507	-0.724836	0.666306	-0.175068	-0.142269	0.103869	0.984363
0.675569	0.737029	0.019868	-0.723338	0.667756	-0.175740	-0.142792	0.104353	0.984236
0.676322	0.736350	0.019425	-0.722586	0.668338	-0.176618	-0.143035	0.105415	0.984088
0.675400	0.737207	0.018966	-0.723427	0.667329	-0.176990	-0.143135	0.105819	0.984030
0.674920	0.737623	0.019877	-0.723738	0.666985	-0.177012	-0.143826	0.105083	0.984008
0.674398	0.738092	0.020191	-0.724168	0.666519	-0.177012	-0.144109	0.104755	0.984002
0.673671	0.738756	0.020145	-0.724833	0.665801	-0.176994	-0.144168	0.104634	0.984006
0.673952	0.738496	0.020292	-0.724622	0.666143	-0.176567	-0.143912	0.104293	0.984079
0.674404	0.738087	0.020156	-0.724223	0.666560	-0.176635	-0.143807	0.104525	0.984070
0.674635	0.737887	0.019768	-0.724035	0.666708	-0.176845	-0.143671	0.104993	0.984040
0.674825	0.737716	0.019648	-0.723861	0.666864	-0.176971	-0.143657	0.105201	0.984020
0.674849	0.737699	0.019486	-0.723825	0.666838	-0.177216	-0.143726	0.105489	0.983979
0.674612	0.737911	0.019621	-0.723993	0.666605	-0.177404	-0.143988	0.105473	0.983943
0.674228	0.738256	0.019886	-0.724301	0.666262	-0.177436	-0.144242	0.105229	0.983931
0.673829	0.738610	0.020240	-0.724613	0.665922	-0.177440	-0.144537	0.104898	0.983923
0.673470	0.738935	0.020324	-0.724912	0.665572	-0.177529	-0.144710	0.104827	0.983906
0.673256	0.739138	0.020015	-0.725065	0.665259	-0.178077	-0.144939	0.105379	0.983813
0.673301	0.739106	0.019707	-0.724965	0.665186	-0.178756	-0.145229	0.106069	0.983696
0.673253	0.739156	0.019441	-0.724980	0.665054	-0.179183	-0.145374	0.106541	0.983624
