0.598278	0.800487	0.035831	-0.778229	0.591130	-0.211956	-0.190848	0.098924	0.976622
0.598758	0.800145	0.035442	-0.777925	0.591520	-0.211984	-0.190583	0.099356	0.976630
0.598945	0.800015	0.035232	-0.777782	0.591644	-0.212163	-0.190578	0.099671	0.976599
0.598898	0.800063	0.034930	-0.777817	0.591518	-0.212384	-0.190583	0.100028	0.976562
0.598893	0.800088	0.034447	-0.777874	0.591413	-0.212471	-0.190368	0.100452	0.976560
0.598826	0.800131	0.034602	-0.777977	0.591417	-0.212079	-0.190155	0.100079	0.976640
0.598476	0.800362	0.035298	-0.778369	0.591331	-0.210879	-0.189652	0.098731	0.976875
0.598323	0.800447	0.035980	-0.778580	0.591411	-0.209873	-0.189271	0.097559	0.977067
0.598096	0.800604	0.036251	-0.778868	0.591323	-0.209047	-0.188800	0.096796	0.977233
0.597867	0.800805	0.035591	-0.779066	0.590943	-0.209386	-0.188710	0.097457	0.977185
0.597220	0.801317	0.034929	-0.779767	0.590256	-0.208714	-0.187863	0.097412	0.977353
0.596925	0.801567	0.034219	-0.780168	0.589881	-0.208272	-0.187130	0.097626	0.977472
0.597102	0.801432	0.034297	-0.779977	0.590041	-0.208535	-0.187364	0.097766	0.977413
0.597126	0.801406	0.034489	-0.780000	0.590136	-0.208181	-0.187191	0.097409	0.977482
0.597034	0.801472	0.034533	-0.780163	0.590107	-0.207654	-0.186807	0.097035	0.977593
0.597017	0.801474	0.034785	-0.780331	0.590236	-0.206652	-0.186158	0.096231	0.977796
0.597118	0.801376	0.035303	-0.780210	0.590445	-0.206512	-0.186338	0.095768	0.977807
0.597363	0.801193	0.035308	-0.779997	0.590667	-0.206681	-0.186447	0.095923	0.977771
0.598131	0.800624	0.035227	-0.779429	0.591393	-0.206748	-0.186361	0.096206	0.977760
0.599197	0.799833	0.035083	-0.778563	0.592354	-0.207260	-0.186555	0.096875	0.977657
0.599882	0.799328	0.034877	-0.778039	0.592958	-0.207499	-0.186541	0.097339	0.977613
0.600183	0.799113	0.034611	-0.777841	0.593197	-0.207558	-0.186394	0.097651	0.977610
0.600363	0.798984	0.034485	-0.777749	0.593360	-0.207435	-0.186199	0.097716	0.977641
0.600357	0.799006	0.034083	-0.777887	0.593320	-0.207034	-0.185643	0.097782	0.977740
