0.674286	0.738198	0.020078	-0.724254	0.666369	-0.177225	-0.144206	0.104958	0.983966
0.673966	0.738487	0.020178	-0.724364	0.665950	-0.178349	-0.145146	0.105585	0.983760
0.673624	0.738793	0.020409	-0.724409	0.665479	-0.179915	-0.146502	0.106410	0.983470
0.673685	0.738717	0.021117	-0.724091	0.665521	-0.181036	-0.147788	0.106670	0.983250
0.674095	0.738314	0.022109	-0.723613	0.666089	-0.180860	-0.148258	0.105918	0.983260
0.674056	0.738332	0.022672	-0.723734	0.666249	-0.179784	-0.147845	0.104776	0.983445
0.674080	0.738332	0.021963	-0.723868	0.666211	-0.179384	-0.147077	0.105021	0.983534
0.674148	0.738266	0.022105	-0.723903	0.666380	-0.178608	-0.146590	0.104406	0.983672
0.674495	0.737957	0.021813	-0.723657	0.666699	-0.178417	-0.146207	0.104556	0.983713
0.674516	0.737958	0.021112	-0.723778	0.666650	-0.178112	-0.145513	0.104859	0.983784
0.674406	0.738062	0.020981	-0.723891	0.666521	-0.178136	-0.145460	0.104948	0.983782
0.674285	0.738175	0.020932	-0.724022	0.666405	-0.178038	-0.145372	0.104893	0.983801
0.673958	0.738477	0.020811	-0.724353	0.666081	-0.177901	-0.145238	0.104823	0.983828
0.673769	0.738662	0.020344	-0.724611	0.665848	-0.177724	-0.144824	0.105003	0.983870
0.673828	0.738611	0.020248	-0.724599	0.665911	-0.177534	-0.144612	0.104956	0.983906
0.673872	0.738571	0.020242	-0.724592	0.665977	-0.177316	-0.144441	0.104821	0.983946
0.673889	0.738559	0.020135	-0.724615	0.665995	-0.177155	-0.144249	0.104793	0.983977
0.673941	0.738513	0.020073	-0.724548	0.666017	-0.177342	-0.144339	0.104974	0.983944
0.674030	0.738432	0.020048	-0.724407	0.666054	-0.177782	-0.144633	0.105308	0.983866
0.673877	0.738568	0.020204	-0.724505	0.665913	-0.177910	-0.144852	0.105251	0.983839
0.673661	0.738757	0.020494	-0.724702	0.665773	-0.177633	-0.144872	0.104813	0.983883
0.673455	0.738938	0.020711	-0.724867	0.665609	-0.177574	-0.145002	0.104575	0.983890
0.673244	0.739132	0.020674	-0.725013	0.665360	-0.177913	-0.145257	0.104789	0.983829
0.673069	0.739314	0.019815	-0.725174	0.664984	-0.178661	-0.145263	0.105881	0.983711
0.672766	0.739597	0.019523	-0.725482	0.664643	-0.178674	-0.145123	0.106042	0.983715
