0.991792	0.126199	-0.020563	-0.127719	0.985415	-0.112448	0.006072	0.114151	0.993445
0.991771	0.126369	-0.020535	-0.127885	0.985397	-0.112417	0.006029	0.114118	0.993449
0.991819	0.126019	-0.020373	-0.127518	0.985461	-0.112274	0.005928	0.113953	0.993468
0.991831	0.125910	-0.020427	-0.127414	0.985503	-0.112022	0.006026	0.113710	0.993496
0.991832	0.125901	-0.020431	-0.127403	0.985551	-0.111611	0.006084	0.113303	0.993542
0.991858	0.125694	-0.020456	-0.127196	0.985641	-0.111051	0.006204	0.112749	0.993604
0.991910	0.125286	-0.020458	-0.126788	0.985764	-0.110430	0.006332	0.112130	0.993673
0.991969	0.124852	-0.020233	-0.126327	0.985889	-0.109834	0.006235	0.111508	0.993744
0.992006	0.124557	-0.020228	-0.126030	0.985978	-0.109376	0.006320	0.111051	0.993795
0.992030	0.124374	-0.020214	-0.125845	0.986034	-0.109083	0.006365	0.110758	0.993827
0.992045	0.124279	-0.020012	-0.125728	0.986070	-0.108894	0.006200	0.110543	0.993852
0.992069	0.124096	-0.019998	-0.125542	0.986126	-0.108601	0.006244	0.110250	0.993884
0.992098	0.123890	-0.019804	-0.125313	0.986194	-0.108246	0.006120	0.109873	0.993927
0.992135	0.123671	-0.019348	-0.125043	0.986280	-0.107774	0.005754	0.109346	0.993987
0.992142	0.123649	-0.019091	-0.124990	0.986345	-0.107245	0.005570	0.108788	0.994049
0.992165	0.123485	-0.018991	-0.124817	0.986360	-0.107306	0.005481	0.108836	0.994045
0.992229	0.122890	-0.019510	-0.124286	0.986345	-0.108055	0.005965	0.109640	0.993953
0.992281	0.122439	-0.019698	-0.123860	0.986369	-0.108332	0.006166	0.109936	0.993920
0.992268	0.122502	-0.019925	-0.123951	0.986295	-0.108897	0.006312	0.110525	0.993853
0.992171	0.123243	-0.020215	-0.124721	0.986162	-0.109221	0.006475	0.110887	0.993812
0.992045	0.124212	-0.020459	-0.125713	0.986025	-0.109319	0.006594	0.111021	0.993796
0.991950	0.124983	-0.020380	-0.126469	0.985953	-0.109094	0.006459	0.110793	0.993823
0.991897	0.125409	-0.020310	-0.126884	0.985909	-0.109017	0.006352	0.110711	0.993832
0.991908	0.125376	-0.019990	-0.126817	0.985895	-0.109218	0.006015	0.110870	0.993817
0.991980	0.124782	-0.020134	-0.126243	0.985966	-0.109238	0.006220	0.110904	0.993812
