0.170873	0.983944	0.051547	-0.951681	0.178366	-0.249976	-0.255157	-0.006343	0.966879
0.171015	0.983916	0.051597	-0.951608	0.178517	-0.250149	-0.255337	-0.006321	0.966832
0.171026	0.983905	0.051787	-0.951581	0.178577	-0.250209	-0.255430	-0.006488	0.966806
0.170973	0.983904	0.051977	-0.951611	0.178573	-0.250097	-0.255353	-0.006702	0.966825
0.171036	0.983883	0.052157	-0.951640	0.178679	-0.249911	-0.255202	-0.006891	0.966863
0.171423	0.983840	0.051710	-0.951479	0.178942	-0.250334	-0.255542	-0.006288	0.966778
0.171726	0.983796	0.051536	-0.951354	0.179193	-0.250632	-0.255805	-0.005989	0.966710
0.171678	0.983811	0.051405	-0.951365	0.179112	-0.250645	-0.255794	-0.005874	0.966713
0.171314	0.983875	0.051386	-0.951328	0.178758	-0.251038	-0.256176	-0.005878	0.966612
0.170734	0.983990	0.051126	-0.951449	0.178131	-0.251026	-0.256114	-0.005785	0.966629
0.170161	0.984101	0.050890	-0.951590	0.177516	-0.250927	-0.255972	-0.005728	0.966667
0.169842	0.984150	0.051015	-0.951675	0.177239	-0.250802	-0.255869	-0.005953	0.966693
0.169899	0.984157	0.050684	-0.951712	0.177208	-0.250681	-0.255691	-0.005646	0.966742
0.170177	0.984112	0.050630	-0.951746	0.177461	-0.250374	-0.255381	-0.005579	0.966824
0.170893	0.984005	0.050298	-0.951761	0.178066	-0.249885	-0.254845	-0.005168	0.966968
0.171462	0.983918	0.050058	-0.951783	0.178553	-0.249457	-0.254383	-0.004872	0.967091
0.171839	0.983874	0.049636	-0.951889	0.178808	-0.248867	-0.253729	-0.004483	0.967265
0.172061	0.983868	0.048972	-0.952096	0.178851	-0.248044	-0.252801	-0.003948	0.967510
0.172271	0.983850	0.048605	-0.952300	0.178958	-0.247180	-0.251886	-0.003705	0.967750
0.172469	0.983818	0.048535	-0.952502	0.179129	-0.246278	-0.250986	-0.003754	0.967983
0.172711	0.983781	0.048428	-0.952738	0.179332	-0.245213	-0.249921	-0.003789	0.968259
0.173118	0.983727	0.048086	-0.952791	0.179639	-0.244782	-0.249436	-0.003440	0.968385
0.173576	0.983665	0.047698	-0.952748	0.179985	-0.244698	-0.249285	-0.002970	0.968426
0.173558	0.983685	0.047338	-0.952822	0.179878	-0.244488	-0.249014	-0.002672	0.968496
0.173542	0.983682	0.047469	-0.952866	0.179895	-0.244301	-0.248854	-0.002835	0.968537
