0.758910	0.650779	0.023265	-0.637713	0.749956	-0.175751	-0.131823	0.118543	0.984160
0.758647	0.651072	0.023659	-0.637976	0.749768	-0.175597	-0.132065	0.118122	0.984178
0.758511	0.651223	0.023886	-0.638123	0.749687	-0.175409	-0.132138	0.117807	0.984206
0.758554	0.651184	0.023559	-0.638080	0.749648	-0.175729	-0.132093	0.118268	0.984157
0.758780	0.650924	0.023461	-0.637803	0.749827	-0.175971	-0.132136	0.118560	0.984116
0.758762	0.650960	0.023053	-0.637899	0.749766	-0.175889	-0.131781	0.118752	0.984140
0.758532	0.651233	0.022923	-0.638160	0.749503	-0.176061	-0.131838	0.118919	0.984112
0.758231	0.651587	0.022800	-0.638481	0.749152	-0.176392	-0.132016	0.119189	0.984056
0.758046	0.651810	0.022598	-0.638689	0.748911	-0.176657	-0.132071	0.119481	0.984013
0.757724	0.652183	0.022624	-0.639044	0.748590	-0.176735	-0.132200	0.119459	0.983998
0.757643	0.652283	0.022434	-0.639144	0.748466	-0.176900	-0.132180	0.119689	0.983973
0.757746	0.652163	0.022460	-0.639023	0.748571	-0.176895	-0.132177	0.119689	0.983974
0.757907	0.651981	0.022311	-0.638858	0.748705	-0.176922	-0.132054	0.119837	0.983972
0.758182	0.651659	0.022371	-0.638543	0.748992	-0.176844	-0.131998	0.119795	0.983985
0.758399	0.651399	0.022605	-0.638272	0.749249	-0.176733	-0.132061	0.119606	0.983999
0.758543	0.651222	0.022861	-0.638047	0.749407	-0.176876	-0.132317	0.119582	0.983968
0.758423	0.651358	0.022955	-0.638229	0.749354	-0.176441	-0.132128	0.119166	0.984043
0.758439	0.651334	0.023094	-0.638240	0.749434	-0.176061	-0.131982	0.118792	0.984108
0.758491	0.651269	0.023222	-0.638229	0.749563	-0.175554	-0.131739	0.118335	0.984196
0.758684	0.651059	0.022835	-0.638025	0.749663	-0.175868	-0.131618	0.118859	0.984149
0.758863	0.650860	0.022551	-0.637812	0.749757	-0.176242	-0.131616	0.119360	0.984089
0.759037	0.650666	0.022298	-0.637655	0.749897	-0.176209	-0.131374	0.119531	0.984100
0.758970	0.650735	0.022533	-0.637730	0.749894	-0.175955	-0.131398	0.119175	0.984140
0.758775	0.650958	0.022678	-0.637931	0.749721	-0.175961	-0.131546	0.119048	0.984136
0.758740	0.650989	0.022946	-0.637943	0.749734	-0.175862	-0.131687	0.118795	0.984147
