0.890015	-0.455813	-0.010351	0.449592	0.873643	0.186054	-0.075762	-0.170244	0.982485
0.889924	-0.456001	-0.009876	0.449695	0.873589	0.186055	-0.076214	-0.170016	0.982490
0.889517	-0.456810	-0.009222	0.450423	0.873335	0.185487	-0.076678	-0.169147	0.982604
0.888905	-0.458007	-0.008777	0.451557	0.872840	0.185056	-0.077096	-0.168460	0.982689
0.888359	-0.459075	-0.008292	0.452542	0.872377	0.184836	-0.077620	-0.167953	0.982734
0.887725	-0.460302	-0.008101	0.453710	0.871758	0.184891	-0.078043	-0.167808	0.982726
0.887178	-0.461355	-0.008104	0.454759	0.871250	0.184710	-0.078157	-0.167556	0.982760
0.886878	-0.461928	-0.008382	0.455407	0.871016	0.184219	-0.077795	-0.167197	0.982849
0.886661	-0.462351	-0.007950	0.455795	0.870931	0.183655	-0.077989	-0.166464	0.982959
0.886522	-0.462597	-0.009135	0.456310	0.870865	0.182688	-0.076556	-0.166125	0.983128
0.886573	-0.462484	-0.009853	0.456395	0.871030	0.181691	-0.075447	-0.165579	0.983306
0.886735	-0.462179	-0.009544	0.455979	0.871071	0.182534	-0.076050	-0.166211	0.983153
0.886918	-0.461846	-0.008615	0.455477	0.871277	0.182805	-0.076922	-0.166057	0.983111
0.886934	-0.461827	-0.007942	0.455369	0.871392	0.182523	-0.077374	-0.165503	0.983169
0.887027	-0.461649	-0.007952	0.455142	0.871369	0.183200	-0.077645	-0.166123	0.983043
0.887434	-0.460865	-0.008017	0.454280	0.871545	0.184499	-0.078042	-0.167372	0.982800
0.887761	-0.460245	-0.007476	0.453549	0.871843	0.184886	-0.078575	-0.167526	0.982731
0.888140	-0.459513	-0.007373	0.452866	0.872336	0.184234	-0.078226	-0.166965	0.982855
0.888411	-0.458979	-0.008033	0.452474	0.872599	0.183954	-0.077422	-0.167061	0.982902
0.888276	-0.459219	-0.009132	0.452837	0.872259	0.184667	-0.076837	-0.168170	0.982759
0.887935	-0.459853	-0.010309	0.453573	0.871645	0.185760	-0.076437	-0.169618	0.982541
0.887495	-0.460679	-0.011294	0.454477	0.870971	0.186709	-0.076176	-0.170836	0.982350
0.887118	-0.461395	-0.011677	0.455177	0.870415	0.187593	-0.076390	-0.171732	0.982177
0.886756	-0.462092	-0.011598	0.455816	0.869993	0.187999	-0.076783	-0.171996	0.982101
0.886414	-0.462725	-0.012467	0.456546	0.869497	0.188520	-0.076393	-0.172798	0.981990
