0.977485	-0.210196	-0.018441	0.209030	0.976563	-0.051304	0.028793	0.046295	0.998513
0.977914	-0.208159	-0.018819	0.206982	0.977008	-0.051118	0.029027	0.046094	0.998515
0.978251	-0.206495	-0.019595	0.205269	0.977343	-0.051619	0.029810	0.046474	0.998475
0.978164	-0.206877	-0.019951	0.205650	0.977291	-0.051096	0.030068	0.045878	0.998494
0.978023	-0.207535	-0.020008	0.206324	0.977181	-0.050482	0.030029	0.045244	0.998525
0.977954	-0.207842	-0.020196	0.206611	0.977102	-0.050835	0.030299	0.045542	0.998503
0.977813	-0.208479	-0.020448	0.207210	0.976930	-0.051695	0.030754	0.046311	0.998454
0.977551	-0.209684	-0.020662	0.208393	0.976661	-0.052014	0.031086	0.046540	0.998433
0.977326	-0.210701	-0.020966	0.209407	0.976464	-0.051644	0.031354	0.046082	0.998446
0.977243	-0.211066	-0.021166	0.209776	0.976406	-0.051238	0.031481	0.045632	0.998462
0.977201	-0.211226	-0.021476	0.209930	0.976388	-0.050940	0.031729	0.045270	0.998471
0.977067	-0.211836	-0.021599	0.210550	0.976280	-0.050464	0.031776	0.044759	0.998492
0.976872	-0.212746	-0.021477	0.211474	0.976095	-0.050166	0.031636	0.044464	0.998510
0.976748	-0.213223	-0.022350	0.211889	0.975969	-0.050872	0.032660	0.044954	0.998455
0.976695	-0.213438	-0.022613	0.212055	0.975874	-0.051977	0.033162	0.045971	0.998392
0.976738	-0.213303	-0.022008	0.211956	0.975908	-0.051749	0.032516	0.045881	0.998418
0.976990	-0.212229	-0.021220	0.210945	0.976170	-0.050928	0.031523	0.045280	0.998477
0.977260	-0.211113	-0.019863	0.209894	0.976401	-0.050845	0.030129	0.045519	0.998509
0.977338	-0.210815	-0.019171	0.209619	0.976446	-0.051120	0.029497	0.045942	0.998509
0.977355	-0.210786	-0.018635	0.209615	0.976445	-0.051149	0.028977	0.046084	0.998517
0.977418	-0.210510	-0.018404	0.209357	0.976514	-0.050891	0.028684	0.045889	0.998535
0.977506	-0.210103	-0.018398	0.208950	0.976601	-0.050902	0.028663	0.045913	0.998534
0.977485	-0.210205	-0.018342	0.209048	0.976568	-0.051129	0.028660	0.046144	0.998524
0.977374	-0.210722	-0.018369	0.209559	0.976450	-0.051287	0.028743	0.046277	0.998515
0.977289	-0.211125	-0.018247	0.209968	0.976364	-0.051247	0.028635	0.046252	0.998519
