0.996491	-0.083381	0.007244	0.083632	0.995375	-0.047259	-0.003270	0.047699	0.998856
0.996693	-0.080960	0.007011	0.081205	0.995537	-0.048077	-0.003087	0.048488	0.998819
0.996774	-0.079965	0.006896	0.080207	0.995583	-0.048809	-0.002963	0.049204	0.998784
0.996789	-0.079691	0.007776	0.079978	0.995583	-0.049174	-0.003823	0.049638	0.998760
0.996827	-0.079057	0.009286	0.079418	0.995649	-0.048751	-0.005392	0.049334	0.998768
0.996938	-0.077496	0.010420	0.077909	0.995803	-0.048024	-0.006654	0.048688	0.998792
0.997048	-0.075915	0.011528	0.076380	0.995945	-0.047531	-0.007873	0.048271	0.998803
0.997080	-0.075359	0.012383	0.075862	0.996008	-0.047041	-0.008789	0.047843	0.998816
0.997091	-0.075127	0.012831	0.075645	0.996059	-0.046300	-0.009302	0.047135	0.998845
0.997105	-0.074949	0.012814	0.075456	0.996124	-0.045194	-0.009377	0.046030	0.998896
0.997115	-0.074836	0.012706	0.075334	0.996155	-0.044723	-0.009310	0.045551	0.998919
0.997070	-0.075408	0.012860	0.075915	0.996096	-0.045043	-0.009413	0.045887	0.998902
0.997012	-0.076076	0.013417	0.076608	0.996044	-0.045037	-0.009937	0.045931	0.998895
0.997007	-0.076168	0.013230	0.076687	0.996058	-0.044572	-0.009783	0.045453	0.998919
0.996963	-0.076662	0.013728	0.077196	0.996050	-0.043876	-0.010310	0.044802	0.998943
0.996895	-0.077683	0.012840	0.078179	0.995961	-0.044154	-0.009358	0.045021	0.998942
0.996792	-0.079116	0.012066	0.079588	0.995784	-0.045614	-0.008407	0.046428	0.998886
0.996689	-0.080374	0.012311	0.080859	0.995666	-0.045944	-0.008565	0.046788	0.998868
0.996708	-0.080130	0.012336	0.080612	0.995706	-0.045513	-0.008636	0.046357	0.998888
0.996759	-0.079460	0.012538	0.079950	0.995773	-0.045217	-0.008892	0.046073	0.998899
0.996746	-0.079642	0.012474	0.080127	0.995767	-0.045040	-0.008834	0.045893	0.998907
0.996705	-0.080145	0.012447	0.080624	0.995753	-0.044448	-0.008832	0.045305	0.998934
0.996718	-0.079973	0.012571	0.080450	0.995803	-0.043646	-0.009028	0.044514	0.998968
0.996738	-0.079621	0.013165	0.080121	0.995845	-0.043273	-0.009665	0.044186	0.998977
0.996689	-0.080021	0.014386	0.080575	0.995809	-0.043267	-0.010863	0.044283	0.998960
