0.970253	-0.240633	0.026559	0.236536	0.965628	0.107764	-0.051577	-0.098277	0.993822
0.970186	-0.240961	0.026009	0.236899	0.965500	0.108111	-0.051163	-0.098726	0.993799
0.970099	-0.241374	0.025443	0.237347	0.965350	0.108473	-0.050744	-0.099191	0.993774
0.970081	-0.241452	0.025365	0.237420	0.965303	0.108733	-0.050739	-0.099458	0.993747
0.970090	-0.241386	0.025648	0.237323	0.965320	0.108791	-0.051020	-0.099451	0.993734
0.970020	-0.241679	0.025549	0.237651	0.965297	0.108281	-0.050832	-0.098963	0.993792
0.969927	-0.242039	0.025664	0.238031	0.965277	0.107620	-0.050821	-0.098274	0.993861
0.969880	-0.242120	0.026651	0.237996	0.965246	0.107977	-0.051868	-0.098382	0.993796
0.970050	-0.241328	0.027638	0.237034	0.965320	0.109416	-0.053085	-0.099588	0.993612
0.970329	-0.240145	0.028156	0.235612	0.965259	0.112974	-0.054307	-0.102988	0.993199
0.970393	-0.239981	0.027309	0.235410	0.965031	0.115311	-0.054026	-0.105468	0.992954
0.970548	-0.239504	0.025977	0.235027	0.965012	0.116252	-0.052911	-0.106723	0.992880
0.970509	-0.239533	0.027141	0.234817	0.964808	0.118349	-0.054535	-0.108486	0.992601
0.970434	-0.239703	0.028296	0.234767	0.964617	0.119995	-0.056058	-0.109804	0.992371
0.970636	-0.238845	0.028598	0.233805	0.964682	0.121342	-0.056570	-0.111092	0.992199
0.970609	-0.239132	0.027095	0.234226	0.964508	0.121912	-0.055286	-0.111982	0.992171
0.970019	-0.241546	0.026817	0.236694	0.963992	0.121224	-0.055133	-0.111243	0.992263
0.969131	-0.244930	0.028168	0.239961	0.963302	0.120284	-0.056596	-0.109812	0.992340
0.969484	-0.243591	0.027635	0.238865	0.963963	0.117128	-0.055170	-0.106952	0.992732
0.970212	-0.241000	0.024642	0.236783	0.964872	0.113823	-0.051208	-0.104598	0.993195
0.969901	-0.242301	0.024128	0.238162	0.964607	0.113195	-0.050701	-0.104041	0.993280
0.969410	-0.244289	0.023814	0.240240	0.964247	0.111861	-0.050289	-0.102718	0.993438
0.968656	-0.247042	0.025983	0.242831	0.963760	0.110452	-0.052328	-0.100681	0.993542
0.968525	-0.247572	0.025846	0.243431	0.963738	0.109320	-0.051974	-0.099587	0.993671
0.968638	-0.247114	0.025982	0.242892	0.963721	0.110656	-0.052384	-0.100875	0.993519
