0.804518	-0.591943	-0.048528	0.590904	0.789510	0.165849	-0.059860	-0.162104	0.984956
0.804641	-0.591787	-0.048388	0.590710	0.789591	0.166155	-0.060121	-0.162279	0.984912
0.804951	-0.591382	-0.048180	0.590211	0.789730	0.167266	-0.060869	-0.163078	0.984734
0.805100	-0.591066	-0.049551	0.590034	0.789546	0.168753	-0.060621	-0.165100	0.984412
0.804444	-0.591899	-0.050256	0.590863	0.788565	0.170428	-0.061246	-0.166795	0.984088
0.804212	-0.592265	-0.049655	0.591042	0.788156	0.171695	-0.062553	-0.167427	0.983898
0.804455	-0.592055	-0.048204	0.590581	0.788456	0.171903	-0.063769	-0.166756	0.983934
0.804684	-0.591834	-0.047073	0.590273	0.789005	0.170437	-0.063730	-0.164934	0.984244
0.804467	-0.592176	-0.046476	0.590548	0.788924	0.169860	-0.063921	-0.164093	0.984372
0.804301	-0.592426	-0.046175	0.590709	0.788689	0.170392	-0.064527	-0.164322	0.984294
0.803987	-0.592855	-0.046129	0.591095	0.788309	0.170808	-0.064901	-0.164594	0.984224
0.802935	-0.594260	-0.046378	0.592519	0.787261	0.170706	-0.064932	-0.164545	0.984230
0.801153	-0.596630	-0.046757	0.594953	0.785577	0.170000	-0.064696	-0.164014	0.984334
0.799947	-0.598229	-0.046982	0.596604	0.784479	0.169281	-0.064412	-0.163446	0.984447
0.799326	-0.599073	-0.046782	0.597388	0.783846	0.169446	-0.064840	-0.163390	0.984428
0.798827	-0.599807	-0.045904	0.597939	0.783342	0.169834	-0.065909	-0.163116	0.984403
0.798474	-0.600333	-0.045164	0.598271	0.782883	0.170779	-0.067166	-0.163383	0.984274
0.799925	-0.598403	-0.045098	0.596396	0.784402	0.170369	-0.066574	-0.163179	0.984348
0.803221	-0.593830	-0.046918	0.592495	0.788307	0.165896	-0.061528	-0.161050	0.985027
0.803311	-0.593551	-0.048869	0.592680	0.788674	0.163473	-0.058488	-0.160283	0.985337
0.802793	-0.594178	-0.049753	0.593488	0.788245	0.162609	-0.057401	-0.160069	0.985435
0.803041	-0.593879	-0.049331	0.593070	0.788360	0.163575	-0.058253	-0.160614	0.985297
0.803219	-0.593656	-0.049103	0.592758	0.788393	0.164546	-0.058972	-0.161273	0.985146
0.802059	-0.595306	-0.048089	0.594060	0.786887	0.167038	-0.061598	-0.162542	0.984777
0.801203	-0.596464	-0.048004	0.595069	0.785742	0.168828	-0.062981	-0.163831	0.984476
