0.999275	-0.037839	0.004197	0.037974	0.998512	-0.039127	-0.002710	0.039258	0.999225
0.999260	-0.038266	0.003800	0.038388	0.998449	-0.040322	-0.002251	0.040438	0.999179
0.999224	-0.039152	0.004259	0.039294	0.998386	-0.040999	-0.002647	0.041135	0.999150
0.999214	-0.039300	0.005211	0.039482	0.998371	-0.041200	-0.003584	0.041373	0.999137
0.999237	-0.038585	0.005976	0.038801	0.998378	-0.041668	-0.004359	0.041868	0.999114
0.999243	-0.038345	0.006575	0.038590	0.998360	-0.042279	-0.004943	0.042501	0.999084
0.999231	-0.038645	0.006660	0.038893	0.998340	-0.042492	-0.005007	0.042718	0.999075
0.999220	-0.038904	0.006703	0.039153	0.998338	-0.042277	-0.005047	0.042506	0.999083
0.999224	-0.038867	0.006450	0.039101	0.998374	-0.041481	-0.004828	0.041701	0.999119
0.999230	-0.038692	0.006491	0.038927	0.998393	-0.041180	-0.004887	0.041401	0.999131
0.999213	-0.039092	0.006718	0.039336	0.998380	-0.041122	-0.005100	0.041354	0.999132
0.999219	-0.038926	0.006763	0.039172	0.998385	-0.041152	-0.005150	0.041384	0.999130
0.999248	-0.038201	0.006599	0.038440	0.998428	-0.040792	-0.005031	0.041015	0.999146
0.999289	-0.037265	0.005751	0.037467	0.998482	-0.040383	-0.004238	0.040569	0.999168
0.999299	-0.036944	0.006082	0.037159	0.998498	-0.040248	-0.004585	0.040446	0.999171
0.999330	-0.036281	0.004781	0.036446	0.998514	-0.040522	-0.003304	0.040669	0.999167
0.999326	-0.036497	0.004016	0.036633	0.998465	-0.041535	-0.002494	0.041654	0.999129
0.999345	-0.035974	0.003955	0.036110	0.998446	-0.042442	-0.002422	0.042557	0.999091
0.999432	-0.033612	0.002502	0.033689	0.998451	-0.044273	-0.001010	0.044332	0.999016
0.999459	-0.032803	0.002441	0.032881	0.998415	-0.045687	-0.000938	0.045743	0.998953
0.999421	-0.033909	0.002690	0.033996	0.998392	-0.045356	-0.001148	0.045421	0.998967
0.999379	-0.035113	0.003109	0.035215	0.998417	-0.043862	-0.001564	0.043944	0.999033
0.999364	-0.035497	0.003383	0.035610	0.998438	-0.043060	-0.001849	0.043153	0.999067
0.999345	-0.035987	0.003827	0.036118	0.998431	-0.042795	-0.002281	0.042905	0.999077
0.999303	-0.037030	0.004662	0.037195	0.998405	-0.042481	-0.003081	0.042625	0.999086
