0.994133	-0.100769	-0.039310	0.099241	0.994296	-0.039075	0.043024	0.034945	0.998463
0.994226	-0.099954	-0.039037	0.098433	0.994374	-0.039122	0.042727	0.035054	0.998472
0.994222	-0.100032	-0.038931	0.098516	0.994367	-0.039087	0.042622	0.035026	0.998477
0.994167	-0.100483	-0.039174	0.098983	0.994343	-0.038517	0.042823	0.034415	0.998490
0.994165	-0.100368	-0.039518	0.098875	0.994371	-0.038082	0.043117	0.033953	0.998493
0.994223	-0.099537	-0.040150	0.098012	0.994447	-0.038330	0.043743	0.034174	0.998458
0.994269	-0.098907	-0.040589	0.097336	0.994486	-0.039021	0.044224	0.034847	0.998414
0.994277	-0.098755	-0.040745	0.097179	0.994502	-0.039006	0.044373	0.034824	0.998408
0.994322	-0.098355	-0.040622	0.096811	0.994563	-0.038362	0.044174	0.034212	0.998438
0.994446	-0.097042	-0.040745	0.095520	0.994711	-0.037766	0.044194	0.033664	0.998456
0.994642	-0.094800	-0.041234	0.093247	0.994914	-0.038094	0.044635	0.034045	0.998423
0.994844	-0.092487	-0.041624	0.090887	0.995104	-0.038826	0.045011	0.034843	0.998379
0.994853	-0.091925	-0.042627	0.090259	0.995135	-0.039488	0.046050	0.035437	0.998310
0.994779	-0.092328	-0.043477	0.090582	0.995063	-0.040554	0.047007	0.036404	0.998231
0.994677	-0.093393	-0.043525	0.091607	0.994935	-0.041382	0.047169	0.037175	0.998195
0.994622	-0.094071	-0.043326	0.092325	0.994897	-0.040688	0.046932	0.036470	0.998232
0.994594	-0.094452	-0.043150	0.092759	0.994897	-0.039689	0.046679	0.035472	0.998280
0.994538	-0.095253	-0.042683	0.093592	0.994832	-0.039367	0.046212	0.035157	0.998313
0.994424	-0.096250	-0.043095	0.094588	0.994749	-0.039086	0.046631	0.034791	0.998306
0.994387	-0.096638	-0.043080	0.094996	0.994726	-0.038669	0.046590	0.034359	0.998323
0.994404	-0.096556	-0.042877	0.094925	0.994737	-0.038576	0.046376	0.034290	0.998335
0.994406	-0.096615	-0.042679	0.094983	0.994724	-0.038752	0.046198	0.034481	0.998337
0.994354	-0.097247	-0.042456	0.095624	0.994664	-0.038730	0.045996	0.034452	0.998347
0.994318	-0.097677	-0.042330	0.096054	0.994619	-0.038805	0.045893	0.034518	0.998350
0.994319	-0.097680	-0.042277	0.096064	0.994622	-0.038720	0.045831	0.034439	0.998355
