0.952044	-0.305595	-0.014979	0.304969	0.951757	-0.033949	0.024631	0.027753	0.999311
0.952079	-0.305459	-0.015514	0.304831	0.951820	-0.033412	0.024972	0.027082	0.999321
0.951925	-0.305915	-0.015971	0.305284	0.951687	-0.033064	0.025315	0.026599	0.999326
0.951665	-0.306717	-0.016074	0.306077	0.951424	-0.033298	0.025506	0.026769	0.999316
0.951451	-0.307312	-0.017315	0.306616	0.951220	-0.034171	0.026971	0.027203	0.999266
0.951162	-0.308204	-0.017367	0.307476	0.950902	-0.035282	0.027388	0.028219	0.999226
0.950937	-0.308929	-0.016797	0.308194	0.950638	-0.036099	0.027120	0.029151	0.999207
0.951050	-0.308607	-0.016273	0.307857	0.950703	-0.037270	0.026972	0.030436	0.999173
0.951261	-0.308001	-0.015410	0.307265	0.950876	-0.037722	0.026271	0.031149	0.999169
0.951368	-0.307690	-0.015005	0.306978	0.950986	-0.037293	0.025744	0.030874	0.999192
0.951480	-0.307357	-0.014730	0.306669	0.951108	-0.036718	0.025295	0.030419	0.999217
0.951557	-0.307138	-0.014345	0.306462	0.951176	-0.036693	0.024914	0.030519	0.999224
0.951622	-0.306956	-0.013919	0.306281	0.951215	-0.037178	0.024652	0.031117	0.999212
0.951658	-0.306873	-0.013295	0.306201	0.951214	-0.037852	0.024262	0.031951	0.999195
0.951673	-0.306848	-0.012757	0.306194	0.951216	-0.037854	0.023750	0.032118	0.999202
0.951701	-0.306776	-0.012424	0.306151	0.951262	-0.037053	0.023186	0.031460	0.999236
0.951721	-0.306708	-0.012516	0.306094	0.951303	-0.036450	0.023086	0.030859	0.999257
0.951588	-0.307143	-0.011951	0.306538	0.951147	-0.036798	0.022669	0.031353	0.999251
0.951267	-0.308147	-0.011679	0.307550	0.950819	-0.036840	0.022456	0.031453	0.999253
0.950985	-0.309025	-0.011466	0.308420	0.950513	-0.037459	0.022474	0.032086	0.999232
0.950657	-0.310017	-0.011810	0.309377	0.950161	-0.038478	0.023150	0.032926	0.999190
0.950391	-0.310828	-0.011968	0.310155	0.949859	-0.039637	0.023688	0.033959	0.999142
0.950447	-0.310663	-0.011772	0.309999	0.949914	-0.039540	0.023466	0.033932	0.999149
0.951017	-0.308913	-0.011841	0.308259	0.950501	-0.039034	0.023313	0.033472	0.999168
0.951530	-0.307335	-0.011640	0.306696	0.951018	-0.038753	0.022980	0.033305	0.999181
