0.982950	-0.182939	-0.018487	0.182052	0.982403	-0.041726	0.025795	0.037649	0.998958
0.982882	-0.183204	-0.019453	0.182247	0.982312	-0.043003	0.026988	0.038722	0.998886
0.982681	-0.184250	-0.019745	0.183218	0.982028	-0.045309	0.027739	0.040907	0.998778
0.982559	-0.184932	-0.019427	0.183885	0.981859	-0.046250	0.027628	0.041871	0.998741
0.982710	-0.184150	-0.019224	0.183126	0.982023	-0.045775	0.027308	0.041464	0.998767
0.982877	-0.183309	-0.018704	0.182318	0.982193	-0.045355	0.026685	0.041169	0.998796
0.982810	-0.183682	-0.018588	0.182686	0.982109	-0.045698	0.026650	0.041516	0.998782
0.982705	-0.184284	-0.018202	0.183281	0.981957	-0.046566	0.026455	0.042425	0.998749
0.982721	-0.184198	-0.018190	0.183180	0.981948	-0.047142	0.026546	0.042996	0.998723
0.982834	-0.183590	-0.018234	0.182571	0.982060	-0.047171	0.026567	0.043032	0.998720
0.982842	-0.183556	-0.018149	0.182543	0.982072	-0.047047	0.026460	0.042927	0.998728
0.982784	-0.183871	-0.018067	0.182860	0.982010	-0.047111	0.026405	0.042996	0.998726
0.982669	-0.184487	-0.018056	0.183466	0.981878	-0.047499	0.026492	0.043363	0.998708
0.982559	-0.185091	-0.017884	0.184078	0.981766	-0.047442	0.026339	0.043323	0.998714
0.982421	-0.185861	-0.017435	0.184888	0.981652	-0.046653	0.025786	0.042610	0.998759
0.982276	-0.186649	-0.017229	0.185679	0.981495	-0.046811	0.025647	0.042782	0.998755
0.982085	-0.187595	-0.017822	0.186582	0.981291	-0.047487	0.026397	0.043311	0.998713
0.981943	-0.188335	-0.017815	0.187298	0.981111	-0.048372	0.026589	0.044162	0.998671
0.982062	-0.187739	-0.017536	0.186709	0.981213	-0.048588	0.026328	0.044442	0.998665
0.982440	-0.185710	-0.017960	0.184655	0.981586	-0.048895	0.026709	0.044721	0.998642
0.982602	-0.184849	-0.018002	0.183789	0.981741	-0.049053	0.026741	0.044891	0.998634
0.982567	-0.185015	-0.018216	0.183942	0.981708	-0.049140	0.026974	0.044932	0.998626
0.982521	-0.185252	-0.018282	0.184202	0.981706	-0.048206	0.026878	0.043996	0.998670
0.982543	-0.185122	-0.018414	0.184102	0.981790	-0.046844	0.026751	0.042636	0.998733
0.982587	-0.184884	-0.018475	0.183890	0.981880	-0.045787	0.026605	0.041593	0.998780
