0.900556	-0.434740	0.000636	0.434462	0.899926	-0.037097	0.015555	0.033684	0.999312
0.900330	-0.435207	0.000961	0.434932	0.899678	-0.037606	0.015502	0.034276	0.999292
0.899968	-0.435953	0.001478	0.435695	0.899309	-0.037594	0.015060	0.034478	0.999292
0.900088	-0.435705	0.001906	0.435451	0.899395	-0.038348	0.014994	0.035347	0.999263
0.900486	-0.434878	0.002242	0.434623	0.899756	-0.039269	0.015060	0.036336	0.999226
0.900385	-0.435086	0.002501	0.434829	0.899624	-0.040018	0.015162	0.037119	0.999196
0.900024	-0.435832	0.002875	0.435580	0.899236	-0.040561	0.015092	0.037758	0.999173
0.899910	-0.436065	0.003175	0.435818	0.899102	-0.040979	0.015015	0.038261	0.999155
0.899917	-0.436048	0.003342	0.435806	0.899103	-0.041077	0.014907	0.038422	0.999150
0.899840	-0.436207	0.003435	0.435975	0.899043	-0.040580	0.014613	0.038013	0.999170
0.899795	-0.436300	0.003367	0.436074	0.899021	-0.040002	0.014426	0.037462	0.999194
0.899804	-0.436284	0.002974	0.436044	0.899038	-0.039956	0.014758	0.037249	0.999197
0.900265	-0.435338	0.001640	0.435035	0.899483	-0.040932	0.016344	0.037563	0.999161
0.901386	-0.433017	-0.000401	0.432613	0.900585	-0.042325	0.018689	0.037978	0.999104
0.902193	-0.431333	-0.000762	0.430918	0.901399	-0.042300	0.018932	0.037834	0.999105
0.902774	-0.430115	-0.000610	0.429727	0.902018	-0.041206	0.018274	0.036938	0.999150
0.902756	-0.430152	0.000380	0.429819	0.902022	-0.040143	0.016925	0.036403	0.999194
0.902425	-0.430847	0.000712	0.430538	0.901712	-0.039398	0.016332	0.035861	0.999223
0.901944	-0.431851	0.001151	0.431567	0.901247	-0.038776	0.015708	0.035470	0.999247
0.901450	-0.432880	0.001609	0.432618	0.900762	-0.038334	0.015144	0.035252	0.999264
0.901116	-0.433574	0.001921	0.433326	0.900432	-0.038099	0.014788	0.035164	0.999272
0.900890	-0.434042	0.002123	0.433806	0.900216	-0.037724	0.014463	0.034906	0.999286
0.900784	-0.434263	0.001924	0.434022	0.900116	-0.037629	0.014609	0.034730	0.999290
0.900724	-0.434390	0.001648	0.434137	0.900056	-0.037739	0.014910	0.034708	0.999286
0.900798	-0.434236	0.001181	0.433972	0.900148	-0.037440	0.015195	0.034239	0.999298
