0.952380	-0.304885	0.004085	0.302426	0.946236	0.114788	-0.038862	-0.108086	0.993382
0.952466	-0.304616	0.004217	0.302162	0.946374	0.114348	-0.038823	-0.107638	0.993432
0.952464	-0.304623	0.004202	0.302156	0.946335	0.114684	-0.038912	-0.107962	0.993393
0.952499	-0.304506	0.004583	0.301977	0.946322	0.115259	-0.039434	-0.108401	0.993325
0.952600	-0.304198	0.004049	0.301741	0.946435	0.114947	-0.038799	-0.108277	0.993363
0.952365	-0.304932	0.004263	0.302476	0.946289	0.114213	-0.038861	-0.107483	0.993447
0.952195	-0.305456	0.004698	0.303003	0.946284	0.112854	-0.038918	-0.106036	0.993600
0.952278	-0.305182	0.005587	0.302625	0.946371	0.113132	-0.039814	-0.106042	0.993564
0.952442	-0.304667	0.005712	0.302059	0.946428	0.114173	-0.040191	-0.107017	0.993445
0.952407	-0.304779	0.005535	0.302192	0.946393	0.114109	-0.040016	-0.107005	0.993453
0.952321	-0.305058	0.004997	0.302550	0.946349	0.113525	-0.039361	-0.106600	0.993523
0.952563	-0.304308	0.004541	0.301861	0.946594	0.113316	-0.038782	-0.106570	0.993549
0.952935	-0.303145	0.004270	0.300731	0.946943	0.113401	-0.038420	-0.106780	0.993540
0.953090	-0.302658	0.004189	0.300263	0.947113	0.113220	-0.038234	-0.106651	0.993561
0.953049	-0.302788	0.004146	0.300417	0.947129	0.112674	-0.038043	-0.106138	0.993623
0.953011	-0.302909	0.004036	0.300560	0.947120	0.112369	-0.037860	-0.105876	0.993658
0.953043	-0.302808	0.004060	0.300452	0.947134	0.112540	-0.037923	-0.106036	0.993639
0.953090	-0.302655	0.004473	0.300232	0.947131	0.113154	-0.038483	-0.106503	0.993567
0.953067	-0.302730	0.004310	0.300291	0.947012	0.113989	-0.038590	-0.107345	0.993473
0.952912	-0.303212	0.004595	0.300713	0.946795	0.114682	-0.039123	-0.107900	0.993392
0.952777	-0.303649	0.003673	0.301235	0.946594	0.114963	-0.038386	-0.108427	0.993363
0.952644	-0.304068	0.003475	0.301671	0.946450	0.115005	-0.038258	-0.108511	0.993359
0.952681	-0.303946	0.003995	0.301462	0.946419	0.115810	-0.038981	-0.109125	0.993263
0.952857	-0.303393	0.003950	0.300875	0.946471	0.116903	-0.039206	-0.110203	0.993136
0.952793	-0.303590	0.004233	0.301011	0.946337	0.117638	-0.039720	-0.110811	0.993047
