0.686479	-0.703705	-0.183155	0.665130	0.709471	-0.232921	0.293851	0.038073	0.955093
0.686479	-0.703705	-0.183155	0.665130	0.709471	-0.232921	0.293851	0.038073	0.955093
0.686479	-0.703705	-0.183155	0.665130	0.709471	-0.232921	0.293851	0.038073	0.955093
0.686479	-0.703705	-0.183155	0.665130	0.709471	-0.232921	0.293851	0.038073	0.955093
0.686479	-0.703705	-0.183155	0.665130	0.709471	-0.232921	0.293851	0.038073	0.955093
0.686479	-0.703705	-0.183155	0.665130	0.709471	-0.232921	0.293851	0.038073	0.955093
0.686502	-0.703582	-0.183540	0.664994	0.709606	-0.232899	0.294104	0.037833	0.955024
0.686535	-0.703491	-0.183766	0.664901	0.709704	-0.232865	0.294238	0.037684	0.954989
0.686535	-0.703491	-0.183766	0.664901	0.709704	-0.232865	0.294238	0.037684	0.954989
0.686698	-0.703222	-0.184189	0.664614	0.709982	-0.232836	0.294506	0.037473	0.954915
0.686698	-0.703222	-0.184189	0.664614	0.709982	-0.232836	0.294506	0.037473	0.954915
0.686622	-0.703133	-0.184807	0.664478	0.710089	-0.232901	0.294990	0.037115	0.954779
0.686401	-0.703243	-0.185211	0.664575	0.709997	-0.232904	0.295287	0.036780	0.954700
0.686401	-0.703243	-0.185211	0.664575	0.709997	-0.232904	0.295287	0.036780	0.954700
0.686401	-0.703243	-0.185211	0.664575	0.709997	-0.232904	0.295287	0.036780	0.954700
0.686401	-0.703243	-0.185211	0.664575	0.709997	-0.232904	0.295287	0.036780	0.954700
0.686401	-0.703243	-0.185211	0.664575	0.709997	-0.232904	0.295287	0.036780	0.954700
0.686401	-0.703243	-0.185211	0.664575	0.709997	-0.232904	0.295287	0.036780	0.954700
0.686302	-0.703213	-0.185691	0.664607	0.710055	-0.232638	0.295445	0.036248	0.954672
0.686302	-0.703213	-0.185691	0.664607	0.710055	-0.232638	0.295445	0.036248	0.954672
0.686503	-0.702938	-0.185989	0.664365	0.710338	-0.232461	0.295521	0.036021	0.954657
0.686503	-0.702938	-0.185989	0.664365	0.710338	-0.232461	0.295521	0.036021	0.954657
0.686503	-0.702938	-0.185989	0.664365	0.710338	-0.232461	0.295521	0.036021	0.954657
0.686503	-0.702938	-0.185989	0.664365	0.710338	-0.232461	0.295521	0.036021	0.954657
0.686503	-0.702938	-0.185989	0.664365	0.710338	-0.232461	0.295521	0.036021	0.954657
0.686503	-0.702938	-0.185989	0.664365	0.710338	-0.232461	0.295521	0.036021	0.954657
