0.581473	-0.792536	-0.183784	0.760382	0.609749	-0.223664	0.289324	-0.009692	0.957182
0.581594	-0.792662	-0.182856	0.760563	0.609594	-0.223472	0.288605	-0.009104	0.957405
0.582430	-0.792362	-0.181489	0.760397	0.609997	-0.222935	0.287353	-0.008160	0.957790
0.582948	-0.792305	-0.180067	0.760593	0.610079	-0.222041	0.285779	-0.007519	0.958266
0.583152	-0.792389	-0.179035	0.760961	0.609972	-0.221072	0.284381	-0.007320	0.958683
0.582900	-0.792730	-0.178343	0.761440	0.609530	-0.220639	0.283613	-0.007187	0.958912
0.582900	-0.792730	-0.178343	0.761440	0.609530	-0.220639	0.283613	-0.007187	0.958912
0.582254	-0.793324	-0.177811	0.762113	0.608757	-0.220451	0.283133	-0.007154	0.959054
0.582254	-0.793324	-0.177811	0.762113	0.608757	-0.220451	0.283133	-0.007154	0.959054
0.582254	-0.793324	-0.177811	0.762113	0.608757	-0.220451	0.283133	-0.007154	0.959054
0.581833	-0.793494	-0.178429	0.762011	0.608536	-0.221412	0.284270	-0.007141	0.958718
0.581305	-0.793747	-0.179026	0.762284	0.608199	-0.221400	0.284619	-0.007768	0.958609
0.580955	-0.793868	-0.179625	0.762087	0.608042	-0.222503	0.285858	-0.007626	0.958242
0.580955	-0.793868	-0.179625	0.762087	0.608042	-0.222503	0.285858	-0.007626	0.958242
0.580955	-0.793868	-0.179625	0.762087	0.608042	-0.222503	0.285858	-0.007626	0.958242
0.581352	-0.793548	-0.179757	0.761833	0.608459	-0.222235	0.285729	-0.007748	0.958279
0.581478	-0.793172	-0.180999	0.761723	0.608928	-0.221325	0.285765	-0.009175	0.958256
0.582017	-0.792389	-0.182690	0.761129	0.609923	-0.220628	0.286250	-0.010641	0.958096
0.582256	-0.792057	-0.183370	0.760808	0.610347	-0.220562	0.286617	-0.011086	0.957981
0.582256	-0.792057	-0.183370	0.760808	0.610347	-0.220562	0.286617	-0.011086	0.957981
0.582256	-0.792057	-0.183370	0.760808	0.610347	-0.220562	0.286617	-0.011086	0.957981
0.582256	-0.792057	-0.183370	0.760808	0.610347	-0.220562	0.286617	-0.011086	0.957981
0.581539	-0.792442	-0.183976	0.761241	0.609832	-0.220494	0.286923	-0.011824	0.957880
0.581539	-0.792442	-0.183976	0.761241	0.609832	-0.220494	0.286923	-0.011824	0.957880
0.581539	-0.792442	-0.183976	0.761241	0.609832	-0.220494	0.286923	-0.011824	0.957880
