0.906480	-0.375233	-0.193635	0.343590	0.922041	-0.178288	0.245439	0.095084	0.964738
0.906427	-0.375511	-0.193344	0.343770	0.921873	-0.178807	0.245383	0.095609	0.964700
0.906427	-0.375511	-0.193344	0.343770	0.921873	-0.178807	0.245383	0.095609	0.964700
0.906427	-0.375511	-0.193344	0.343770	0.921873	-0.178807	0.245383	0.095609	0.964700
0.906428	-0.375760	-0.192856	0.344089	0.921767	-0.178742	0.244932	0.095658	0.964810
0.906313	-0.376123	-0.192688	0.344526	0.921642	-0.178540	0.244743	0.095427	0.964881
0.906313	-0.376123	-0.192688	0.344526	0.921642	-0.178540	0.244743	0.095427	0.964881
0.906063	-0.376617	-0.192898	0.345035	0.921473	-0.178430	0.244950	0.095112	0.964859
0.906063	-0.376617	-0.192898	0.345035	0.921473	-0.178430	0.244950	0.095112	0.964859
0.906352	-0.376073	-0.192602	0.344496	0.921663	-0.178493	0.244641	0.095427	0.964907
0.906579	-0.375733	-0.192194	0.344187	0.921775	-0.178509	0.244232	0.095682	0.964985
0.906579	-0.375733	-0.192194	0.344187	0.921775	-0.178509	0.244232	0.095682	0.964985
0.906579	-0.375733	-0.192194	0.344187	0.921775	-0.178509	0.244232	0.095682	0.964985
0.906880	-0.375170	-0.191876	0.343587	0.921954	-0.178743	0.243959	0.096173	0.965005
0.907000	-0.374834	-0.191965	0.343197	0.922068	-0.178903	0.244064	0.096383	0.964958
0.907000	-0.374834	-0.191965	0.343197	0.922068	-0.178903	0.244064	0.096383	0.964958
0.907000	-0.374834	-0.191965	0.343197	0.922068	-0.178903	0.244064	0.096383	0.964958
0.907185	-0.374278	-0.192177	0.342630	0.922294	-0.178827	0.244175	0.096384	0.964929
0.907185	-0.374278	-0.192177	0.342630	0.922294	-0.178827	0.244175	0.096384	0.964929
0.907185	-0.374278	-0.192177	0.342630	0.922294	-0.178827	0.244175	0.096384	0.964929
0.907189	-0.373970	-0.192756	0.342196	0.922408	-0.179066	0.244765	0.096487	0.964770
0.907194	-0.373709	-0.193239	0.341840	0.922508	-0.179232	0.245245	0.096542	0.964642
0.907194	-0.373709	-0.193239	0.341840	0.922508	-0.179232	0.245245	0.096542	0.964642
0.907194	-0.373709	-0.193239	0.341840	0.922508	-0.179232	0.245245	0.096542	0.964642
