0.609423	-0.771952	-0.180812	0.741061	0.635677	-0.216204	0.281837	-0.002233	0.959460
0.609555	-0.771709	-0.181403	0.740790	0.635970	-0.216268	0.282264	-0.002554	0.959333
0.609877	-0.771354	-0.181831	0.740398	0.636400	-0.216346	0.282597	-0.002683	0.959235
0.610132	-0.771076	-0.182153	0.740067	0.636737	-0.216488	0.282912	-0.002720	0.959142
0.610303	-0.770897	-0.182341	0.739817	0.636954	-0.216703	0.283198	-0.002644	0.959058
0.610303	-0.770897	-0.182341	0.739817	0.636954	-0.216703	0.283198	-0.002644	0.959058
0.610303	-0.770897	-0.182341	0.739817	0.636954	-0.216703	0.283198	-0.002644	0.959058
0.610208	-0.770856	-0.182831	0.739692	0.637004	-0.216983	0.283727	-0.002834	0.958901
0.610038	-0.770871	-0.183332	0.739645	0.636983	-0.217205	0.284216	-0.003097	0.958755
0.610038	-0.770871	-0.183332	0.739645	0.636983	-0.217205	0.284216	-0.003097	0.958755
0.610038	-0.770871	-0.183332	0.739645	0.636983	-0.217205	0.284216	-0.003097	0.958755
0.610422	-0.770605	-0.183171	0.739317	0.637307	-0.217373	0.284245	-0.002732	0.958748
0.610422	-0.770605	-0.183171	0.739317	0.637307	-0.217373	0.284245	-0.002732	0.958748
0.610422	-0.770605	-0.183171	0.739317	0.637307	-0.217373	0.284245	-0.002732	0.958748
0.610422	-0.770605	-0.183171	0.739317	0.637307	-0.217373	0.284245	-0.002732	0.958748
0.610422	-0.770605	-0.183171	0.739317	0.637307	-0.217373	0.284245	-0.002732	0.958748
0.610422	-0.770605	-0.183171	0.739317	0.637307	-0.217373	0.284245	-0.002732	0.958748
0.610132	-0.771055	-0.182246	0.739768	0.636765	-0.217426	0.283695	-0.002161	0.958912
0.609616	-0.771694	-0.181262	0.740390	0.635992	-0.217570	0.283179	-0.001570	0.959066
0.609311	-0.772113	-0.180502	0.740770	0.635484	-0.217759	0.282841	-0.001027	0.959166
0.609133	-0.772371	-0.179999	0.740971	0.635171	-0.217991	0.282700	-0.000588	0.959208
0.609133	-0.772371	-0.179999	0.740971	0.635171	-0.217991	0.282700	-0.000588	0.959208
0.609133	-0.772371	-0.179999	0.740971	0.635171	-0.217991	0.282700	-0.000588	0.959208
0.609143	-0.772483	-0.179483	0.740994	0.635035	-0.218309	0.282618	-0.000014	0.959232
