0.890377	-0.418477	-0.179179	0.381780	0.900829	-0.206765	0.247936	0.115692	0.961844
0.890470	-0.417692	-0.180545	0.380765	0.901209	-0.206978	0.249162	0.115562	0.961542
0.890798	-0.416661	-0.181309	0.379642	0.901695	-0.206923	0.249702	0.115494	0.961410
0.891088	-0.415897	-0.181636	0.378904	0.902072	-0.206635	0.249787	0.115307	0.961411
0.891088	-0.415897	-0.181636	0.378904	0.902072	-0.206635	0.249787	0.115307	0.961411
0.891088	-0.415897	-0.181636	0.378904	0.902072	-0.206635	0.249787	0.115307	0.961411
0.891216	-0.415812	-0.181202	0.378914	0.902106	-0.206465	0.249314	0.115345	0.961529
0.891293	-0.415908	-0.180606	0.379068	0.902028	-0.206527	0.248808	0.115614	0.961628
0.891226	-0.416303	-0.180022	0.379517	0.901820	-0.206609	0.248359	0.115814	0.961720
0.891127	-0.416709	-0.179571	0.380046	0.901653	-0.206367	0.247905	0.115654	0.961856
0.891127	-0.416709	-0.179571	0.380046	0.901653	-0.206367	0.247905	0.115654	0.961856
0.890947	-0.417166	-0.179406	0.380556	0.901462	-0.206263	0.247773	0.115495	0.961909
0.890947	-0.417166	-0.179406	0.380556	0.901462	-0.206263	0.247773	0.115495	0.961909
0.890947	-0.417166	-0.179406	0.380556	0.901462	-0.206263	0.247773	0.115495	0.961909
0.890880	-0.417633	-0.178649	0.381141	0.901233	-0.206179	0.247111	0.115591	0.962068
0.890800	-0.418082	-0.177994	0.381625	0.900984	-0.206373	0.246651	0.115910	0.962148
0.890820	-0.418405	-0.177135	0.381994	0.900771	-0.206618	0.246008	0.116395	0.962254
0.890834	-0.418634	-0.176521	0.382257	0.900621	-0.206790	0.245548	0.116739	0.962330
0.890858	-0.418762	-0.176097	0.382573	0.900607	-0.206262	0.244969	0.116380	0.962520
0.890739	-0.418609	-0.177062	0.382513	0.900824	-0.205427	0.245495	0.115253	0.962522
0.890482	-0.418551	-0.178484	0.382376	0.900965	-0.205063	0.246637	0.114357	0.962337
0.890046	-0.419004	-0.179596	0.382732	0.900841	-0.204943	0.247660	0.113672	0.962156
0.889854	-0.419159	-0.180183	0.382813	0.900801	-0.204967	0.248223	0.113414	0.962041
0.889812	-0.419115	-0.180493	0.382743	0.900842	-0.204919	0.248481	0.113257	0.961993
0.889934	-0.418747	-0.180745	0.382403	0.901041	-0.204680	0.248567	0.113035	0.961997
