0.640642	-0.739817	-0.205545	0.708474	0.672748	-0.213249	0.296045	-0.009007	0.955132
0.640642	-0.739817	-0.205545	0.708474	0.672748	-0.213249	0.296045	-0.009007	0.955132
0.640642	-0.739817	-0.205545	0.708474	0.672748	-0.213249	0.296045	-0.009007	0.955132
0.640107	-0.740168	-0.205946	0.708945	0.672352	-0.212933	0.296075	-0.009704	0.955115
0.640107	-0.740168	-0.205946	0.708945	0.672352	-0.212933	0.296075	-0.009704	0.955115
0.640107	-0.740168	-0.205946	0.708945	0.672352	-0.212933	0.296075	-0.009704	0.955115
0.640107	-0.740168	-0.205946	0.708945	0.672352	-0.212933	0.296075	-0.009704	0.955115
0.640107	-0.740168	-0.205946	0.708945	0.672352	-0.212933	0.296075	-0.009704	0.955115
0.639646	-0.740691	-0.205500	0.709596	0.671774	-0.212587	0.295511	-0.009841	0.955289
0.639646	-0.740691	-0.205500	0.709596	0.671774	-0.212587	0.295511	-0.009841	0.955289
0.639646	-0.740691	-0.205500	0.709596	0.671774	-0.212587	0.295511	-0.009841	0.955289
0.639646	-0.740691	-0.205500	0.709596	0.671774	-0.212587	0.295511	-0.009841	0.955289
0.639646	-0.740691	-0.205500	0.709596	0.671774	-0.212587	0.295511	-0.009841	0.955289
0.639646	-0.740691	-0.205500	0.709596	0.671774	-0.212587	0.295511	-0.009841	0.955289
0.639646	-0.740691	-0.205500	0.709596	0.671774	-0.212587	0.295511	-0.009841	0.955289
0.639646	-0.740691	-0.205500	0.709596	0.671774	-0.212587	0.295511	-0.009841	0.955289
0.639646	-0.740691	-0.205500	0.709596	0.671774	-0.212587	0.295511	-0.009841	0.955289
0.639646	-0.740691	-0.205500	0.709596	0.671774	-0.212587	0.295511	-0.009841	0.955289
0.639646	-0.740691	-0.205500	0.709596	0.671774	-0.212587	0.295511	-0.009841	0.955289
0.639269	-0.741121	-0.205121	0.710154	0.671297	-0.212231	0.294986	-0.009995	0.955449
0.639269	-0.741121	-0.205121	0.710154	0.671297	-0.212231	0.294986	-0.009995	0.955449
0.639269	-0.741121	-0.205121	0.710154	0.671297	-0.212231	0.294986	-0.009995	0.955449
0.639269	-0.741121	-0.205121	0.710154	0.671297	-0.212231	0.294986	-0.009995	0.955449
0.638944	-0.741103	-0.206196	0.710179	0.671303	-0.212129	0.295629	-0.010898	0.955240
0.638019	-0.741707	-0.206888	0.710887	0.670619	-0.211921	0.295926	-0.011864	0.955137
