0.897736	-0.400710	-0.183035	0.366767	0.910002	-0.193336	0.244033	0.106433	0.963909
0.897736	-0.400710	-0.183035	0.366767	0.910002	-0.193336	0.244033	0.106433	0.963909
0.897661	-0.401023	-0.182718	0.367202	0.909895	-0.193012	0.243656	0.106165	0.964033
0.897661	-0.401023	-0.182718	0.367202	0.909895	-0.193012	0.243656	0.106165	0.964033
0.897445	-0.401551	-0.182620	0.367798	0.909697	-0.192812	0.243553	0.105871	0.964092
0.897239	-0.401989	-0.182666	0.368275	0.909536	-0.192662	0.243589	0.105593	0.964113
0.897239	-0.401989	-0.182666	0.368275	0.909536	-0.192662	0.243589	0.105593	0.964113
0.897239	-0.401989	-0.182666	0.368275	0.909536	-0.192662	0.243589	0.105593	0.964113
0.897239	-0.401989	-0.182666	0.368275	0.909536	-0.192662	0.243589	0.105593	0.964113
0.897239	-0.401989	-0.182666	0.368275	0.909536	-0.192662	0.243589	0.105593	0.964113
0.897239	-0.401989	-0.182666	0.368275	0.909536	-0.192662	0.243589	0.105593	0.964113
0.897239	-0.401989	-0.182666	0.368275	0.909536	-0.192662	0.243589	0.105593	0.964113
0.897239	-0.401989	-0.182666	0.368275	0.909536	-0.192662	0.243589	0.105593	0.964113
0.897239	-0.401989	-0.182666	0.368275	0.909536	-0.192662	0.243589	0.105593	0.964113
0.897383	-0.401846	-0.182275	0.368297	0.909631	-0.192169	0.243025	0.105318	0.964286
0.897383	-0.401846	-0.182275	0.368297	0.909631	-0.192169	0.243025	0.105318	0.964286
0.897639	-0.401361	-0.182082	0.367900	0.909853	-0.191881	0.242681	0.105252	0.964379
0.897639	-0.401361	-0.182082	0.367900	0.909853	-0.191881	0.242681	0.105252	0.964379
0.897639	-0.401361	-0.182082	0.367900	0.909853	-0.191881	0.242681	0.105252	0.964379
0.897886	-0.400939	-0.181792	0.367497	0.910009	-0.191909	0.242376	0.105504	0.964429
0.897886	-0.400939	-0.181792	0.367497	0.910009	-0.191909	0.242376	0.105504	0.964429
0.898109	-0.400468	-0.181732	0.366996	0.910186	-0.192028	0.242311	0.105768	0.964416
0.898109	-0.400468	-0.181732	0.366996	0.910186	-0.192028	0.242311	0.105768	0.964416
0.898293	-0.399919	-0.182030	0.366470	0.910451	-0.191780	0.242426	0.105566	0.964409
