0.882268	-0.435347	-0.179101	0.399105	0.893502	-0.205837	0.249638	0.110124	0.962057
0.882268	-0.435347	-0.179101	0.399105	0.893502	-0.205837	0.249638	0.110124	0.962057
0.882694	-0.434291	-0.179563	0.397848	0.893943	-0.206356	0.250138	0.110710	0.961860
0.882770	-0.433678	-0.180665	0.397047	0.894254	-0.206553	0.251138	0.110606	0.961611
0.882727	-0.433536	-0.181214	0.396950	0.894394	-0.206132	0.251443	0.110026	0.961598
0.883099	-0.432475	-0.181938	0.395799	0.894911	-0.206099	0.251951	0.109995	0.961469
0.883635	-0.430979	-0.182885	0.394068	0.895583	-0.206496	0.252784	0.110398	0.961204
0.883966	-0.430060	-0.183449	0.393054	0.896014	-0.206562	0.253207	0.110488	0.961082
0.883966	-0.430060	-0.183449	0.393054	0.896014	-0.206562	0.253207	0.110488	0.961082
0.883966	-0.430060	-0.183449	0.393054	0.896014	-0.206562	0.253207	0.110488	0.961082
0.883966	-0.430060	-0.183449	0.393054	0.896014	-0.206562	0.253207	0.110488	0.961082
0.883966	-0.430060	-0.183449	0.393054	0.896014	-0.206562	0.253207	0.110488	0.961082
0.883966	-0.430060	-0.183449	0.393054	0.896014	-0.206562	0.253207	0.110488	0.961082
0.883966	-0.430060	-0.183449	0.393054	0.896014	-0.206562	0.253207	0.110488	0.961082
0.883708	-0.430320	-0.184078	0.393341	0.895972	-0.206196	0.253659	0.109812	0.961040
0.883708	-0.430320	-0.184078	0.393341	0.895972	-0.206196	0.253659	0.109812	0.961040
0.883708	-0.430320	-0.184078	0.393341	0.895972	-0.206196	0.253659	0.109812	0.961040
0.883818	-0.430421	-0.183312	0.393392	0.895827	-0.206730	0.253197	0.110599	0.961072
0.883655	-0.431007	-0.182721	0.393961	0.895495	-0.207085	0.252881	0.111007	0.961108
0.883198	-0.432212	-0.182083	0.395378	0.894977	-0.206623	0.252265	0.110497	0.961329
0.882793	-0.433272	-0.181526	0.396715	0.894560	-0.205865	0.251582	0.109722	0.961597
0.882793	-0.433272	-0.181526	0.396715	0.894560	-0.205865	0.251582	0.109722	0.961597
0.882858	-0.433477	-0.180719	0.397072	0.894451	-0.205648	0.250788	0.109800	0.961795
0.882858	-0.433477	-0.180719	0.397072	0.894451	-0.205648	0.250788	0.109800	0.961795
0.882858	-0.433477	-0.180719	0.397072	0.894451	-0.205648	0.250788	0.109800	0.961795
0.882858	-0.433477	-0.180719	0.397072	0.894451	-0.205648	0.250788	0.109800	0.961795
