0.902010	-0.389056	-0.187116	0.352749	0.914072	-0.200102	0.248888	0.114489	0.961742
0.901981	-0.389038	-0.187294	0.352714	0.914089	-0.200084	0.249043	0.114411	0.961711
0.901981	-0.389038	-0.187294	0.352714	0.914089	-0.200084	0.249043	0.114411	0.961711
0.901855	-0.388931	-0.188123	0.352625	0.914225	-0.199622	0.249626	0.113694	0.961645
0.901676	-0.389036	-0.188762	0.352793	0.914275	-0.199091	0.250034	0.112921	0.961630
0.901539	-0.389146	-0.189192	0.352991	0.914314	-0.198563	0.250250	0.112229	0.961655
0.901539	-0.389146	-0.189192	0.352991	0.914314	-0.198563	0.250250	0.112229	0.961655
0.901539	-0.389146	-0.189192	0.352991	0.914314	-0.198563	0.250250	0.112229	0.961655
0.901539	-0.389146	-0.189192	0.352991	0.914314	-0.198563	0.250250	0.112229	0.961655
0.901766	-0.388907	-0.188598	0.352968	0.914447	-0.197988	0.249462	0.111970	0.961889
0.901766	-0.388907	-0.188598	0.352968	0.914447	-0.197988	0.249462	0.111970	0.961889
0.902064	-0.388585	-0.187835	0.352785	0.914562	-0.197783	0.248642	0.112148	0.962081
0.902064	-0.388585	-0.187835	0.352785	0.914562	-0.197783	0.248642	0.112148	0.962081
0.901882	-0.389091	-0.187663	0.353388	0.914388	-0.197512	0.248447	0.111815	0.962170
0.901726	-0.389400	-0.187772	0.353744	0.914297	-0.197297	0.248506	0.111484	0.962193
0.901726	-0.389400	-0.187772	0.353744	0.914297	-0.197297	0.248506	0.111484	0.962193
0.901706	-0.389588	-0.187480	0.353957	0.914205	-0.197343	0.248277	0.111586	0.962241
0.901996	-0.389236	-0.186814	0.353626	0.914288	-0.197549	0.247695	0.112126	0.962328
0.902610	-0.388410	-0.185559	0.352789	0.914486	-0.198132	0.246647	0.113373	0.962451
0.902541	-0.388970	-0.184722	0.353348	0.914178	-0.198554	0.246100	0.113932	0.962525
0.902132	-0.390182	-0.184163	0.354552	0.913635	-0.198908	0.245868	0.114146	0.962559
0.901696	-0.391201	-0.184134	0.355417	0.913154	-0.199571	0.246215	0.114508	0.962427
0.901224	-0.392170	-0.184386	0.356293	0.912748	-0.199868	0.246680	0.114430	0.962317
0.900620	-0.393332	-0.184861	0.357353	0.912283	-0.200097	0.247350	0.114151	0.962179
0.900305	-0.394012	-0.184946	0.357984	0.911994	-0.200286	0.247584	0.114111	0.962123
