0.841614	-0.509834	-0.178199	0.472252	0.854792	-0.215197	0.262038	0.096958	0.960175
0.841961	-0.509406	-0.177786	0.471766	0.854974	-0.215538	0.261799	0.097601	0.960175
0.841961	-0.509406	-0.177786	0.471766	0.854974	-0.215538	0.261799	0.097601	0.960175
0.842024	-0.509362	-0.177610	0.471588	0.854931	-0.216098	0.261916	0.098201	0.960081
0.841817	-0.509664	-0.177724	0.471751	0.854719	-0.216581	0.262287	0.098480	0.959952
0.841379	-0.510218	-0.178209	0.472110	0.854379	-0.217137	0.263046	0.098560	0.959736
0.840939	-0.510818	-0.178565	0.472587	0.854027	-0.217485	0.263595	0.098504	0.959591
0.840669	-0.511216	-0.178700	0.472967	0.853808	-0.217520	0.263775	0.098343	0.959558
0.840669	-0.511216	-0.178700	0.472967	0.853808	-0.217520	0.263775	0.098343	0.959558
0.840669	-0.511216	-0.178700	0.472967	0.853808	-0.217520	0.263775	0.098343	0.959558
0.840669	-0.511216	-0.178700	0.472967	0.853808	-0.217520	0.263775	0.098343	0.959558
0.841086	-0.510741	-0.178096	0.472417	0.853990	-0.217997	0.263432	0.099218	0.959562
0.841574	-0.510158	-0.177460	0.471890	0.854280	-0.218005	0.262817	0.099726	0.959678
0.842127	-0.509428	-0.176932	0.471208	0.854659	-0.217994	0.262269	0.100207	0.959778
0.842489	-0.508913	-0.176693	0.470682	0.854922	-0.218096	0.262051	0.100577	0.959799
0.842489	-0.508913	-0.176693	0.470682	0.854922	-0.218096	0.262051	0.100577	0.959799
0.842433	-0.508858	-0.177116	0.470448	0.854926	-0.218586	0.262651	0.100820	0.959609
0.842433	-0.508858	-0.177116	0.470448	0.854926	-0.218586	0.262651	0.100820	0.959609
0.842881	-0.508222	-0.176813	0.469811	0.855254	-0.218675	0.262355	0.101248	0.959645
0.843184	-0.507811	-0.176549	0.469401	0.855460	-0.218751	0.262115	0.101575	0.959676
0.843184	-0.507811	-0.176549	0.469401	0.855460	-0.218751	0.262115	0.101575	0.959676
0.843184	-0.507811	-0.176549	0.469401	0.855460	-0.218751	0.262115	0.101575	0.959676
0.843103	-0.508173	-0.175891	0.469875	0.855233	-0.218617	0.261523	0.101670	0.959828
0.842865	-0.508696	-0.175519	0.470523	0.854949	-0.218334	0.261125	0.101440	0.959960
0.842316	-0.509629	-0.175446	0.471622	0.854479	-0.217803	0.260914	0.100715	0.960094
