0.901822	-0.388662	-0.188835	0.353612	0.914961	-0.194433	0.248345	0.108570	0.962568
0.901822	-0.388662	-0.188835	0.353612	0.914961	-0.194433	0.248345	0.108570	0.962568
0.901822	-0.388662	-0.188835	0.353612	0.914961	-0.194433	0.248345	0.108570	0.962568
0.901822	-0.388662	-0.188835	0.353612	0.914961	-0.194433	0.248345	0.108570	0.962568
0.901628	-0.388800	-0.189475	0.353724	0.914955	-0.194257	0.248888	0.108125	0.962478
0.901591	-0.388406	-0.190458	0.353192	0.915144	-0.194337	0.249778	0.107944	0.962268
0.901605	-0.388007	-0.191205	0.352616	0.915296	-0.194666	0.250541	0.108089	0.962053
0.901637	-0.387689	-0.191700	0.352179	0.915417	-0.194887	0.251041	0.108205	0.961910
0.901713	-0.387359	-0.192009	0.351763	0.915540	-0.195061	0.251350	0.108347	0.961813
0.901713	-0.387359	-0.192009	0.351763	0.915540	-0.195061	0.251350	0.108347	0.961813
0.901713	-0.387359	-0.192009	0.351763	0.915540	-0.195061	0.251350	0.108347	0.961813
0.901916	-0.386834	-0.192114	0.351316	0.915791	-0.194688	0.251248	0.108100	0.961867
0.901916	-0.386834	-0.192114	0.351316	0.915791	-0.194688	0.251248	0.108100	0.961867
0.901916	-0.386834	-0.192114	0.351316	0.915791	-0.194688	0.251248	0.108100	0.961867
0.902146	-0.386240	-0.192227	0.350677	0.916018	-0.194771	0.251312	0.108303	0.961828
0.902335	-0.385861	-0.192100	0.350222	0.916123	-0.195097	0.251267	0.108765	0.961787
0.902335	-0.385861	-0.192100	0.350222	0.916123	-0.195097	0.251267	0.108765	0.961787
0.902335	-0.385861	-0.192100	0.350222	0.916123	-0.195097	0.251267	0.108765	0.961787
0.902335	-0.385861	-0.192100	0.350222	0.916123	-0.195097	0.251267	0.108765	0.961787
0.902335	-0.385861	-0.192100	0.350222	0.916123	-0.195097	0.251267	0.108765	0.961787
0.902335	-0.385861	-0.192100	0.350222	0.916123	-0.195097	0.251267	0.108765	0.961787
0.902335	-0.385861	-0.192100	0.350222	0.916123	-0.195097	0.251267	0.108765	0.961787
0.902335	-0.385861	-0.192100	0.350222	0.916123	-0.195097	0.251267	0.108765	0.961787
0.902335	-0.385861	-0.192100	0.350222	0.916123	-0.195097	0.251267	0.108765	0.961787
0.902335	-0.385861	-0.192100	0.350222	0.916123	-0.195097	0.251267	0.108765	0.961787
