0.775942	-0.589893	-0.223472	0.545509	0.805395	-0.231859	0.316755	0.058003	0.946732
0.774543	-0.591862	-0.223121	0.547667	0.804009	-0.231584	0.316457	0.057176	0.946882
0.772964	-0.594021	-0.222856	0.549809	0.802445	-0.231930	0.316601	0.056745	0.946860
0.771812	-0.595624	-0.222572	0.551308	0.801258	-0.232473	0.316804	0.056720	0.946793
0.771274	-0.596411	-0.222330	0.552072	0.800673	-0.232679	0.316786	0.056717	0.946800
0.771274	-0.596411	-0.222330	0.552072	0.800673	-0.232679	0.316786	0.056717	0.946800
0.770952	-0.597034	-0.221773	0.552600	0.800175	-0.233139	0.316649	0.057187	0.946817
0.770656	-0.597583	-0.221322	0.553037	0.799733	-0.233618	0.316605	0.057640	0.946805
0.770153	-0.598324	-0.221072	0.553655	0.799159	-0.234117	0.316749	0.057908	0.946740
0.769564	-0.599363	-0.220306	0.554617	0.798347	-0.234610	0.316498	0.058362	0.946796
0.769042	-0.600488	-0.219064	0.555738	0.797456	-0.234988	0.315802	0.058973	0.946991
0.768608	-0.601460	-0.217918	0.556825	0.796702	-0.234970	0.314941	0.059258	0.947260
0.768137	-0.602251	-0.217390	0.557636	0.796096	-0.235103	0.314655	0.059367	0.947348
0.767840	-0.602769	-0.217008	0.558116	0.795688	-0.235344	0.314529	0.059591	0.947376
0.767533	-0.603312	-0.216580	0.558714	0.795274	-0.235324	0.314214	0.059612	0.947479
0.767621	-0.603454	-0.215872	0.558958	0.795148	-0.235171	0.313565	0.059859	0.947678
0.768243	-0.602900	-0.215206	0.558456	0.795525	-0.235090	0.312937	0.060423	0.947850
0.768918	-0.602188	-0.214792	0.557678	0.796010	-0.235294	0.312668	0.061137	0.947893
0.769352	-0.601681	-0.214657	0.557041	0.796348	-0.235661	0.312734	0.061734	0.947832
0.769614	-0.601339	-0.214676	0.556616	0.796582	-0.235874	0.312847	0.062040	0.947775
0.769614	-0.601339	-0.214676	0.556616	0.796582	-0.235874	0.312847	0.062040	0.947775
0.769487	-0.601170	-0.215601	0.556346	0.796741	-0.235973	0.313638	0.061630	0.947541
0.769163	-0.601394	-0.216135	0.556501	0.796597	-0.236094	0.314158	0.061315	0.947389
0.768668	-0.601849	-0.216627	0.556877	0.796278	-0.236283	0.314701	0.060989	0.947229
0.768668	-0.601849	-0.216627	0.556877	0.796278	-0.236283	0.314701	0.060989	0.947229
