0.616646	-0.764453	-0.188041	0.733785	0.644653	-0.214435	0.285147	-0.005751	0.958467
0.616646	-0.764453	-0.188041	0.733785	0.644653	-0.214435	0.285147	-0.005751	0.958467
0.616646	-0.764453	-0.188041	0.733785	0.644653	-0.214435	0.285147	-0.005751	0.958467
0.616646	-0.764453	-0.188041	0.733785	0.644653	-0.214435	0.285147	-0.005751	0.958467
0.616646	-0.764453	-0.188041	0.733785	0.644653	-0.214435	0.285147	-0.005751	0.958467
0.616646	-0.764453	-0.188041	0.733785	0.644653	-0.214435	0.285147	-0.005751	0.958467
0.616985	-0.764233	-0.187822	0.733499	0.644917	-0.214618	0.285148	-0.005351	0.958468
0.616985	-0.764233	-0.187822	0.733499	0.644917	-0.214618	0.285148	-0.005351	0.958468
0.616871	-0.764510	-0.187067	0.733738	0.644594	-0.214771	0.284777	-0.004772	0.958582
0.616871	-0.764510	-0.187067	0.733738	0.644594	-0.214771	0.284777	-0.004772	0.958582
0.616871	-0.764510	-0.187067	0.733738	0.644594	-0.214771	0.284777	-0.004772	0.958582
0.616871	-0.764510	-0.187067	0.733738	0.644594	-0.214771	0.284777	-0.004772	0.958582
0.616351	-0.765005	-0.186758	0.734279	0.644006	-0.214687	0.284510	-0.004810	0.958661
0.616351	-0.765005	-0.186758	0.734279	0.644006	-0.214687	0.284510	-0.004810	0.958661
0.616351	-0.765005	-0.186758	0.734279	0.644006	-0.214687	0.284510	-0.004810	0.958661
0.615728	-0.765585	-0.186436	0.734763	0.643319	-0.215093	0.284610	-0.004547	0.958633
0.615728	-0.765585	-0.186436	0.734763	0.643319	-0.215093	0.284610	-0.004547	0.958633
0.616122	-0.765415	-0.185831	0.734643	0.643523	-0.214891	0.284067	-0.004121	0.958795
0.616122	-0.765415	-0.185831	0.734643	0.643523	-0.214891	0.284067	-0.004121	0.958795
0.616122	-0.765415	-0.185831	0.734643	0.643523	-0.214891	0.284067	-0.004121	0.958795
0.616149	-0.765232	-0.186496	0.734366	0.643740	-0.215187	0.284723	-0.004369	0.958600
0.616265	-0.764865	-0.187617	0.734018	0.644170	-0.215085	0.285368	-0.005165	0.958404
0.616265	-0.764865	-0.187617	0.734018	0.644170	-0.215085	0.285368	-0.005165	0.958404
0.615633	-0.765120	-0.188646	0.734365	0.643857	-0.214840	0.285839	-0.006272	0.958257
0.615633	-0.765120	-0.188646	0.734365	0.643857	-0.214840	0.285839	-0.006272	0.958257
