0.843287	-0.505538	-0.182479	0.466677	0.857144	-0.217982	0.266609	0.098663	0.958741
0.843233	-0.505443	-0.182988	0.466653	0.857272	-0.217530	0.266820	0.098037	0.958747
0.843233	-0.505443	-0.182988	0.466653	0.857272	-0.217530	0.266820	0.098037	0.958747
0.843233	-0.505443	-0.182988	0.466653	0.857272	-0.217530	0.266820	0.098037	0.958747
0.843233	-0.505443	-0.182988	0.466653	0.857272	-0.217530	0.266820	0.098037	0.958747
0.842991	-0.505774	-0.183191	0.467112	0.857153	-0.217011	0.266782	0.097367	0.958826
0.842991	-0.505774	-0.183191	0.467112	0.857153	-0.217011	0.266782	0.097367	0.958826
0.843144	-0.505748	-0.182555	0.467190	0.857146	-0.216874	0.266160	0.097568	0.958978
0.843493	-0.505461	-0.181739	0.467002	0.857266	-0.216807	0.265386	0.098003	0.959148
0.843815	-0.505194	-0.180983	0.466830	0.857379	-0.216730	0.264662	0.098392	0.959309
0.843990	-0.505170	-0.180234	0.466814	0.857323	-0.216982	0.264131	0.098995	0.959393
0.843873	-0.505547	-0.179725	0.467121	0.857037	-0.217452	0.263963	0.099549	0.959382
0.843299	-0.506435	-0.179918	0.467929	0.856528	-0.217720	0.264366	0.099414	0.959285
0.842551	-0.507583	-0.180186	0.469011	0.855884	-0.217926	0.264834	0.099105	0.959188
0.841854	-0.508692	-0.180317	0.470046	0.855244	-0.218207	0.265216	0.098941	0.959099
0.841220	-0.509705	-0.180416	0.470985	0.854654	-0.218491	0.265559	0.098826	0.959016
0.841220	-0.509705	-0.180416	0.470985	0.854654	-0.218491	0.265559	0.098826	0.959016
0.841220	-0.509705	-0.180416	0.470985	0.854654	-0.218491	0.265559	0.098826	0.959016
0.841669	-0.509135	-0.179931	0.470547	0.854979	-0.218165	0.264913	0.098957	0.959181
0.842260	-0.508015	-0.180329	0.469403	0.855640	-0.218039	0.265064	0.098999	0.959135
0.842711	-0.507108	-0.180776	0.468425	0.856167	-0.218074	0.265361	0.099093	0.959043
0.842984	-0.506464	-0.181308	0.467744	0.856566	-0.217968	0.265695	0.098938	0.958967
0.843057	-0.506014	-0.182222	0.467217	0.856878	-0.217872	0.266389	0.098541	0.958815
0.843334	-0.505363	-0.182745	0.466465	0.857254	-0.218004	0.266830	0.098606	0.958686
0.843765	-0.504502	-0.183134	0.465414	0.857702	-0.218490	0.267303	0.099121	0.958501
