0.842525	-0.508944	-0.176428	0.470969	0.854976	-0.217265	0.261418	0.099959	0.960036
0.842525	-0.508944	-0.176428	0.470969	0.854976	-0.217265	0.261418	0.099959	0.960036
0.842525	-0.508944	-0.176428	0.470969	0.854976	-0.217265	0.261418	0.099959	0.960036
0.842312	-0.509432	-0.176038	0.471438	0.854655	-0.217512	0.261259	0.100222	0.960052
0.842312	-0.509432	-0.176038	0.471438	0.854655	-0.217512	0.261259	0.100222	0.960052
0.842312	-0.509432	-0.176038	0.471438	0.854655	-0.217512	0.261259	0.100222	0.960052
0.842312	-0.509432	-0.176038	0.471438	0.854655	-0.217512	0.261259	0.100222	0.960052
0.842312	-0.509432	-0.176038	0.471438	0.854655	-0.217512	0.261259	0.100222	0.960052
0.842312	-0.509432	-0.176038	0.471438	0.854655	-0.217512	0.261259	0.100222	0.960052
0.842312	-0.509432	-0.176038	0.471438	0.854655	-0.217512	0.261259	0.100222	0.960052
0.842596	-0.508908	-0.176198	0.470786	0.854918	-0.217889	0.261520	0.100640	0.959937
0.842596	-0.508908	-0.176198	0.470786	0.854918	-0.217889	0.261520	0.100640	0.959937
0.842694	-0.508572	-0.176697	0.470232	0.855073	-0.218478	0.262200	0.101022	0.959711
0.842633	-0.508497	-0.177201	0.470052	0.855125	-0.218660	0.262717	0.100957	0.959577
0.842633	-0.508497	-0.177201	0.470052	0.855125	-0.218660	0.262717	0.100957	0.959577
0.842633	-0.508497	-0.177201	0.470052	0.855125	-0.218660	0.262717	0.100957	0.959577
0.843103	-0.507614	-0.177495	0.469063	0.855610	-0.218889	0.262978	0.101290	0.959470
0.843482	-0.506989	-0.177485	0.468386	0.855941	-0.219043	0.262969	0.101627	0.959437
0.843482	-0.506989	-0.177485	0.468386	0.855941	-0.219043	0.262969	0.101627	0.959437
0.843374	-0.507364	-0.176924	0.468770	0.855677	-0.219253	0.262631	0.101976	0.959493
0.842991	-0.508153	-0.176487	0.469568	0.855193	-0.219432	0.262436	0.102107	0.959532
0.842583	-0.508893	-0.176299	0.470336	0.854767	-0.219448	0.262370	0.101984	0.959563
0.842305	-0.509408	-0.176139	0.470927	0.854490	-0.219259	0.262202	0.101735	0.959635
0.841981	-0.509807	-0.176536	0.471379	0.854325	-0.218929	0.262431	0.101119	0.959638
0.841981	-0.509807	-0.176536	0.471379	0.854325	-0.218929	0.262431	0.101119	0.959638
