0.567479	-0.801479	-0.188676	0.769631	0.597756	-0.224403	0.292637	-0.017867	0.956057
0.567218	-0.801739	-0.188360	0.769976	0.597407	-0.224147	0.292234	-0.017893	0.956179
0.567218	-0.801739	-0.188360	0.769976	0.597407	-0.224147	0.292234	-0.017893	0.956179
0.566924	-0.802066	-0.187849	0.770249	0.596979	-0.224351	0.292086	-0.017501	0.956232
0.566932	-0.802185	-0.187319	0.770285	0.596835	-0.224609	0.291976	-0.016951	0.956275
0.567187	-0.802154	-0.186675	0.770224	0.596893	-0.224665	0.291641	-0.016355	0.956388
0.567362	-0.802195	-0.185968	0.770213	0.596856	-0.224799	0.291329	-0.015692	0.956494
0.567148	-0.802508	-0.185269	0.770419	0.596452	-0.225166	0.291201	-0.015033	0.956544
0.566640	-0.803006	-0.184664	0.770852	0.595792	-0.225431	0.291044	-0.014610	0.956598
0.566342	-0.803319	-0.184215	0.771161	0.595376	-0.225475	0.290806	-0.014363	0.956674
0.566342	-0.803319	-0.184215	0.771161	0.595376	-0.225475	0.290806	-0.014363	0.956674
0.566342	-0.803319	-0.184215	0.771161	0.595376	-0.225475	0.290806	-0.014363	0.956674
0.565747	-0.803773	-0.184064	0.771661	0.594759	-0.225392	0.290638	-0.014520	0.956723
0.565239	-0.804160	-0.183934	0.772136	0.594230	-0.225160	0.290363	-0.014753	0.956803
0.564717	-0.804517	-0.183976	0.772584	0.593737	-0.224921	0.290187	-0.015120	0.956851
0.564230	-0.804762	-0.184398	0.772972	0.593385	-0.224516	0.290101	-0.015856	0.956865
0.563929	-0.804857	-0.184904	0.773228	0.593235	-0.224032	0.290005	-0.016635	0.956881
0.563679	-0.804832	-0.185773	0.773393	0.593238	-0.223456	0.290052	-0.017719	0.956847
0.563215	-0.804920	-0.186794	0.773702	0.593077	-0.222808	0.290126	-0.019034	0.956799
0.562600	-0.805055	-0.188062	0.774095	0.592841	-0.222073	0.290272	-0.020639	0.956722
0.562030	-0.805150	-0.189356	0.774399	0.592657	-0.221501	0.290565	-0.022146	0.956599
0.561550	-0.805210	-0.190521	0.774582	0.592530	-0.221204	0.291005	-0.023357	0.956436
0.561337	-0.805188	-0.191239	0.774642	0.592530	-0.220995	0.291257	-0.024089	0.956342
0.561337	-0.805188	-0.191239	0.774642	0.592530	-0.220995	0.291257	-0.024089	0.956342
0.561139	-0.805143	-0.192009	0.774808	0.592549	-0.220362	0.291197	-0.025116	0.956333
0.560548	-0.805291	-0.193114	0.775429	0.592264	-0.218938	0.290683	-0.027020	0.956438
