0.835378	-0.548859	0.029964	0.540537	0.830166	0.136543	-0.099817	-0.097868	0.990181
0.834744	-0.549707	0.032019	0.541384	0.829941	0.134538	-0.100530	-0.094970	0.990391
0.832112	-0.553362	0.037140	0.544906	0.828193	0.131049	-0.103277	-0.088809	0.990680
0.830135	-0.556191	0.039088	0.548038	0.826848	0.126399	-0.102622	-0.083506	0.991209
0.829512	-0.557077	0.039693	0.548962	0.826370	0.125512	-0.102721	-0.082324	0.991298
0.826917	-0.560724	0.042393	0.552403	0.824115	0.125243	-0.105163	-0.080148	0.991220
0.822973	-0.566266	0.045371	0.557585	0.820469	0.126211	-0.108694	-0.078570	0.990965
0.818803	-0.572118	0.047357	0.563064	0.816440	0.128000	-0.111895	-0.078141	0.990643
0.815413	-0.576810	0.048903	0.567559	0.813235	0.128554	-0.113921	-0.077069	0.990496
0.813666	-0.579172	0.050079	0.569817	0.811645	0.128613	-0.115135	-0.076112	0.990430
0.813231	-0.579641	0.051680	0.570201	0.811425	0.128295	-0.116300	-0.074866	0.990389
0.813328	-0.579421	0.052625	0.569979	0.811673	0.127709	-0.116712	-0.073874	0.990415
0.813012	-0.579771	0.053641	0.570232	0.811468	0.127893	-0.117676	-0.073391	0.990336
0.812523	-0.580367	0.054590	0.570771	0.811107	0.127771	-0.118433	-0.072659	0.990300
0.812735	-0.579990	0.055438	0.570434	0.811477	0.126923	-0.118600	-0.071531	0.990362
0.813337	-0.579134	0.055560	0.569701	0.812162	0.125831	-0.117997	-0.070690	0.990495
0.815842	-0.575750	0.053970	0.566541	0.814505	0.124954	-0.115902	-0.071367	0.990694
0.818932	-0.571526	0.052042	0.562676	0.817461	0.123100	-0.112897	-0.071527	0.991029
0.824047	-0.564408	0.048892	0.555843	0.822175	0.122747	-0.109477	-0.073973	0.991233
0.827452	-0.559588	0.046729	0.551189	0.825290	0.122832	-0.107301	-0.075881	0.991327
0.829354	-0.557060	0.043079	0.549065	0.826865	0.121747	-0.103441	-0.077318	0.991626
0.829727	-0.556590	0.041954	0.548879	0.827265	0.119849	-0.101414	-0.076414	0.991905
