0.574546	-0.815622	0.068250	0.813147	0.578317	0.065890	-0.093212	0.017641	0.995490
0.574539	-0.815683	0.067575	0.813232	0.578240	0.065513	-0.092513	0.017315	0.995561
0.574372	-0.815847	0.067008	0.813485	0.578003	0.064449	-0.091311	0.017493	0.995669
0.573834	-0.816140	0.068045	0.813758	0.577570	0.064891	-0.092261	0.018135	0.995570
0.572314	-0.817052	0.069882	0.814696	0.576228	0.065049	-0.093417	0.019704	0.995432
0.571771	-0.817428	0.069928	0.815118	0.575682	0.064602	-0.093064	0.020062	0.995458
0.572399	-0.817049	0.069212	0.814758	0.576234	0.064219	-0.092353	0.019632	0.995533
0.573267	-0.816461	0.068970	0.814125	0.577085	0.064607	-0.092551	0.019114	0.995525
0.573773	-0.816108	0.068941	0.813732	0.577594	0.065007	-0.092872	0.018800	0.995501
0.573271	-0.816493	0.068558	0.814082	0.577064	0.065337	-0.092910	0.018356	0.995505
0.574006	-0.816023	0.067990	0.813645	0.577735	0.064831	-0.092184	0.018106	0.995577
0.574565	-0.815651	0.067741	0.813305	0.578261	0.064409	-0.091707	0.018087	0.995622
0.574778	-0.815512	0.067602	0.813191	0.578456	0.064107	-0.091385	0.018126	0.995651
0.575166	-0.815214	0.067903	0.812888	0.578872	0.064190	-0.091635	0.018278	0.995625
0.575394	-0.815052	0.067918	0.812732	0.579099	0.064117	-0.091590	0.018306	0.995629
0.575461	-0.814989	0.068100	0.812706	0.579176	0.063748	-0.091395	0.018661	0.995640
0.575574	-0.814940	0.067735	0.812684	0.579248	0.063378	-0.090885	0.018568	0.995688
0.575361	-0.815120	0.067370	0.812863	0.579002	0.063335	-0.090633	0.018322	0.995716
0.575149	-0.815284	0.067202	0.813052	0.578770	0.063025	-0.090278	0.018390	0.995747
0.575320	-0.815188	0.066899	0.812976	0.578907	0.062743	-0.089876	0.018290	0.995785
0.575314	-0.815191	0.066916	0.812997	0.578900	0.062544	-0.089723	0.018420	0.995796
