0.664662	-0.743448	0.074225	0.740675	0.668692	0.065200	-0.098107	0.011640	0.995108
0.664763	-0.742835	0.079289	0.740379	0.669258	0.062707	-0.099646	0.017019	0.994877
0.667077	-0.740484	0.081809	0.738125	0.671806	0.062039	-0.100899	0.019001	0.994715
0.669917	-0.737634	0.084303	0.735243	0.674903	0.062639	-0.103101	0.020020	0.994469
0.673291	-0.734338	0.086181	0.731867	0.678481	0.063514	-0.105113	0.020310	0.994253
0.675888	-0.731765	0.087718	0.729235	0.681246	0.064189	-0.106729	0.020582	0.994075
0.676787	-0.730684	0.089785	0.728143	0.682373	0.064611	-0.108477	0.021648	0.993863
0.677207	-0.730038	0.091846	0.727689	0.682985	0.063249	-0.108904	0.024002	0.993762
0.677182	-0.729815	0.093779	0.727726	0.683122	0.061309	-0.108807	0.026729	0.993704
0.678237	-0.728114	0.099220	0.726427	0.684706	0.059001	-0.110896	0.032059	0.993315
0.679479	-0.725007	0.112574	0.724129	0.687375	0.056154	-0.118092	0.043363	0.992055
0.682284	-0.720834	0.122011	0.720584	0.691238	0.054296	-0.123477	0.050874	0.991042
0.689672	-0.710405	0.140274	0.711358	0.700893	0.052142	-0.135359	0.063824	0.988739
0.694112	-0.704328	0.148763	0.706076	0.706375	0.049903	-0.140231	0.070400	0.987613
0.700764	-0.696150	0.155898	0.699063	0.713671	0.044539	-0.142265	0.077771	0.986769
0.712390	-0.684383	0.155308	0.688407	0.724487	0.034848	-0.136368	0.082090	0.987251
0.724602	-0.671231	0.156209	0.676704	0.735892	0.023125	-0.130475	0.088951	0.987453
0.730611	-0.664214	0.158201	0.670574	0.741649	0.016968	-0.128600	0.093689	0.987261
0.734558	-0.659069	0.161408	0.666428	0.745486	0.011138	-0.127668	0.099385	0.986825
0.734490	-0.658354	0.164603	0.667162	0.744909	0.002371	-0.124175	0.108075	0.986357
0.728912	-0.664353	0.165296	0.674623	0.738116	-0.008293	-0.116498	0.117557	0.986209
0.720999	-0.673143	0.164435	0.684488	0.728807	-0.017786	-0.107869	0.125378	0.986228
0.714222	-0.681157	0.160973	0.692763	0.720774	-0.023765	-0.099837	0.128489	0.986673
0.709147	-0.687232	0.157551	0.698501	0.715195	-0.024343	-0.095950	0.127312	0.987211
