0.481112	-0.870420	0.104410	0.871434	0.487824	0.051286	-0.095574	0.066312	0.993211
0.486261	-0.867721	0.103003	0.868719	0.492766	0.050087	-0.094218	0.065125	0.993419
0.489347	-0.865966	0.103159	0.866910	0.495899	0.050518	-0.094903	0.064708	0.993381
0.492652	-0.864230	0.101986	0.864997	0.499145	0.051317	-0.095256	0.062936	0.993461
0.495334	-0.862758	0.101450	0.863426	0.501809	0.051805	-0.095604	0.061934	0.993491
0.498188	-0.861176	0.100915	0.861787	0.504615	0.051833	-0.095561	0.061144	0.993544
0.501461	-0.859287	0.100806	0.859889	0.507866	0.051604	-0.095539	0.060804	0.993567
0.504715	-0.857412	0.100534	0.858009	0.511073	0.051232	-0.095307	0.060401	0.993614
0.507447	-0.855795	0.100559	0.856394	0.513796	0.051013	-0.095323	0.060232	0.993622
0.509784	-0.854453	0.100147	0.855012	0.516095	0.050996	-0.095259	0.059630	0.993665
0.511838	-0.853252	0.099916	0.853797	0.518118	0.050831	-0.095141	0.059291	0.993697
0.514084	-0.851942	0.099565	0.852490	0.520307	0.050413	-0.094754	0.058961	0.993753
0.516497	-0.850520	0.099232	0.851058	0.522673	0.050128	-0.094501	0.058561	0.993801
0.518717	-0.849199	0.098965	0.849747	0.524843	0.049699	-0.094145	0.058315	0.993849
0.521071	-0.847763	0.098911	0.848329	0.527170	0.049289	-0.093928	0.058226	0.993875
0.526744	-0.844167	0.099615	0.844722	0.532921	0.049406	-0.094794	0.058123	0.993799
0.529534	-0.842305	0.100579	0.842891	0.535808	0.049451	-0.095544	0.058591	0.993699
0.532505	-0.840426	0.100611	0.840986	0.538787	0.049509	-0.095816	0.058248	0.993693
0.535083	-0.838706	0.101289	0.839293	0.541427	0.049432	-0.096300	0.058561	0.993628
0.540670	-0.835057	0.101762	0.835608	0.547078	0.049651	-0.097133	0.058188	0.993569
