0.961716	-0.269789	0.048125	0.262465	0.957271	0.121428	-0.078828	-0.104148	0.991433
0.961576	-0.270319	0.047949	0.262996	0.957101	0.121620	-0.078769	-0.104336	0.991418
0.961448	-0.270903	0.047204	0.263526	0.956745	0.123262	-0.078554	-0.106071	0.991251
0.961316	-0.271421	0.046922	0.263992	0.956487	0.124263	-0.078608	-0.107069	0.991139
0.961259	-0.271699	0.046492	0.264267	0.956331	0.124872	-0.078389	-0.107748	0.991083
0.961174	-0.272036	0.046259	0.264588	0.956178	0.125367	-0.078336	-0.108260	0.991031
0.960812	-0.273414	0.045670	0.265983	0.955724	0.125876	-0.078064	-0.108796	0.990994
0.960532	-0.274454	0.045313	0.267055	0.955423	0.125890	-0.077844	-0.108820	0.991009
0.960484	-0.274643	0.045184	0.267247	0.955352	0.126023	-0.077778	-0.108967	0.990998
0.960654	-0.274013	0.045391	0.266613	0.955554	0.125831	-0.077853	-0.108778	0.991013
0.960817	-0.273401	0.045631	0.266018	0.955787	0.125324	-0.077878	-0.108275	0.991066
0.960873	-0.273216	0.045552	0.265894	0.955907	0.124668	-0.077605	-0.107678	0.991152
0.960807	-0.273462	0.045473	0.266164	0.955861	0.124444	-0.077496	-0.107463	0.991184
0.960723	-0.273811	0.045143	0.266545	0.955751	0.124472	-0.077228	-0.107551	0.991196
0.960813	-0.273558	0.044773	0.266373	0.955865	0.123965	-0.076709	-0.107181	0.991276
0.960974	-0.272991	0.044767	0.265847	0.956074	0.123480	-0.076509	-0.106760	0.991337
0.961132	-0.272399	0.044987	0.265252	0.956270	0.123246	-0.076592	-0.106523	0.991356
0.961302	-0.271720	0.045457	0.264536	0.956484	0.123124	-0.076934	-0.106334	0.991350
0.961515	-0.270878	0.045977	0.263664	0.956758	0.122862	-0.077269	-0.106011	0.991358
0.961609	-0.270391	0.046872	0.263118	0.956964	0.122427	-0.077958	-0.105394	0.991370
0.961639	-0.270262	0.047008	0.263028	0.957075	0.121750	-0.077895	-0.104715	0.991447
0.961394	-0.271082	0.047283	0.263871	0.956933	0.121043	-0.078059	-0.103893	0.991521
0.961348	-0.271234	0.047342	0.264029	0.956911	0.120874	-0.078087	-0.103702	0.991538
