0.691933	-0.719146	0.063696	0.716824	0.694837	0.058012	-0.085978	0.005519	0.996282
0.692314	-0.718695	0.064648	0.716398	0.695297	0.057763	-0.086464	0.006323	0.996235
0.692555	-0.718394	0.065405	0.716099	0.695603	0.057777	-0.087002	0.006823	0.996185
0.692656	-0.718245	0.065968	0.715938	0.695754	0.057954	-0.087522	0.007087	0.996137
0.691934	-0.718899	0.066422	0.716693	0.695066	0.056879	-0.087058	0.008247	0.996169
0.691473	-0.719352	0.066307	0.717267	0.694585	0.055502	-0.085981	0.009181	0.996254
0.691053	-0.719728	0.066608	0.717726	0.694183	0.054590	-0.085528	0.010082	0.996285
0.690420	-0.720257	0.067456	0.718362	0.693611	0.053474	-0.085303	0.011538	0.996288
0.690289	-0.720335	0.067961	0.718495	0.693517	0.052912	-0.085247	0.012305	0.996284
0.689880	-0.720724	0.067993	0.718938	0.693104	0.052294	-0.084816	0.012806	0.996314
0.688128	-0.722446	0.067469	0.720732	0.691301	0.051455	-0.083815	0.013220	0.996394
0.688334	-0.722275	0.067190	0.720549	0.691485	0.051561	-0.083702	0.012923	0.996407
0.688580	-0.721995	0.067681	0.720280	0.691771	0.051473	-0.083983	0.013306	0.996378
0.688558	-0.721882	0.069097	0.720242	0.691859	0.050826	-0.084496	0.014769	0.996314
0.689216	-0.721201	0.069644	0.719586	0.692558	0.050590	-0.084718	0.015247	0.996288
0.689443	-0.720919	0.070317	0.719297	0.692845	0.050771	-0.085320	0.015575	0.996232
0.689795	-0.720591	0.070228	0.718955	0.693190	0.050912	-0.085368	0.015372	0.996231
0.691402	-0.719244	0.068194	0.717561	0.694623	0.051038	-0.084078	0.013646	0.996366
0.691723	-0.719009	0.067419	0.717316	0.694878	0.051010	-0.083524	0.013076	0.996420
0.691800	-0.718971	0.067029	0.717273	0.694922	0.051014	-0.083257	0.012787	0.996446
0.691459	-0.719316	0.066851	0.717613	0.694568	0.051068	-0.083166	0.012662	0.996455
