0.997564	-0.023550	0.065661	0.017897	0.996187	0.085392	-0.067422	-0.084009	0.994182
0.997614	-0.023228	0.065008	0.017598	0.996150	0.085879	-0.066752	-0.084530	0.994182
0.997633	-0.023005	0.064794	0.017400	0.996163	0.085770	-0.066519	-0.084440	0.994206
0.997643	-0.022975	0.064654	0.017404	0.996190	0.085451	-0.066370	-0.084124	0.994242
0.997657	-0.023011	0.064431	0.017433	0.996158	0.085826	-0.066158	-0.084502	0.994225
0.997659	-0.023263	0.064303	0.017666	0.996116	0.086266	-0.066060	-0.084928	0.994195
0.997650	-0.023507	0.064357	0.017895	0.996098	0.086426	-0.066138	-0.085072	0.994177
0.997667	-0.023057	0.064263	0.017478	0.996136	0.086063	-0.065999	-0.084739	0.994215
0.997659	-0.022896	0.064443	0.017352	0.996203	0.085311	-0.066151	-0.083993	0.994268
0.997592	-0.023377	0.065304	0.017795	0.996240	0.084789	-0.067041	-0.083423	0.994257
0.997502	-0.024079	0.066410	0.018425	0.996256	0.084467	-0.068195	-0.083032	0.994211
0.997471	-0.023974	0.066903	0.018281	0.996261	0.084443	-0.068677	-0.083007	0.994180
0.997427	-0.023900	0.067592	0.018174	0.996292	0.084098	-0.069352	-0.082653	0.994162
0.997358	-0.025208	0.068124	0.019472	0.996311	0.083579	-0.069980	-0.082031	0.994170
0.997361	-0.025557	0.067955	0.019846	0.996316	0.083436	-0.069837	-0.081867	0.994193
0.997394	-0.024782	0.067752	0.019068	0.996306	0.083727	-0.069577	-0.082217	0.994183
0.997427	-0.023930	0.067576	0.018250	0.996344	0.083462	-0.069326	-0.082014	0.994217
0.997493	-0.022917	0.066954	0.017276	0.996346	0.083648	-0.068627	-0.082282	0.994244
0.997510	-0.022783	0.066738	0.017145	0.996329	0.083869	-0.068404	-0.082516	0.994239
0.997473	-0.023089	0.067185	0.017447	0.996365	0.083385	-0.068866	-0.082002	0.994250
0.997487	-0.022941	0.067032	0.017319	0.996375	0.083283	-0.068700	-0.081913	0.994269
0.997505	-0.022807	0.066816	0.017188	0.996359	0.083503	-0.068477	-0.082147	0.994265
