0.988678	-0.140569	0.052501	0.134359	0.985100	0.107358	-0.066810	-0.099088	0.992833
0.988664	-0.140644	0.052557	0.134428	0.985090	0.107365	-0.066873	-0.099083	0.992830
0.988701	-0.140405	0.052504	0.134212	0.985146	0.107118	-0.066764	-0.098861	0.992859
0.988744	-0.140040	0.052660	0.133846	0.985218	0.106914	-0.066854	-0.098662	0.992873
0.988760	-0.139793	0.053027	0.133571	0.985266	0.106817	-0.067178	-0.098533	0.992864
0.988769	-0.139586	0.053409	0.133335	0.985313	0.106678	-0.067516	-0.098358	0.992858
0.988785	-0.139431	0.053500	0.133192	0.985363	0.106396	-0.067552	-0.098077	0.992884
0.988768	-0.139434	0.053818	0.133178	0.985388	0.106179	-0.067836	-0.097819	0.992890
0.988885	-0.138626	0.053756	0.132392	0.985515	0.105979	-0.067669	-0.097684	0.992914
0.988974	-0.138113	0.053432	0.131926	0.985598	0.105793	-0.067274	-0.097577	0.992952
0.988934	-0.138454	0.053299	0.132278	0.985549	0.105814	-0.067180	-0.097593	0.992957
0.988861	-0.138987	0.053266	0.132818	0.985486	0.105716	-0.067186	-0.097464	0.992969
0.988811	-0.139503	0.052834	0.133403	0.985454	0.105284	-0.066753	-0.097058	0.993038
0.988669	-0.140461	0.052963	0.134384	0.985380	0.104723	-0.066898	-0.096419	0.993090
0.988646	-0.140652	0.052869	0.134614	0.985396	0.104278	-0.066764	-0.095977	0.993142
0.988674	-0.140684	0.052275	0.134670	0.985337	0.104761	-0.066247	-0.096534	0.993123
0.988727	-0.140324	0.052229	0.134311	0.985379	0.104823	-0.066175	-0.096627	0.993118
0.988825	-0.139634	0.052230	0.133600	0.985438	0.105182	-0.066156	-0.097029	0.993080
0.988836	-0.139377	0.052701	0.133280	0.985452	0.105453	-0.066632	-0.097251	0.993027
0.988801	-0.139502	0.053028	0.133362	0.985424	0.105610	-0.066988	-0.097355	0.992993
0.988738	-0.140039	0.052793	0.133909	0.985332	0.105779	-0.066832	-0.097518	0.992987
0.988649	-0.140614	0.052915	0.134470	0.985255	0.105781	-0.067009	-0.097465	0.992981
