0.662093	-0.746839	0.062165	0.745826	0.664761	0.042839	-0.073319	0.018000	0.997146
0.662122	-0.746830	0.061971	0.745797	0.664780	0.043065	-0.073359	0.017704	0.997148
0.662189	-0.746773	0.061937	0.745725	0.664848	0.043259	-0.073483	0.017543	0.997142
0.662322	-0.746645	0.062051	0.745598	0.664989	0.043268	-0.073569	0.017608	0.997135
0.662354	-0.746596	0.062299	0.745542	0.665043	0.043424	-0.073852	0.017684	0.997112
0.661942	-0.746997	0.061870	0.745920	0.664603	0.043663	-0.073735	0.017248	0.997129
0.661210	-0.747646	0.061856	0.746565	0.663873	0.043741	-0.073768	0.017257	0.997126
0.661023	-0.747820	0.061762	0.746716	0.663684	0.044039	-0.073923	0.017008	0.997119
0.661248	-0.747614	0.061835	0.746514	0.663913	0.043989	-0.073939	0.017073	0.997117
0.661169	-0.747696	0.061700	0.746617	0.663819	0.043672	-0.073611	0.017191	0.997139
0.660884	-0.747973	0.061389	0.746887	0.663512	0.043719	-0.073433	0.016958	0.997156
0.660816	-0.748030	0.061424	0.746959	0.663444	0.043525	-0.073309	0.017119	0.997162
0.661297	-0.747616	0.061292	0.746560	0.663910	0.043261	-0.073036	0.017150	0.997182
0.661768	-0.747202	0.061252	0.746157	0.664374	0.043086	-0.072888	0.017191	0.997192
0.662201	-0.746820	0.061232	0.745804	0.664798	0.042663	-0.072569	0.017416	0.997211
0.662578	-0.746486	0.061236	0.745484	0.665170	0.042447	-0.072418	0.017526	0.997220
0.662841	-0.746255	0.061203	0.745265	0.665428	0.042255	-0.072259	0.017604	0.997230
0.662889	-0.746206	0.061271	0.745227	0.665478	0.042136	-0.072217	0.017729	0.997231
0.662648	-0.746477	0.060587	0.745486	0.665188	0.042132	-0.071753	0.017248	0.997273
0.662404	-0.746727	0.060170	0.745730	0.664915	0.042138	-0.071474	0.016958	0.997298
0.662842	-0.746340	0.060145	0.745357	0.665347	0.041916	-0.071301	0.017046	0.997309
