0.771872	-0.634725	0.036567	0.621481	0.765394	0.167133	-0.134072	-0.106280	0.985256
0.770182	-0.636723	0.037456	0.623337	0.763835	0.167354	-0.135168	-0.105545	0.985185
0.769043	-0.638112	0.037231	0.624715	0.762671	0.167523	-0.135294	-0.105573	0.985165
0.768245	-0.639087	0.036984	0.625697	0.761848	0.167603	-0.135289	-0.105619	0.985161
0.768294	-0.639070	0.036251	0.625713	0.761762	0.167937	-0.134938	-0.106342	0.985131
0.768859	-0.638442	0.035310	0.625133	0.762143	0.168365	-0.134403	-0.107376	0.985092
0.769581	-0.637609	0.034630	0.624361	0.762744	0.168507	-0.133855	-0.108058	0.985092
0.770148	-0.636938	0.034393	0.623723	0.763268	0.168500	-0.133575	-0.108318	0.985101
0.770636	-0.636319	0.034905	0.623119	0.763866	0.168021	-0.133578	-0.107733	0.985165
0.770925	-0.635894	0.036236	0.622611	0.764372	0.167606	-0.134278	-0.106651	0.985188
0.771233	-0.635541	0.035881	0.622331	0.764652	0.167364	-0.133803	-0.106746	0.985242
0.770529	-0.636391	0.035937	0.623311	0.764083	0.166316	-0.133301	-0.105752	0.985417
0.769801	-0.637258	0.036181	0.624278	0.763507	0.165327	-0.132981	-0.104682	0.985575
0.769812	-0.637245	0.036175	0.624387	0.763613	0.164427	-0.132404	-0.103991	0.985726
0.770166	-0.636809	0.036321	0.624083	0.764092	0.163353	-0.131777	-0.103142	0.985899
0.770339	-0.636575	0.036747	0.623952	0.764430	0.162267	-0.131386	-0.102072	0.986062
0.770337	-0.636587	0.036568	0.624178	0.764558	0.160791	-0.130316	-0.101038	0.986311
0.770179	-0.636763	0.036832	0.624553	0.764612	0.159070	-0.129452	-0.099509	0.986580
0.770197	-0.636728	0.037080	0.624693	0.764814	0.157540	-0.128669	-0.098173	0.986816
0.770520	-0.636348	0.036886	0.624471	0.765209	0.156496	-0.127812	-0.097549	0.986990
0.770582	-0.636345	0.035616	0.624559	0.765084	0.156756	-0.127000	-0.098549	0.986995
0.770082	-0.636963	0.035381	0.625148	0.764525	0.157134	-0.127138	-0.098887	0.986943
0.769569	-0.637536	0.036211	0.625608	0.764108	0.157331	-0.127973	-0.098423	0.986882
0.769396	-0.637764	0.035872	0.625835	0.763868	0.157595	-0.127910	-0.098802	0.986852
