0.991322	-0.124333	0.042682	0.118094	0.984938	0.126295	-0.057741	-0.120159	0.991074
0.991124	-0.125259	0.044535	0.118836	0.984944	0.125554	-0.059592	-0.119147	0.991087
0.990331	-0.130114	0.048110	0.123302	0.984526	0.124521	-0.063567	-0.117385	0.991050
0.990064	-0.131613	0.049504	0.124657	0.984410	0.124085	-0.065064	-0.116681	0.991036
0.990104	-0.131304	0.049539	0.124353	0.984463	0.123972	-0.065047	-0.116585	0.991048
0.990027	-0.131871	0.049569	0.124910	0.984387	0.124016	-0.065149	-0.116587	0.991041
0.989874	-0.133097	0.049341	0.126124	0.984170	0.124508	-0.065131	-0.117024	0.990991
0.989837	-0.133414	0.049230	0.126463	0.984147	0.124347	-0.065039	-0.116858	0.991017
0.989884	-0.133184	0.048898	0.126289	0.984201	0.124093	-0.064653	-0.116662	0.991065
0.989909	-0.133002	0.048889	0.126105	0.984215	0.124170	-0.064632	-0.116752	0.991056
0.989934	-0.132764	0.049030	0.125846	0.984239	0.124247	-0.064752	-0.116826	0.991039
0.989941	-0.132614	0.049290	0.125670	0.984267	0.124199	-0.064985	-0.116755	0.991032
0.989975	-0.132315	0.049414	0.125368	0.984325	0.124044	-0.065052	-0.116606	0.991046
0.990007	-0.131955	0.049739	0.124970	0.984372	0.124072	-0.065334	-0.116617	0.991026
0.989817	-0.133325	0.049876	0.126289	0.984150	0.124496	-0.065684	-0.116930	0.990966
0.989602	-0.134715	0.050395	0.127604	0.983971	0.124571	-0.066368	-0.116845	0.990930
0.989402	-0.135752	0.051531	0.128516	0.983878	0.124367	-0.067584	-0.116427	0.990897
0.989187	-0.136895	0.052622	0.129545	0.983779	0.124080	-0.068754	-0.115921	0.990876
0.988972	-0.138244	0.053123	0.130821	0.983596	0.124198	-0.069421	-0.115879	0.990834
0.988816	-0.139311	0.053250	0.131811	0.983361	0.125008	-0.069779	-0.116591	0.990726
0.988753	-0.140077	0.052393	0.132620	0.983156	0.125762	-0.069127	-0.117399	0.990676
