0.994081	-0.095449	0.051885	0.090072	0.991141	0.097606	-0.060742	-0.092355	0.993872
0.994075	-0.095485	0.051928	0.090101	0.991133	0.097655	-0.060793	-0.092398	0.993865
0.994082	-0.095375	0.052001	0.089974	0.991128	0.097830	-0.060870	-0.092572	0.993844
0.994073	-0.095350	0.052221	0.089920	0.991119	0.097967	-0.061098	-0.092691	0.993819
0.994023	-0.095685	0.052556	0.090170	0.991012	0.098820	-0.061540	-0.093491	0.993716
0.994074	-0.095718	0.051530	0.090192	0.990832	0.100588	-0.060685	-0.095345	0.993593
0.993909	-0.097690	0.050997	0.092005	0.990320	0.103932	-0.060657	-0.098607	0.993276
0.993844	-0.098553	0.050615	0.092912	0.990252	0.103769	-0.060348	-0.098427	0.993313
0.993821	-0.098880	0.050425	0.093283	0.990263	0.103337	-0.060152	-0.097995	0.993367
0.993750	-0.099280	0.051033	0.093617	0.990222	0.103424	-0.060802	-0.098000	0.993327
0.993668	-0.099756	0.051699	0.094020	0.990174	0.103518	-0.061518	-0.098002	0.993283
0.993585	-0.100384	0.052079	0.094641	0.990171	0.102982	-0.061905	-0.097393	0.993319
0.993583	-0.100484	0.051917	0.094765	0.990172	0.102851	-0.061742	-0.097271	0.993341
0.993616	-0.100314	0.051625	0.094619	0.990179	0.102924	-0.061443	-0.097382	0.993349
0.993652	-0.100049	0.051439	0.094372	0.990200	0.102945	-0.061234	-0.097438	0.993356
0.993649	-0.099935	0.051708	0.094238	0.990223	0.102849	-0.061480	-0.097323	0.993352
0.993674	-0.099525	0.052033	0.093825	0.990308	0.102410	-0.061721	-0.096881	0.993380
0.993557	-0.099971	0.053394	0.094198	0.990369	0.101464	-0.063023	-0.095781	0.993405
0.993261	-0.101824	0.055350	0.095890	0.990258	0.100963	-0.065091	-0.094975	0.993349
0.992886	-0.103944	0.058084	0.097816	0.990177	0.099905	-0.067898	-0.093512	0.993300
0.992758	-0.104382	0.059469	0.098183	0.990227	0.099051	-0.069227	-0.092495	0.993304
0.992675	-0.104557	0.060527	0.098286	0.990254	0.098672	-0.070254	-0.092000	0.993278
