0.850497	-0.525842	0.012018	0.518089	0.841463	0.153378	-0.090765	-0.124221	0.988095
0.850465	-0.525888	0.012282	0.518143	0.841510	0.152932	-0.090761	-0.123700	0.988160
0.849504	-0.527474	0.010702	0.519866	0.840364	0.153387	-0.089901	-0.124739	0.988108
0.849678	-0.527235	0.008375	0.519822	0.840184	0.154518	-0.088504	-0.126937	0.987954
0.850196	-0.526440	0.005264	0.519159	0.840014	0.157640	-0.087410	-0.131292	0.987483
0.850258	-0.526353	0.003795	0.518911	0.839401	0.161672	-0.088282	-0.135494	0.986837
0.850109	-0.526604	0.001756	0.519199	0.838704	0.164342	-0.088015	-0.138797	0.986402
0.849681	-0.527296	0.001244	0.519805	0.838001	0.166001	-0.088575	-0.140401	0.986125
0.849240	-0.528005	0.001095	0.520388	0.837337	0.167521	-0.089369	-0.141696	0.985868
0.849071	-0.528278	0.000907	0.520299	0.836541	0.171720	-0.091475	-0.145330	0.985145
0.849277	-0.527945	0.001246	0.519727	0.836467	0.173799	-0.092799	-0.146956	0.984780
0.849371	-0.527793	0.001935	0.519301	0.836348	0.175640	-0.094320	-0.148179	0.984453
0.849397	-0.527740	0.004040	0.518492	0.835892	0.180142	-0.098445	-0.150918	0.983632
0.849055	-0.528283	0.004665	0.518829	0.835461	0.181167	-0.099605	-0.151401	0.983441
0.848063	-0.529857	0.006400	0.520106	0.834646	0.181260	-0.101384	-0.150391	0.983414
0.846879	-0.531700	0.009583	0.521527	0.833929	0.180477	-0.103951	-0.147844	0.983533
0.846868	-0.531686	0.011190	0.521316	0.834142	0.180103	-0.105092	-0.146690	0.983584
0.847194	-0.531135	0.012552	0.520709	0.834792	0.178844	-0.105469	-0.144980	0.983797
0.847578	-0.530505	0.013271	0.520211	0.835552	0.176729	-0.104844	-0.142888	0.984170
0.846130	-0.532720	0.016532	0.522217	0.834850	0.174112	-0.106555	-0.138688	0.984587
0.844964	-0.534472	0.019351	0.523882	0.834418	0.171156	-0.107625	-0.134483	0.985054
0.845001	-0.534415	0.019343	0.524241	0.834971	0.167313	-0.105566	-0.131239	0.985714
