0.854352	-0.512398	0.086783	0.507742	0.858590	0.070866	-0.110822	-0.016481	0.993704
0.854406	-0.512209	0.087364	0.507586	0.858714	0.070476	-0.111119	-0.015870	0.993680
0.854774	-0.511455	0.088178	0.506843	0.859173	0.070225	-0.111677	-0.015334	0.993626
0.855097	-0.510762	0.089060	0.506127	0.859591	0.070275	-0.112449	-0.015016	0.993544
0.854842	-0.511076	0.089701	0.506437	0.859411	0.070239	-0.112987	-0.014615	0.993489
0.854340	-0.511773	0.090505	0.507098	0.859001	0.070486	-0.113817	-0.014324	0.993398
0.854410	-0.511619	0.090716	0.506913	0.859091	0.070722	-0.114116	-0.014440	0.993362
0.854371	-0.511709	0.090577	0.507015	0.859037	0.070644	-0.113958	-0.014432	0.993381
0.854081	-0.512261	0.090189	0.507552	0.858704	0.070849	-0.113739	-0.014735	0.993401
0.853473	-0.513342	0.089804	0.508560	0.858046	0.071586	-0.113804	-0.015426	0.993383
0.852592	-0.515256	0.087168	0.510523	0.856876	0.071620	-0.111595	-0.016562	0.993616
0.852733	-0.515048	0.087017	0.510252	0.856989	0.072199	-0.111758	-0.017166	0.993587
0.852243	-0.515745	0.087692	0.510754	0.856550	0.073840	-0.113196	-0.018140	0.993407
0.851621	-0.516748	0.087824	0.511455	0.855899	0.076497	-0.114698	-0.020228	0.993194
0.850565	-0.518417	0.088228	0.512938	0.854866	0.078091	-0.115906	-0.021166	0.993035
0.847709	-0.522573	0.091140	0.517119	0.852391	0.077572	-0.118224	-0.018628	0.992812
0.848433	-0.521304	0.091671	0.515849	0.853173	0.077438	-0.118580	-0.018412	0.992774
0.849643	-0.519456	0.090957	0.513904	0.854269	0.078279	-0.118364	-0.019765	0.992774
0.849562	-0.519549	0.091175	0.513908	0.854201	0.078995	-0.118924	-0.020256	0.992697
0.849451	-0.519695	0.091381	0.514123	0.854127	0.078383	-0.118786	-0.019601	0.992726
0.850188	-0.518537	0.091100	0.513150	0.854854	0.076825	-0.117713	-0.018568	0.992874
0.851112	-0.517030	0.091046	0.511742	0.855778	0.075930	-0.117173	-0.018033	0.992948
