0.640519	-0.763828	0.079386	0.762259	0.644926	0.055064	-0.093258	0.025243	0.995322
0.640541	-0.763783	0.079644	0.762233	0.644969	0.054923	-0.093317	0.025526	0.995309
0.640369	-0.763866	0.080233	0.762314	0.644857	0.055110	-0.093835	0.025872	0.995252
0.640065	-0.764098	0.080450	0.762557	0.644573	0.055077	-0.093940	0.026095	0.995236
0.640061	-0.764054	0.080889	0.762530	0.644609	0.055011	-0.094173	0.026470	0.995204
0.640315	-0.763825	0.081036	0.762287	0.644881	0.055196	-0.094418	0.026430	0.995182
0.640636	-0.763551	0.081088	0.762051	0.645195	0.054788	-0.094151	0.026694	0.995200
0.640841	-0.763352	0.081348	0.761854	0.645425	0.054815	-0.094347	0.026848	0.995177
0.640815	-0.763393	0.081162	0.761831	0.645399	0.055443	-0.094706	0.026303	0.995158
0.640727	-0.763418	0.081613	0.761813	0.645370	0.056033	-0.095447	0.026272	0.995088
0.640862	-0.763293	0.081729	0.761688	0.645515	0.056043	-0.095535	0.026336	0.995078
0.641041	-0.763141	0.081741	0.761539	0.645695	0.056012	-0.095525	0.026343	0.995078
0.641398	-0.762858	0.081585	0.761238	0.646039	0.056126	-0.095523	0.026106	0.995085
0.641846	-0.762501	0.081399	0.760888	0.646464	0.055982	-0.095308	0.026004	0.995108
0.642350	-0.762071	0.081450	0.760469	0.646969	0.055841	-0.095251	0.026070	0.995112
0.642578	-0.761870	0.081532	0.760283	0.647200	0.055692	-0.095197	0.026201	0.995114
0.642487	-0.761924	0.081745	0.760345	0.647129	0.055674	-0.095319	0.026385	0.995097
0.642279	-0.762034	0.082354	0.760469	0.646980	0.055714	-0.095738	0.026844	0.995045
0.642033	-0.762172	0.082988	0.760645	0.646791	0.055509	-0.095983	0.027486	0.995003
0.641015	-0.762876	0.084376	0.761393	0.645909	0.055513	-0.096848	0.028659	0.994886
0.637730	-0.765155	0.088539	0.763828	0.643036	0.055412	-0.099332	0.032291	0.994530
0.636663	-0.765921	0.089582	0.764615	0.642083	0.055624	-0.100123	0.033082	0.994425
0.636042	-0.766378	0.090088	0.765060	0.641524	0.055945	-0.100669	0.033339	0.994361
