0.846532	-0.530941	0.038534	0.528279	0.846796	0.062115	-0.065610	-0.032226	0.997325
0.846557	-0.530900	0.038538	0.528222	0.846813	0.062356	-0.065739	-0.032431	0.997310
0.846665	-0.530715	0.038729	0.528018	0.846927	0.062551	-0.065998	-0.032510	0.997290
0.846945	-0.530255	0.038914	0.527554	0.847218	0.062511	-0.066116	-0.032414	0.997285
0.847035	-0.530082	0.039293	0.527359	0.847329	0.062659	-0.066509	-0.032353	0.997261
0.846836	-0.530412	0.039142	0.527681	0.847114	0.062853	-0.066496	-0.032572	0.997255
0.846373	-0.531138	0.039324	0.528386	0.846658	0.063078	-0.066797	-0.032610	0.997234
0.846735	-0.530584	0.038989	0.527845	0.846997	0.063050	-0.066477	-0.032807	0.997248
0.846646	-0.530732	0.038905	0.527988	0.846899	0.063169	-0.066475	-0.032941	0.997244
0.846493	-0.530979	0.038877	0.528230	0.846742	0.063253	-0.066505	-0.033008	0.997240
0.846445	-0.531076	0.038599	0.528316	0.846665	0.063563	-0.066437	-0.033410	0.997231
0.846377	-0.531171	0.038777	0.528390	0.846602	0.063798	-0.066716	-0.033508	0.997209
0.846430	-0.531085	0.038797	0.528315	0.846662	0.063613	-0.066632	-0.033347	0.997220
0.846349	-0.531248	0.038333	0.528495	0.846551	0.063587	-0.066231	-0.033558	0.997240
0.846282	-0.531351	0.038379	0.528605	0.846493	0.063454	-0.066203	-0.033413	0.997247
0.846384	-0.531157	0.038818	0.528399	0.846624	0.063426	-0.066554	-0.033172	0.997231
0.846657	-0.530700	0.039107	0.527930	0.846914	0.063460	-0.066799	-0.033083	0.997218
0.846929	-0.530244	0.039396	0.527462	0.847203	0.063494	-0.067043	-0.032995	0.997204
0.846894	-0.530263	0.039904	0.527445	0.847193	0.063767	-0.067620	-0.032957	0.997167
0.846454	-0.530951	0.040080	0.528103	0.846755	0.064135	-0.067990	-0.033121	0.997136
0.846012	-0.531621	0.040531	0.528728	0.846331	0.064573	-0.068632	-0.033200	0.997090
0.846176	-0.531364	0.040475	0.528471	0.846489	0.064611	-0.068594	-0.033282	0.997089
