0.997641	-0.039292	0.056284	0.034397	0.995750	0.085435	-0.059401	-0.083297	0.994753
0.997605	-0.040043	0.056402	0.035133	0.995718	0.085504	-0.059584	-0.083317	0.994740
0.997615	-0.039659	0.056498	0.034741	0.995731	0.085512	-0.059648	-0.083345	0.994734
0.997645	-0.039093	0.056365	0.034202	0.995770	0.085278	-0.059460	-0.083149	0.994762
0.997627	-0.039253	0.056573	0.034346	0.995768	0.085244	-0.059679	-0.083098	0.994753
0.997589	-0.039662	0.056951	0.034713	0.995741	0.085414	-0.060096	-0.083231	0.994717
0.997563	-0.040260	0.056980	0.035298	0.995707	0.085561	-0.060180	-0.083342	0.994702
0.997559	-0.040406	0.056951	0.035454	0.995712	0.085438	-0.060159	-0.083211	0.994714
0.997603	-0.039853	0.056571	0.034942	0.995742	0.085300	-0.059729	-0.083119	0.994748
0.997619	-0.039622	0.056452	0.034712	0.995736	0.085463	-0.059597	-0.083300	0.994741
0.997589	-0.039780	0.056871	0.034817	0.995708	0.085746	-0.060038	-0.083559	0.994693
0.997489	-0.040539	0.058076	0.035468	0.995677	0.085846	-0.061305	-0.083570	0.994614
0.997305	-0.041859	0.060259	0.036584	0.995613	0.086121	-0.063600	-0.083684	0.994461
0.997020	-0.044405	0.063089	0.038924	0.995570	0.085593	-0.066610	-0.082882	0.994331
0.997046	-0.044610	0.062525	0.039219	0.995614	0.084935	-0.066040	-0.082232	0.994423
0.997109	-0.044146	0.061837	0.038786	0.995595	0.085357	-0.065333	-0.082712	0.994430
0.997221	-0.044244	0.059946	0.038942	0.995455	0.086902	-0.063519	-0.084326	0.994412
0.997293	-0.043693	0.059140	0.038425	0.995427	0.087455	-0.062691	-0.084946	0.994411
0.997343	-0.043128	0.058706	0.037898	0.995447	0.087453	-0.062210	-0.084996	0.994437
0.997411	-0.042555	0.057974	0.037405	0.995490	0.087181	-0.061422	-0.084787	0.994504
0.997456	-0.042119	0.057515	0.036998	0.995488	0.087375	-0.060936	-0.085025	0.994514
0.997470	-0.042301	0.057133	0.037169	0.995419	0.088083	-0.060598	-0.085737	0.994473
0.997495	-0.042346	0.056658	0.037226	0.995376	0.088551	-0.060145	-0.086220	0.994459
0.997552	-0.041708	0.056132	0.036641	0.995406	0.088453	-0.059563	-0.086180	0.994497
