0.677986	-0.734842	0.018513	0.730809	0.676547	0.090573	-0.079082	-0.047878	0.995718
0.678470	-0.734401	0.018255	0.730603	0.677142	0.087737	-0.076796	-0.046190	0.995976
0.678295	-0.734555	0.018541	0.730820	0.677036	0.086744	-0.076271	-0.045288	0.996058
0.678251	-0.734611	0.017935	0.730945	0.676971	0.086194	-0.075461	-0.045351	0.996117
0.677850	-0.734988	0.017667	0.731322	0.676545	0.086340	-0.075412	-0.045606	0.996109
0.677327	-0.735479	0.017268	0.731799	0.675975	0.086769	-0.075490	-0.046134	0.996079
0.677387	-0.735433	0.016879	0.731786	0.676015	0.086566	-0.075074	-0.046287	0.996103
0.677981	-0.734894	0.016516	0.731305	0.676603	0.086032	-0.074399	-0.046250	0.996156
0.678283	-0.734614	0.016560	0.731045	0.676921	0.085734	-0.074191	-0.046045	0.996180
0.678317	-0.734588	0.016353	0.730998	0.676920	0.086149	-0.074354	-0.046482	0.996148
0.678287	-0.734611	0.016540	0.730974	0.676880	0.086670	-0.074864	-0.046697	0.996100
0.678724	-0.734214	0.016236	0.730579	0.677284	0.086839	-0.074755	-0.047078	0.996090
0.679722	-0.733302	0.015670	0.729706	0.678241	0.086712	-0.074214	-0.047506	0.996110
0.681103	-0.732045	0.014469	0.728559	0.679560	0.086019	-0.072803	-0.048046	0.996188
0.682552	-0.730717	0.013237	0.727376	0.680970	0.084876	-0.071034	-0.048304	0.996304
0.682356	-0.730855	0.015520	0.727369	0.680914	0.085386	-0.072973	-0.046975	0.996227
0.681075	-0.731979	0.018508	0.728335	0.679850	0.085625	-0.075258	-0.044837	0.996156
0.679826	-0.733105	0.019837	0.729403	0.678709	0.085591	-0.076211	-0.043718	0.996133
0.679017	-0.733844	0.020222	0.730114	0.677928	0.085715	-0.076611	-0.043438	0.996114
0.679053	-0.733831	0.019465	0.730089	0.677880	0.086304	-0.076528	-0.044394	0.996079
0.679520	-0.733412	0.018958	0.729656	0.678284	0.086791	-0.076513	-0.045143	0.996046
0.679765	-0.733195	0.018565	0.729446	0.678490	0.086954	-0.076350	-0.045566	0.996039
0.679736	-0.733224	0.018492	0.729495	0.678466	0.086722	-0.076133	-0.045459	0.996061
