0.840453	-0.541558	0.018801	0.534986	0.834773	0.130172	-0.086190	-0.099345	0.991313
0.842148	-0.538911	0.019015	0.532411	0.836553	0.129297	-0.085586	-0.098763	0.991424
0.842957	-0.537639	0.019186	0.531270	0.837527	0.127677	-0.084713	-0.097433	0.991630
0.843320	-0.537063	0.019363	0.530827	0.838068	0.125950	-0.083870	-0.095938	0.991848
0.843897	-0.536157	0.019322	0.530016	0.838735	0.124924	-0.083185	-0.095182	0.991978
0.844477	-0.535240	0.019414	0.529136	0.839361	0.124450	-0.082906	-0.094822	0.992036
0.844605	-0.535012	0.020140	0.528817	0.839520	0.124736	-0.083643	-0.094702	0.991986
0.844418	-0.535266	0.021204	0.528965	0.839421	0.124771	-0.084585	-0.094143	0.991959
0.844682	-0.534790	0.022606	0.528349	0.839789	0.124907	-0.085784	-0.093563	0.991911
0.846043	-0.532589	0.023674	0.526066	0.841230	0.124843	-0.086406	-0.093169	0.991894
0.847631	-0.530012	0.024689	0.523440	0.842920	0.124486	-0.086790	-0.092595	0.991914
0.848888	-0.527970	0.025235	0.521418	0.844272	0.123810	-0.086673	-0.091943	0.991985
0.849532	-0.526936	0.025193	0.520495	0.845011	0.122641	-0.085912	-0.091075	0.992131
0.849829	-0.526480	0.024673	0.520164	0.845341	0.121765	-0.084964	-0.090646	0.992252
0.849946	-0.526312	0.024231	0.520103	0.845489	0.120999	-0.084170	-0.090240	0.992357
0.850490	-0.525507	0.022562	0.519472	0.845909	0.120778	-0.082555	-0.091001	0.992423
0.849027	-0.527915	0.021418	0.522061	0.844468	0.119697	-0.081277	-0.090444	0.992579
0.847720	-0.529954	0.022817	0.524064	0.843399	0.118467	-0.082026	-0.088469	0.992696
0.845344	-0.533608	0.025619	0.527527	0.841357	0.117617	-0.084316	-0.085912	0.992729
0.841003	-0.540286	0.028382	0.533994	0.837355	0.116993	-0.086976	-0.083236	0.992727
0.836770	-0.546737	0.029900	0.540356	0.833362	0.116287	-0.088496	-0.081149	0.992765
0.834543	-0.550112	0.030225	0.543781	0.831273	0.115273	-0.088538	-0.079764	0.992874
0.835045	-0.549345	0.030342	0.543016	0.831786	0.115176	-0.088509	-0.079701	0.992882
0.836362	-0.547378	0.029590	0.541044	0.832955	0.116005	-0.088146	-0.081013	0.992808
