0.972496	-0.226386	0.054784	0.220426	0.970509	0.097598	-0.075263	-0.082837	0.993717
0.972336	-0.227218	0.054179	0.221316	0.970320	0.097463	-0.074716	-0.082776	0.993763
0.972295	-0.227525	0.053624	0.221670	0.970241	0.097437	-0.074198	-0.082850	0.993796
0.972323	-0.227489	0.053262	0.221653	0.970230	0.097589	-0.073877	-0.083082	0.993801
0.972331	-0.227485	0.053127	0.221672	0.970241	0.097441	-0.073712	-0.082968	0.993822
0.972350	-0.227449	0.052931	0.221674	0.970270	0.097148	-0.073454	-0.082728	0.993861
0.972327	-0.227463	0.053302	0.221689	0.970309	0.096720	-0.073719	-0.082227	0.993883
0.972405	-0.227039	0.053676	0.221234	0.970412	0.096724	-0.074048	-0.082180	0.993863
0.972492	-0.226489	0.054422	0.220602	0.970526	0.097025	-0.074793	-0.082351	0.993793
0.972404	-0.226832	0.054568	0.220901	0.970418	0.097424	-0.075053	-0.082682	0.993746
0.972417	-0.226767	0.054607	0.220837	0.970437	0.097378	-0.075074	-0.082632	0.993748
0.972588	-0.226065	0.054471	0.220158	0.970606	0.097233	-0.074851	-0.082575	0.993770
0.972664	-0.225672	0.054747	0.219750	0.970708	0.097139	-0.075065	-0.082453	0.993764
0.972729	-0.225314	0.055060	0.219371	0.970798	0.097096	-0.075329	-0.082369	0.993751
0.972762	-0.225137	0.055213	0.219157	0.970814	0.097417	-0.075534	-0.082664	0.993711
0.972688	-0.225456	0.055209	0.219485	0.970752	0.097299	-0.075531	-0.082524	0.993723
0.972572	-0.226036	0.054872	0.220111	0.970637	0.097033	-0.075193	-0.082294	0.993767
0.972536	-0.226360	0.054174	0.220485	0.970542	0.097135	-0.074566	-0.082523	0.993796
0.972473	-0.226770	0.053596	0.220943	0.970440	0.097114	-0.074034	-0.082599	0.993829
0.972394	-0.227113	0.053562	0.221284	0.970356	0.097178	-0.074044	-0.082643	0.993825
0.972458	-0.226785	0.053799	0.220940	0.970439	0.097131	-0.074237	-0.082570	0.993816
0.972587	-0.226180	0.054010	0.220331	0.970593	0.096974	-0.074355	-0.082415	0.993820
