0.887510	-0.456112	0.065481	0.321175	0.714225	0.621875	-0.330413	-0.530890	0.780374
0.887383	-0.456410	0.065133	0.321423	0.713741	0.622303	-0.330513	-0.531286	0.780062
0.887383	-0.456410	0.065133	0.321423	0.713741	0.622303	-0.330513	-0.531286	0.780062
0.887278	-0.456748	0.064179	0.322128	0.713238	0.622516	-0.330107	-0.531671	0.779971
0.887278	-0.456748	0.064179	0.322128	0.713238	0.622516	-0.330107	-0.531671	0.779971
0.887278	-0.456748	0.064179	0.322128	0.713238	0.622516	-0.330107	-0.531671	0.779971
0.887278	-0.456748	0.064179	0.322128	0.713238	0.622516	-0.330107	-0.531671	0.779971
0.887278	-0.456748	0.064179	0.322128	0.713238	0.622516	-0.330107	-0.531671	0.779971
0.887278	-0.456748	0.064179	0.322128	0.713238	0.622516	-0.330107	-0.531671	0.779971
0.887571	-0.456107	0.064690	0.321485	0.713841	0.622157	-0.329948	-0.531411	0.780216
0.887720	-0.455821	0.064656	0.321391	0.714127	0.621877	-0.329637	-0.531273	0.780441
0.887859	-0.455587	0.064392	0.321391	0.714215	0.621775	-0.329262	-0.531354	0.780544
0.887859	-0.455587	0.064392	0.321391	0.714215	0.621775	-0.329262	-0.531354	0.780544
0.887804	-0.455770	0.063853	0.321864	0.714066	0.621701	-0.328949	-0.531397	0.780647
0.887804	-0.455770	0.063853	0.321864	0.714066	0.621701	-0.328949	-0.531397	0.780647
0.887804	-0.455770	0.063853	0.321864	0.714066	0.621701	-0.328949	-0.531397	0.780647
0.887554	-0.456214	0.064163	0.322266	0.714327	0.621194	-0.329230	-0.530666	0.781026
0.887554	-0.456214	0.064163	0.322266	0.714327	0.621194	-0.329230	-0.530666	0.781026
0.887554	-0.456214	0.064163	0.322266	0.714327	0.621194	-0.329230	-0.530666	0.781026
0.887711	-0.455858	0.064521	0.322032	0.714945	0.620604	-0.329036	-0.530140	0.781465
0.888067	-0.455215	0.064158	0.321917	0.715419	0.620117	-0.328187	-0.530052	0.781881
0.888459	-0.454526	0.063613	0.321842	0.715830	0.619682	-0.327198	-0.530088	0.782271
0.888459	-0.454526	0.063613	0.321842	0.715830	0.619682	-0.327198	-0.530088	0.782271
0.888459	-0.454526	0.063613	0.321842	0.715830	0.619682	-0.327198	-0.530088	0.782271
