0.997010	-0.054480	0.054798	0.008987	0.786100	0.618034	-0.076747	-0.615694	0.784239
0.997096	-0.054175	0.053516	0.009523	0.785957	0.618207	-0.075553	-0.615903	0.784191
0.997157	-0.053586	0.052974	0.009448	0.786406	0.617638	-0.074756	-0.615381	0.784677
0.997157	-0.053586	0.052974	0.009448	0.786406	0.617638	-0.074756	-0.615381	0.784677
0.997189	-0.052884	0.053075	0.008892	0.786907	0.617008	-0.074394	-0.614802	0.785165
0.997189	-0.052884	0.053075	0.008892	0.786907	0.617008	-0.074394	-0.614802	0.785165
0.997189	-0.052884	0.053075	0.008892	0.786907	0.617008	-0.074394	-0.614802	0.785165
0.997176	-0.052321	0.053879	0.007955	0.786954	0.616961	-0.074680	-0.614790	0.785147
0.997176	-0.052321	0.053879	0.007955	0.786954	0.616961	-0.074680	-0.614790	0.785147
0.997171	-0.052013	0.054267	0.007481	0.787027	0.616873	-0.074795	-0.614722	0.785190
0.997171	-0.052013	0.054267	0.007481	0.787027	0.616873	-0.074795	-0.614722	0.785190
0.997171	-0.052013	0.054267	0.007481	0.787027	0.616873	-0.074795	-0.614722	0.785190
0.997164	-0.052072	0.054337	0.007438	0.786647	0.617358	-0.074891	-0.615203	0.784803
0.997164	-0.052072	0.054337	0.007438	0.786647	0.617358	-0.074891	-0.615203	0.784803
0.997164	-0.052072	0.054337	0.007438	0.786647	0.617358	-0.074891	-0.615203	0.784803
0.997164	-0.052072	0.054337	0.007438	0.786647	0.617358	-0.074891	-0.615203	0.784803
0.997214	-0.051719	0.053754	0.007503	0.786500	0.617545	-0.074216	-0.615421	0.784697
0.997211	-0.051832	0.053695	0.007671	0.786851	0.617095	-0.074235	-0.614962	0.785054
0.997211	-0.051832	0.053695	0.007671	0.786851	0.617095	-0.074235	-0.614962	0.785054
0.997211	-0.051832	0.053695	0.007671	0.786851	0.617095	-0.074235	-0.614962	0.785054
0.997211	-0.051832	0.053695	0.007671	0.786851	0.617095	-0.074235	-0.614962	0.785054
0.997150	-0.052406	0.054273	0.007800	0.787123	0.616747	-0.075041	-0.614566	0.785289
0.997150	-0.052406	0.054273	0.007800	0.787123	0.616747	-0.075041	-0.614566	0.785289
0.997113	-0.052431	0.054930	0.007480	0.787669	0.616053	-0.075567	-0.613864	0.785787
0.997101	-0.052478	0.055088	0.007490	0.788241	0.615321	-0.075714	-0.613125	0.786349
