0.946666	-0.310856	0.084807	0.194394	0.760891	0.619076	-0.256973	-0.569572	0.780738
0.946333	-0.311744	0.085267	0.194785	0.760661	0.619237	-0.257902	-0.569395	0.780561
0.946333	-0.311744	0.085267	0.194785	0.760661	0.619237	-0.257902	-0.569395	0.780561
0.946333	-0.311744	0.085267	0.194785	0.760661	0.619237	-0.257902	-0.569395	0.780561
0.946705	-0.310615	0.085254	0.193922	0.760974	0.619122	-0.257185	-0.569593	0.780653
0.947062	-0.309567	0.085094	0.193222	0.761272	0.618975	-0.256394	-0.569766	0.780787
0.947410	-0.308600	0.084734	0.192664	0.761432	0.618953	-0.255528	-0.570077	0.780844
0.947691	-0.307912	0.084100	0.192438	0.761377	0.619090	-0.254657	-0.570522	0.780804
0.947957	-0.307233	0.083574	0.192178	0.761384	0.619163	-0.253859	-0.570879	0.780803
0.947957	-0.307233	0.083574	0.192178	0.761384	0.619163	-0.253859	-0.570879	0.780803
0.947957	-0.307233	0.083574	0.192178	0.761384	0.619163	-0.253859	-0.570879	0.780803
0.947957	-0.307233	0.083574	0.192178	0.761384	0.619163	-0.253859	-0.570879	0.780803
0.947957	-0.307233	0.083574	0.192178	0.761384	0.619163	-0.253859	-0.570879	0.780803
0.947957	-0.307233	0.083574	0.192178	0.761384	0.619163	-0.253859	-0.570879	0.780803
0.947885	-0.307432	0.083658	0.192170	0.761090	0.619526	-0.254133	-0.571163	0.780506
0.947816	-0.307639	0.083684	0.192194	0.760765	0.619918	-0.254375	-0.571485	0.780191
0.947816	-0.307639	0.083684	0.192194	0.760765	0.619918	-0.254375	-0.571485	0.780191
0.947656	-0.308141	0.083650	0.192614	0.760655	0.619923	-0.254652	-0.571361	0.780191
0.947441	-0.308779	0.083729	0.193064	0.760499	0.619974	-0.255111	-0.571224	0.780142
0.947239	-0.309302	0.084088	0.193188	0.760258	0.620230	-0.255767	-0.571261	0.779900
0.947239	-0.309302	0.084088	0.193188	0.760258	0.620230	-0.255767	-0.571261	0.779900
0.947119	-0.309491	0.084735	0.192861	0.760096	0.620532	-0.256456	-0.571376	0.779590
0.947033	-0.309568	0.085417	0.192509	0.760153	0.620571	-0.257039	-0.571258	0.779484
0.947033	-0.309568	0.085417	0.192509	0.760153	0.620571	-0.257039	-0.571258	0.779484
0.947033	-0.309568	0.085417	0.192509	0.760153	0.620571	-0.257039	-0.571258	0.779484
