0.993263	-0.102582	0.053910	0.047808	0.786498	0.615740	-0.105564	-0.609015	0.786103
0.993263	-0.102582	0.053910	0.047808	0.786498	0.615740	-0.105564	-0.609015	0.786103
0.993263	-0.102582	0.053910	0.047808	0.786498	0.615740	-0.105564	-0.609015	0.786103
0.993263	-0.102582	0.053910	0.047808	0.786498	0.615740	-0.105564	-0.609015	0.786103
0.993263	-0.102582	0.053910	0.047808	0.786498	0.615740	-0.105564	-0.609015	0.786103
0.993263	-0.102582	0.053910	0.047808	0.786498	0.615740	-0.105564	-0.609015	0.786103
0.993263	-0.102582	0.053910	0.047808	0.786498	0.615740	-0.105564	-0.609015	0.786103
0.993263	-0.102582	0.053910	0.047808	0.786498	0.615740	-0.105564	-0.609015	0.786103
0.993263	-0.102582	0.053910	0.047808	0.786498	0.615740	-0.105564	-0.609015	0.786103
0.993263	-0.102582	0.053910	0.047808	0.786498	0.615740	-0.105564	-0.609015	0.786103
0.993263	-0.102582	0.053910	0.047808	0.786498	0.615740	-0.105564	-0.609015	0.786103
0.993263	-0.102582	0.053910	0.047808	0.786498	0.615740	-0.105564	-0.609015	0.786103
0.993263	-0.102582	0.053910	0.047808	0.786498	0.615740	-0.105564	-0.609015	0.786103
0.993263	-0.102582	0.053910	0.047808	0.786498	0.615740	-0.105564	-0.609015	0.786103
0.993263	-0.102582	0.053910	0.047808	0.786498	0.615740	-0.105564	-0.609015	0.786103
0.993263	-0.102582	0.053910	0.047808	0.786498	0.615740	-0.105564	-0.609015	0.786103
0.993263	-0.102582	0.053910	0.047808	0.786498	0.615740	-0.105564	-0.609015	0.786103
0.993176	-0.103110	0.054500	0.047862	0.786478	0.615761	-0.106354	-0.608950	0.786046
0.993176	-0.103110	0.054500	0.047862	0.786478	0.615761	-0.106354	-0.608950	0.786046
0.993176	-0.103110	0.054500	0.047862	0.786478	0.615761	-0.106354	-0.608950	0.786046
0.993176	-0.103110	0.054500	0.047862	0.786478	0.615761	-0.106354	-0.608950	0.786046
0.993176	-0.103110	0.054500	0.047862	0.786478	0.615761	-0.106354	-0.608950	0.786046
0.993102	-0.103827	0.054475	0.048445	0.786446	0.615756	-0.106774	-0.608869	0.786052
0.993053	-0.104252	0.054567	0.048745	0.786545	0.615607	-0.107098	-0.608670	0.786162
0.993053	-0.104252	0.054567	0.048745	0.786545	0.615607	-0.107098	-0.608670	0.786162
