0.965442	-0.252774	0.063454	0.160781	0.769301	0.618324	-0.205112	-0.586754	0.783357
0.965593	-0.252344	0.062872	0.160676	0.768986	0.618744	-0.204484	-0.587353	0.783073
0.965593	-0.252344	0.062872	0.160676	0.768986	0.618744	-0.204484	-0.587353	0.783073
0.965593	-0.252344	0.062872	0.160676	0.768986	0.618744	-0.204484	-0.587353	0.783073
0.965593	-0.252344	0.062872	0.160676	0.768986	0.618744	-0.204484	-0.587353	0.783073
0.965593	-0.252344	0.062872	0.160676	0.768986	0.618744	-0.204484	-0.587353	0.783073
0.965750	-0.251906	0.062212	0.160659	0.768796	0.618984	-0.203754	-0.587789	0.782936
0.965806	-0.251805	0.061749	0.160858	0.768766	0.618970	-0.203330	-0.587872	0.782983
0.965806	-0.251805	0.061749	0.160858	0.768766	0.618970	-0.203330	-0.587872	0.782983
0.965806	-0.251805	0.061749	0.160858	0.768766	0.618970	-0.203330	-0.587872	0.782983
0.965806	-0.251805	0.061749	0.160858	0.768766	0.618970	-0.203330	-0.587872	0.782983
0.965903	-0.251395	0.061897	0.160494	0.768997	0.618777	-0.203156	-0.587745	0.783124
0.965947	-0.251130	0.062291	0.160055	0.769113	0.618747	-0.203295	-0.587707	0.783117
0.965947	-0.251130	0.062291	0.160055	0.769113	0.618747	-0.203295	-0.587707	0.783117
0.965947	-0.251130	0.062291	0.160055	0.769113	0.618747	-0.203295	-0.587707	0.783117
0.965867	-0.251285	0.062902	0.159747	0.768972	0.619001	-0.203916	-0.587824	0.782867
0.965789	-0.251497	0.063254	0.159662	0.768854	0.619170	-0.204352	-0.587888	0.782705
0.965789	-0.251497	0.063254	0.159662	0.768854	0.619170	-0.204352	-0.587888	0.782705
0.965789	-0.251497	0.063254	0.159662	0.768854	0.619170	-0.204352	-0.587888	0.782705
0.965789	-0.251497	0.063254	0.159662	0.768854	0.619170	-0.204352	-0.587888	0.782705
0.965705	-0.251618	0.064047	0.159312	0.769016	0.619059	-0.205020	-0.587625	0.782728
0.965596	-0.251831	0.064849	0.158946	0.768918	0.619275	-0.205816	-0.587662	0.782492
0.965486	-0.252168	0.065176	0.158928	0.768642	0.619621	-0.206346	-0.587877	0.782190
0.965486	-0.252168	0.065176	0.158928	0.768642	0.619621	-0.206346	-0.587877	0.782190
0.965486	-0.252168	0.065176	0.158928	0.768642	0.619621	-0.206346	-0.587877	0.782190
