0.963289	-0.260286	0.065761	0.164498	0.765842	0.621632	-0.212165	-0.587994	0.780544
0.963289	-0.260286	0.065761	0.164498	0.765842	0.621632	-0.212165	-0.587994	0.780544
0.963289	-0.260286	0.065761	0.164498	0.765842	0.621632	-0.212165	-0.587994	0.780544
0.963289	-0.260286	0.065761	0.164498	0.765842	0.621632	-0.212165	-0.587994	0.780544
0.963195	-0.260550	0.066095	0.164495	0.765805	0.621679	-0.212595	-0.587925	0.780479
0.963219	-0.260449	0.066153	0.164290	0.765580	0.622009	-0.212647	-0.588263	0.780210
0.963219	-0.260449	0.066153	0.164290	0.765580	0.622009	-0.212647	-0.588263	0.780210
0.963219	-0.260449	0.066153	0.164290	0.765580	0.622009	-0.212647	-0.588263	0.780210
0.963263	-0.260127	0.066777	0.163527	0.765351	0.622493	-0.213035	-0.588704	0.779772
0.963263	-0.260127	0.066777	0.163527	0.765351	0.622493	-0.213035	-0.588704	0.779772
0.963263	-0.260127	0.066777	0.163527	0.765351	0.622493	-0.213035	-0.588704	0.779772
0.963245	-0.260084	0.067202	0.163418	0.765908	0.621836	-0.213200	-0.587998	0.780259
0.963245	-0.260084	0.067202	0.163418	0.765908	0.621836	-0.213200	-0.587998	0.780259
0.963245	-0.260084	0.067202	0.163418	0.765908	0.621836	-0.213200	-0.587998	0.780259
0.963245	-0.260084	0.067202	0.163418	0.765908	0.621836	-0.213200	-0.587998	0.780259
0.963210	-0.260186	0.067297	0.163620	0.766391	0.621187	-0.213200	-0.587323	0.780767
0.963210	-0.260186	0.067297	0.163620	0.766391	0.621187	-0.213200	-0.587323	0.780767
0.963339	-0.259597	0.067732	0.162949	0.766707	0.620973	-0.213134	-0.587171	0.780900
0.963339	-0.259597	0.067732	0.162949	0.766707	0.620973	-0.213134	-0.587171	0.780900
0.963414	-0.259192	0.068217	0.162373	0.766938	0.620840	-0.213235	-0.587049	0.780964
0.963414	-0.259192	0.068217	0.162373	0.766938	0.620840	-0.213235	-0.587049	0.780964
0.963414	-0.259192	0.068217	0.162373	0.766938	0.620840	-0.213235	-0.587049	0.780964
0.963414	-0.259192	0.068217	0.162373	0.766938	0.620840	-0.213235	-0.587049	0.780964
0.963414	-0.259192	0.068217	0.162373	0.766938	0.620840	-0.213235	-0.587049	0.780964
0.963414	-0.259192	0.068217	0.162373	0.766938	0.620840	-0.213235	-0.587049	0.780964
