0.950743	-0.300683	0.075345	0.190573	0.758682	0.622963	-0.244477	-0.577919	0.778614
0.950743	-0.300683	0.075345	0.190573	0.758682	0.622963	-0.244477	-0.577919	0.778614
0.950649	-0.300799	0.076062	0.190297	0.758898	0.622784	-0.245056	-0.577575	0.778687
0.950649	-0.300799	0.076062	0.190297	0.758898	0.622784	-0.245056	-0.577575	0.778687
0.950649	-0.300799	0.076062	0.190297	0.758898	0.622784	-0.245056	-0.577575	0.778687
0.950649	-0.300799	0.076062	0.190297	0.758898	0.622784	-0.245056	-0.577575	0.778687
0.950649	-0.300799	0.076062	0.190297	0.758898	0.622784	-0.245056	-0.577575	0.778687
0.950649	-0.300799	0.076062	0.190297	0.758898	0.622784	-0.245056	-0.577575	0.778687
0.950701	-0.300513	0.076544	0.189945	0.759408	0.622271	-0.245128	-0.577055	0.779051
0.950689	-0.300413	0.077086	0.189738	0.759964	0.621655	-0.245336	-0.576374	0.779489
0.950650	-0.300410	0.077577	0.189561	0.760309	0.621287	-0.245623	-0.575921	0.779734
0.950650	-0.300410	0.077577	0.189561	0.760309	0.621287	-0.245623	-0.575921	0.779734
0.950650	-0.300410	0.077577	0.189561	0.760309	0.621287	-0.245623	-0.575921	0.779734
0.950979	-0.299406	0.077428	0.188991	0.760825	0.620829	-0.244789	-0.575762	0.780113
0.951203	-0.298685	0.077467	0.188476	0.761176	0.620555	-0.244316	-0.575673	0.780327
0.951203	-0.298685	0.077467	0.188476	0.761176	0.620555	-0.244316	-0.575673	0.780327
0.951203	-0.298685	0.077467	0.188476	0.761176	0.620555	-0.244316	-0.575673	0.780327
0.951203	-0.298685	0.077467	0.188476	0.761176	0.620555	-0.244316	-0.575673	0.780327
0.951203	-0.298685	0.077467	0.188476	0.761176	0.620555	-0.244316	-0.575673	0.780327
0.951203	-0.298685	0.077467	0.188476	0.761176	0.620555	-0.244316	-0.575673	0.780327
0.951203	-0.298685	0.077467	0.188476	0.761176	0.620555	-0.244316	-0.575673	0.780327
0.951203	-0.298685	0.077467	0.188476	0.761176	0.620555	-0.244316	-0.575673	0.780327
0.951203	-0.298685	0.077467	0.188476	0.761176	0.620555	-0.244316	-0.575673	0.780327
0.951203	-0.298685	0.077467	0.188476	0.761176	0.620555	-0.244316	-0.575673	0.780327
0.951203	-0.298685	0.077467	0.188476	0.761176	0.620555	-0.244316	-0.575673	0.780327
0.951203	-0.298685	0.077467	0.188476	0.761176	0.620555	-0.244316	-0.575673	0.780327
