0.995431	0.007671	0.095179	-0.066887	0.767384	0.637690	-0.068147	-0.641142	0.764390
0.995523	0.008786	0.094109	-0.067026	0.767653	0.637351	-0.066644	-0.640805	0.764805
0.995533	0.010235	0.093854	-0.067990	0.767447	0.637497	-0.065503	-0.641030	0.764715
0.995518	0.011448	0.093880	-0.068990	0.766877	0.638076	-0.064690	-0.641692	0.764229
0.995489	0.012089	0.094106	-0.069655	0.766571	0.638371	-0.064422	-0.642046	0.763955
0.995438	0.012292	0.094617	-0.070132	0.766631	0.638247	-0.064692	-0.641971	0.763995
0.995376	0.012338	0.095258	-0.070563	0.766786	0.638012	-0.065171	-0.641784	0.764111
0.995308	0.012646	0.095932	-0.071233	0.766747	0.637985	-0.065488	-0.641825	0.764050
0.995273	0.013075	0.096230	-0.071759	0.766680	0.638007	-0.065436	-0.641896	0.763994
0.995273	0.013075	0.096230	-0.071759	0.766680	0.638007	-0.065436	-0.641896	0.763994
0.995273	0.013075	0.096230	-0.071759	0.766680	0.638007	-0.065436	-0.641896	0.763994
0.995273	0.013075	0.096230	-0.071759	0.766680	0.638007	-0.065436	-0.641896	0.763994
0.995273	0.013075	0.096230	-0.071759	0.766680	0.638007	-0.065436	-0.641896	0.763994
0.995273	0.013075	0.096230	-0.071759	0.766680	0.638007	-0.065436	-0.641896	0.763994
0.995273	0.013075	0.096230	-0.071759	0.766680	0.638007	-0.065436	-0.641896	0.763994
0.995220	0.013372	0.096740	-0.072281	0.766988	0.637577	-0.065673	-0.641522	0.764289
0.995220	0.013372	0.096740	-0.072281	0.766988	0.637577	-0.065673	-0.641522	0.764289
0.995169	0.013515	0.097241	-0.072677	0.767318	0.637135	-0.066004	-0.641124	0.764594
0.995153	0.013363	0.097430	-0.072654	0.767585	0.636816	-0.066277	-0.640808	0.764835
0.995160	0.012879	0.097419	-0.072237	0.767981	0.636386	-0.066620	-0.640343	0.765194
0.995185	0.012040	0.097274	-0.071414	0.768827	0.635457	-0.067136	-0.639344	0.765985
0.995258	0.011518	0.096591	-0.070438	0.770161	0.633948	-0.067089	-0.637745	0.767320
0.995337	0.011319	0.095797	-0.069629	0.771597	0.632289	-0.066760	-0.636011	0.768787
0.995451	0.011599	0.094569	-0.068873	0.773452	0.630103	-0.065836	-0.633749	0.770732
0.995574	0.012356	0.093168	-0.068314	0.775957	0.627076	-0.064546	-0.630665	0.773367
0.995705	0.012708	0.091709	-0.067426	0.778346	0.624204	-0.063449	-0.627707	0.775860
