0.986492	-0.150757	0.064081	0.080853	0.788323	0.609926	-0.142467	-0.596506	0.789863
0.986492	-0.150757	0.064081	0.080853	0.788323	0.609926	-0.142467	-0.596506	0.789863
0.986554	-0.150221	0.064383	0.080263	0.788472	0.609811	-0.142371	-0.596443	0.789928
0.986554	-0.150221	0.064383	0.080263	0.788472	0.609811	-0.142371	-0.596443	0.789928
0.986554	-0.150221	0.064383	0.080263	0.788472	0.609811	-0.142371	-0.596443	0.789928
0.986554	-0.150221	0.064383	0.080263	0.788472	0.609811	-0.142371	-0.596443	0.789928
0.986554	-0.150221	0.064383	0.080263	0.788472	0.609811	-0.142371	-0.596443	0.789928
0.986554	-0.150221	0.064383	0.080263	0.788472	0.609811	-0.142371	-0.596443	0.789928
0.986554	-0.150221	0.064383	0.080263	0.788472	0.609811	-0.142371	-0.596443	0.789928
0.986636	-0.149613	0.064538	0.079601	0.788187	0.610266	-0.142171	-0.596973	0.789563
0.986636	-0.149613	0.064538	0.079601	0.788187	0.610266	-0.142171	-0.596973	0.789563
0.986636	-0.149613	0.064538	0.079601	0.788187	0.610266	-0.142171	-0.596973	0.789563
0.986636	-0.149613	0.064538	0.079601	0.788187	0.610266	-0.142171	-0.596973	0.789563
0.986636	-0.149613	0.064538	0.079601	0.788187	0.610266	-0.142171	-0.596973	0.789563
0.986628	-0.149952	0.063868	0.080172	0.787675	0.610852	-0.141905	-0.597564	0.789164
0.986587	-0.150676	0.062786	0.081543	0.788135	0.610077	-0.141408	-0.596774	0.789851
0.986609	-0.150970	0.061727	0.082742	0.789424	0.608247	-0.140556	-0.594994	0.791344
0.986550	-0.151621	0.061070	0.084001	0.790780	0.606309	-0.140222	-0.593025	0.792880
0.986535	-0.152411	0.059326	0.086088	0.792338	0.603978	-0.139059	-0.590738	0.794790
0.986683	-0.152554	0.056431	0.088452	0.794381	0.600945	-0.136505	-0.587950	0.797296
0.987049	-0.151049	0.054019	0.089184	0.796604	0.597887	-0.133342	-0.585326	0.799758
0.987452	-0.148889	0.052640	0.088528	0.797922	0.596224	-0.130774	-0.584083	0.801090
0.987777	-0.146607	0.052946	0.086514	0.798196	0.596153	-0.129662	-0.584285	0.801123
0.987939	-0.145300	0.053528	0.085010	0.797868	0.596809	-0.129424	-0.585060	0.800596
0.987972	-0.144880	0.054042	0.084257	0.797441	0.597486	-0.129659	-0.585746	0.800057
