0.997416	-0.050604	0.050990	0.008758	0.790150	0.612851	-0.071302	-0.610821	0.788552
0.997416	-0.050604	0.050990	0.008758	0.790150	0.612851	-0.071302	-0.610821	0.788552
0.997495	-0.050138	0.049893	0.009126	0.790699	0.612137	-0.070141	-0.610149	0.789176
0.997583	-0.049526	0.048740	0.009364	0.790853	0.611934	-0.068853	-0.609998	0.789406
0.997728	-0.048178	0.047094	0.009323	0.791027	0.611711	-0.066723	-0.609882	0.789678
0.997879	-0.046606	0.045449	0.009103	0.791207	0.611481	-0.064458	-0.609770	0.789953
0.997979	-0.045900	0.043947	0.009440	0.790987	0.611761	-0.062841	-0.610109	0.789821
0.997958	-0.047598	0.042594	0.011513	0.789975	0.613031	-0.062827	-0.611289	0.788910
0.997833	-0.050288	0.042426	0.013633	0.788872	0.614407	-0.064366	-0.612497	0.787848
0.997730	-0.051708	0.043131	0.014307	0.788713	0.614595	-0.065798	-0.612583	0.787663
0.997620	-0.052868	0.044264	0.014561	0.789014	0.614202	-0.067397	-0.612096	0.787906
0.997476	-0.054918	0.045000	0.015734	0.789027	0.614157	-0.069234	-0.611899	0.787900
0.997367	-0.056557	0.045388	0.016792	0.789002	0.614161	-0.070546	-0.611782	0.787875
0.997338	-0.057121	0.045328	0.017298	0.789189	0.613907	-0.070839	-0.611488	0.788076
0.997338	-0.057121	0.045328	0.017298	0.789189	0.613907	-0.070839	-0.611488	0.788076
0.997338	-0.057121	0.045328	0.017298	0.789189	0.613907	-0.070839	-0.611488	0.788076
0.997338	-0.057121	0.045328	0.017298	0.789189	0.613907	-0.070839	-0.611488	0.788076
0.997372	-0.056112	0.045822	0.016255	0.789722	0.613249	-0.070597	-0.610893	0.788559
0.997388	-0.055529	0.046184	0.015572	0.789743	0.613240	-0.070526	-0.610919	0.788546
0.997366	-0.055427	0.046781	0.015108	0.789601	0.613435	-0.070939	-0.611113	0.788358
0.997366	-0.055427	0.046781	0.015108	0.789601	0.613435	-0.070939	-0.611113	0.788358
0.997364	-0.055139	0.047162	0.014662	0.789748	0.613256	-0.071060	-0.610949	0.788475
0.997364	-0.055139	0.047162	0.014662	0.789748	0.613256	-0.071060	-0.610949	0.788475
0.997400	-0.054352	0.047325	0.013918	0.789579	0.613491	-0.070711	-0.611237	0.788282
0.997411	-0.053814	0.047707	0.013301	0.789960	0.613014	-0.070675	-0.610792	0.788630
