0.979851	-0.189063	0.064394	0.108854	0.775832	0.621479	-0.167457	-0.601948	0.780780
0.979851	-0.189063	0.064394	0.108854	0.775832	0.621479	-0.167457	-0.601948	0.780780
0.979399	-0.190918	0.065788	0.109505	0.775857	0.621333	-0.169665	-0.601329	0.780780
0.979153	-0.191887	0.066626	0.109688	0.775561	0.621670	-0.170963	-0.601401	0.780441
0.979153	-0.191887	0.066626	0.109688	0.775561	0.621670	-0.170963	-0.601401	0.780441
0.979338	-0.191067	0.066259	0.109219	0.775469	0.621867	-0.170200	-0.601781	0.780315
0.979482	-0.190429	0.065961	0.108949	0.775705	0.621620	-0.169541	-0.601680	0.780537
0.979482	-0.190429	0.065961	0.108949	0.775705	0.621620	-0.169541	-0.601680	0.780537
0.979634	-0.189798	0.065534	0.108686	0.775651	0.621734	-0.168836	-0.601949	0.780482
0.979728	-0.189465	0.065091	0.108634	0.775439	0.622008	-0.168322	-0.602327	0.780301
0.979728	-0.189465	0.065091	0.108634	0.775439	0.622008	-0.168322	-0.602327	0.780301
0.979721	-0.189540	0.064972	0.108829	0.775648	0.621713	-0.168235	-0.602034	0.780546
0.979721	-0.189540	0.064972	0.108829	0.775648	0.621713	-0.168235	-0.602034	0.780546
0.979721	-0.189540	0.064972	0.108829	0.775648	0.621713	-0.168235	-0.602034	0.780546
0.979721	-0.189540	0.064972	0.108829	0.775648	0.621713	-0.168235	-0.602034	0.780546
0.979721	-0.189540	0.064972	0.108829	0.775648	0.621713	-0.168235	-0.602034	0.780546
0.979721	-0.189540	0.064972	0.108829	0.775648	0.621713	-0.168235	-0.602034	0.780546
0.979721	-0.189540	0.064972	0.108829	0.775648	0.621713	-0.168235	-0.602034	0.780546
0.979721	-0.189540	0.064972	0.108829	0.775648	0.621713	-0.168235	-0.602034	0.780546
0.979721	-0.189540	0.064972	0.108829	0.775648	0.621713	-0.168235	-0.602034	0.780546
0.979721	-0.189540	0.064972	0.108829	0.775648	0.621713	-0.168235	-0.602034	0.780546
0.979791	-0.189235	0.064807	0.108802	0.776074	0.621185	-0.167845	-0.601580	0.780980
0.979791	-0.189235	0.064807	0.108802	0.776074	0.621185	-0.167845	-0.601580	0.780980
0.979791	-0.189235	0.064807	0.108802	0.776074	0.621185	-0.167845	-0.601580	0.780980
0.979791	-0.189235	0.064807	0.108802	0.776074	0.621185	-0.167845	-0.601580	0.780980
