0.831692	-0.554599	0.026611	0.420343	0.660224	0.622427	-0.362767	-0.506482	0.782225
0.831692	-0.554599	0.026611	0.420343	0.660224	0.622427	-0.362767	-0.506482	0.782225
0.831692	-0.554599	0.026611	0.420343	0.660224	0.622427	-0.362767	-0.506482	0.782225
0.831686	-0.554611	0.026560	0.420565	0.660461	0.622025	-0.362524	-0.506160	0.782546
0.831686	-0.554611	0.026560	0.420565	0.660461	0.622025	-0.362524	-0.506160	0.782546
0.831686	-0.554611	0.026560	0.420565	0.660461	0.622025	-0.362524	-0.506160	0.782546
0.831686	-0.554611	0.026560	0.420565	0.660461	0.622025	-0.362524	-0.506160	0.782546
0.831686	-0.554611	0.026560	0.420565	0.660461	0.622025	-0.362524	-0.506160	0.782546
0.831686	-0.554611	0.026560	0.420565	0.660461	0.622025	-0.362524	-0.506160	0.782546
0.831686	-0.554611	0.026560	0.420565	0.660461	0.622025	-0.362524	-0.506160	0.782546
0.831686	-0.554611	0.026560	0.420565	0.660461	0.622025	-0.362524	-0.506160	0.782546
0.831686	-0.554611	0.026560	0.420565	0.660461	0.622025	-0.362524	-0.506160	0.782546
0.831686	-0.554611	0.026560	0.420565	0.660461	0.622025	-0.362524	-0.506160	0.782546
0.831686	-0.554611	0.026560	0.420565	0.660461	0.622025	-0.362524	-0.506160	0.782546
0.831370	-0.555099	0.026262	0.421096	0.660103	0.622047	-0.362633	-0.506092	0.782540
0.831370	-0.555099	0.026262	0.421096	0.660103	0.622047	-0.362633	-0.506092	0.782540
0.831370	-0.555099	0.026262	0.421096	0.660103	0.622047	-0.362633	-0.506092	0.782540
0.831370	-0.555099	0.026262	0.421096	0.660103	0.622047	-0.362633	-0.506092	0.782540
0.830983	-0.555660	0.026625	0.421329	0.659901	0.622103	-0.363248	-0.505739	0.782483
0.830983	-0.555660	0.026625	0.421329	0.659901	0.622103	-0.363248	-0.505739	0.782483
0.829910	-0.557197	0.027962	0.422006	0.659755	0.621799	-0.364913	-0.504237	0.782677
0.829459	-0.557827	0.028762	0.421984	0.659541	0.622041	-0.365961	-0.503820	0.782456
0.830081	-0.556897	0.028845	0.421324	0.660209	0.621780	-0.365311	-0.503974	0.782660
0.831276	-0.555179	0.027512	0.420462	0.660394	0.622167	-0.363582	-0.505625	0.782401
0.832686	-0.553120	0.026304	0.419709	0.661406	0.621600	-0.361217	-0.506558	0.782893
