0.858858	-0.507525	0.069140	0.360913	0.695407	0.621410	-0.363462	-0.508750	0.780429
0.859218	-0.506895	0.069294	0.360449	0.695895	0.621133	-0.363071	-0.508712	0.780635
0.859588	-0.506223	0.069614	0.359885	0.696472	0.620813	-0.362754	-0.508591	0.780862
0.859861	-0.505719	0.069911	0.359486	0.696997	0.620456	-0.362504	-0.508373	0.781119
0.860035	-0.505370	0.070298	0.359155	0.697466	0.620121	-0.362420	-0.508077	0.781351
0.860035	-0.505370	0.070298	0.359155	0.697466	0.620121	-0.362420	-0.508077	0.781351
0.860289	-0.504854	0.070896	0.358594	0.698087	0.619746	-0.362373	-0.507737	0.781594
0.860317	-0.504729	0.071434	0.358341	0.698468	0.619463	-0.362555	-0.507337	0.781769
0.860317	-0.504729	0.071434	0.358341	0.698468	0.619463	-0.362555	-0.507337	0.781769
0.860317	-0.504729	0.071434	0.358341	0.698468	0.619463	-0.362555	-0.507337	0.781769
0.860317	-0.504729	0.071434	0.358341	0.698468	0.619463	-0.362555	-0.507337	0.781769
0.860317	-0.504729	0.071434	0.358341	0.698468	0.619463	-0.362555	-0.507337	0.781769
0.860011	-0.505193	0.071841	0.358700	0.698661	0.619038	-0.362925	-0.506610	0.782069
0.859799	-0.505518	0.072094	0.358806	0.698559	0.619091	-0.363324	-0.506426	0.782003
0.859799	-0.505518	0.072094	0.358806	0.698559	0.619091	-0.363324	-0.506426	0.782003
0.859489	-0.506041	0.072123	0.359079	0.698157	0.619386	-0.363788	-0.506458	0.781767
0.859166	-0.506580	0.072181	0.359420	0.697856	0.619527	-0.364212	-0.506334	0.781650
0.859166	-0.506580	0.072181	0.359420	0.697856	0.619527	-0.364212	-0.506334	0.781650
0.858844	-0.507162	0.071925	0.359941	0.697422	0.619714	-0.364458	-0.506349	0.781525
0.858844	-0.507162	0.071925	0.359941	0.697422	0.619714	-0.364458	-0.506349	0.781525
0.858844	-0.507162	0.071925	0.359941	0.697422	0.619714	-0.364458	-0.506349	0.781525
0.858844	-0.507162	0.071925	0.359941	0.697422	0.619714	-0.364458	-0.506349	0.781525
0.859401	-0.506313	0.071255	0.359688	0.697713	0.619534	-0.363393	-0.506798	0.781729
0.860140	-0.505106	0.070900	0.358826	0.698023	0.619684	-0.362496	-0.507574	0.781643
0.860732	-0.504094	0.070920	0.357857	0.698259	0.619978	-0.362047	-0.508256	0.781407
