0.937627	-0.336420	0.087617	0.210802	0.750610	0.626216	-0.276438	-0.568687	0.774711
0.937627	-0.336420	0.087617	0.210802	0.750610	0.626216	-0.276438	-0.568687	0.774711
0.937627	-0.336420	0.087617	0.210802	0.750610	0.626216	-0.276438	-0.568687	0.774711
0.937589	-0.336400	0.088105	0.210442	0.750579	0.626375	-0.276842	-0.568741	0.774527
0.937589	-0.336400	0.088105	0.210442	0.750579	0.626375	-0.276842	-0.568741	0.774527
0.937589	-0.336400	0.088105	0.210442	0.750579	0.626375	-0.276842	-0.568741	0.774527
0.937589	-0.336400	0.088105	0.210442	0.750579	0.626375	-0.276842	-0.568741	0.774527
0.937589	-0.336400	0.088105	0.210442	0.750579	0.626375	-0.276842	-0.568741	0.774527
0.937589	-0.336400	0.088105	0.210442	0.750579	0.626375	-0.276842	-0.568741	0.774527
0.937346	-0.337083	0.088079	0.211122	0.750663	0.626045	-0.277147	-0.568225	0.774797
0.937346	-0.337083	0.088079	0.211122	0.750663	0.626045	-0.277147	-0.568225	0.774797
0.937346	-0.337083	0.088079	0.211122	0.750663	0.626045	-0.277147	-0.568225	0.774797
0.937199	-0.337433	0.088306	0.211393	0.750876	0.625699	-0.277438	-0.567737	0.775050
0.937199	-0.337433	0.088306	0.211393	0.750876	0.625699	-0.277438	-0.567737	0.775050
0.937199	-0.337433	0.088306	0.211393	0.750876	0.625699	-0.277438	-0.567737	0.775050
0.937199	-0.337433	0.088306	0.211393	0.750876	0.625699	-0.277438	-0.567737	0.775050
0.937199	-0.337433	0.088306	0.211393	0.750876	0.625699	-0.277438	-0.567737	0.775050
0.937199	-0.337433	0.088306	0.211393	0.750876	0.625699	-0.277438	-0.567737	0.775050
0.937413	-0.336885	0.088118	0.211097	0.751035	0.625607	-0.276937	-0.567851	0.775146
0.937584	-0.336474	0.087873	0.210945	0.751156	0.625514	-0.276476	-0.567935	0.775249
0.937708	-0.336103	0.087964	0.210748	0.751568	0.625084	-0.276204	-0.567609	0.775585
0.937744	-0.335903	0.088346	0.210512	0.751984	0.624663	-0.276261	-0.567177	0.775881
0.937752	-0.335762	0.088797	0.210150	0.752121	0.624620	-0.276510	-0.567078	0.775864
0.937752	-0.335762	0.088797	0.210150	0.752121	0.624620	-0.276510	-0.567078	0.775864
0.937752	-0.335762	0.088797	0.210150	0.752121	0.624620	-0.276510	-0.567078	0.775864
