0.981492	-0.184103	-0.052731	0.179979	0.980845	-0.074497	0.065436	0.063628	0.995826
0.981397	-0.184429	-0.053338	0.180216	0.980744	-0.075257	0.066191	0.064244	0.995737
0.981203	-0.185457	-0.053352	0.181248	0.980560	-0.075174	0.066257	0.064091	0.995742
0.981173	-0.185485	-0.053800	0.181245	0.980559	-0.075201	0.066703	0.064035	0.995716
0.981177	-0.185276	-0.054448	0.180987	0.980597	-0.075322	0.067347	0.064050	0.995672
0.981107	-0.185549	-0.054776	0.181193	0.980507	-0.075988	0.067808	0.064628	0.995603
0.981043	-0.185884	-0.054790	0.181537	0.980454	-0.075852	0.067819	0.064468	0.995613
0.981002	-0.186140	-0.054649	0.181828	0.980430	-0.075467	0.067627	0.064097	0.995650
0.981015	-0.186160	-0.054351	0.181917	0.980471	-0.074715	0.067198	0.063409	0.995723
0.981140	-0.185570	-0.054115	0.181392	0.980624	-0.073982	0.066795	0.062770	0.995790
0.981236	-0.185149	-0.053821	0.180999	0.980707	-0.073842	0.066455	0.062714	0.995817
0.981272	-0.185079	-0.053390	0.180954	0.980714	-0.073864	0.066031	0.062820	0.995838
0.981203	-0.185481	-0.053266	0.181367	0.980640	-0.073832	0.065929	0.062784	0.995847
0.981031	-0.186323	-0.053501	0.182152	0.980448	-0.074441	0.066325	0.063283	0.995789
0.980807	-0.187438	-0.053705	0.183200	0.980191	-0.075253	0.066746	0.063970	0.995717
0.980588	-0.188523	-0.053901	0.184282	0.980001	-0.075091	0.066980	0.063700	0.995719
0.980447	-0.189246	-0.053943	0.185034	0.979895	-0.074623	0.066980	0.063182	0.995752
0.980389	-0.189409	-0.054419	0.185179	0.979881	-0.074443	0.067425	0.062906	0.995739
0.980452	-0.189096	-0.054372	0.184891	0.979960	-0.074116	0.067298	0.062614	0.995766
0.980631	-0.188327	-0.053819	0.184161	0.980102	-0.074055	0.066695	0.062709	0.995801
0.980806	-0.187555	-0.053317	0.183367	0.980189	-0.074873	0.066303	0.063659	0.995767
0.980927	-0.186997	-0.053046	0.182764	0.980229	-0.075818	0.066175	0.064677	0.995710
0.981154	-0.185765	-0.053188	0.181506	0.980442	-0.076091	0.066283	0.065003	0.995681
0.981527	-0.183515	-0.054097	0.179222	0.980890	-0.075728	0.066961	0.064634	0.995660
0.981812	-0.181623	-0.055299	0.177239	0.981234	-0.075929	0.068052	0.064747	0.995579
