0.980206	-0.189649	-0.056821	0.185267	0.979864	-0.074453	0.069797	0.062453	0.995604
0.980131	-0.190026	-0.056869	0.185592	0.979749	-0.075146	0.069997	0.063098	0.995550
0.980174	-0.189772	-0.056963	0.185311	0.979780	-0.075443	0.070128	0.063392	0.995522
0.980174	-0.189773	-0.056966	0.185256	0.979729	-0.076235	0.070279	0.064170	0.995461
0.979982	-0.191086	-0.055868	0.186633	0.979461	-0.076318	0.069304	0.064364	0.995517
0.979914	-0.191701	-0.054957	0.187281	0.979308	-0.076693	0.068522	0.064860	0.995539
0.979727	-0.192808	-0.054411	0.188421	0.979087	-0.076723	0.068066	0.064916	0.995567
0.979685	-0.193018	-0.054425	0.188635	0.979052	-0.076649	0.068079	0.064825	0.995572
0.979689	-0.193021	-0.054334	0.188601	0.979009	-0.077266	0.068107	0.065449	0.995529
0.979643	-0.193181	-0.054595	0.188716	0.978955	-0.077676	0.068452	0.065792	0.995483
0.979679	-0.193026	-0.054503	0.188588	0.979003	-0.077382	0.068296	0.065531	0.995511
0.979795	-0.192544	-0.054122	0.188124	0.979083	-0.077494	0.067911	0.065747	0.995523
0.979895	-0.192066	-0.054002	0.187626	0.979147	-0.077896	0.067837	0.066197	0.995498
0.979976	-0.191798	-0.053495	0.187407	0.979207	-0.077673	0.067280	0.066092	0.995543
0.980066	-0.191465	-0.053033	0.187139	0.979297	-0.077172	0.066711	0.065710	0.995606
0.980155	-0.191156	-0.052494	0.186883	0.979367	-0.076912	0.066113	0.065576	0.995655
0.980202	-0.190844	-0.052758	0.186551	0.979426	-0.076962	0.066360	0.065596	0.995637
0.980147	-0.190963	-0.053344	0.186628	0.979408	-0.077006	0.066951	0.065522	0.995603
0.980151	-0.190883	-0.053545	0.186521	0.979411	-0.077221	0.067183	0.065701	0.995575
0.980242	-0.190293	-0.053980	0.185895	0.979522	-0.077328	0.067590	0.065766	0.995543
0.980337	-0.189601	-0.054693	0.185151	0.979657	-0.077409	0.068257	0.065760	0.995498
0.980453	-0.188817	-0.055313	0.184316	0.979802	-0.077560	0.068840	0.065849	0.995452
0.980649	-0.187719	-0.055580	0.183184	0.979995	-0.077798	0.069072	0.066111	0.995419
0.980801	-0.186887	-0.055692	0.182317	0.980124	-0.078210	0.069202	0.066555	0.995380
0.980984	-0.185818	-0.056049	0.181238	0.980340	-0.078012	0.069443	0.066370	0.995376
