0.928739	-0.366993	-0.052531	0.362944	0.928945	-0.073030	0.075600	0.048760	0.995945
0.928958	-0.366470	-0.052318	0.362473	0.929172	-0.072478	0.075174	0.048365	0.995997
0.929388	-0.365313	-0.052776	0.361308	0.929641	-0.072277	0.075467	0.048105	0.995987
0.929601	-0.364683	-0.053368	0.360636	0.929889	-0.072446	0.076046	0.048099	0.995943
0.929588	-0.364729	-0.053273	0.360706	0.929880	-0.072211	0.075875	0.047911	0.995966
0.929741	-0.364348	-0.053208	0.360382	0.930061	-0.071489	0.075534	0.047291	0.996021
0.929923	-0.363860	-0.053372	0.359881	0.930250	-0.071562	0.075688	0.047339	0.996007
0.929994	-0.363681	-0.053359	0.359682	0.930306	-0.071823	0.075761	0.047603	0.995989
0.930050	-0.363517	-0.053506	0.359500	0.930365	-0.071982	0.075947	0.047712	0.995970
0.930235	-0.362961	-0.054063	0.358894	0.930576	-0.072278	0.076544	0.047833	0.995918
0.930392	-0.362452	-0.054761	0.358321	0.930767	-0.072652	0.077302	0.047972	0.995853
0.930623	-0.361795	-0.055190	0.357604	0.931004	-0.073155	0.077849	0.048343	0.995792
0.931120	-0.360419	-0.055805	0.356180	0.931531	-0.073393	0.078437	0.048461	0.995741
0.931459	-0.359472	-0.056253	0.355233	0.931915	-0.073107	0.078703	0.048114	0.995736
0.931447	-0.359546	-0.055981	0.355334	0.931890	-0.072924	0.078387	0.048033	0.995765
0.931251	-0.360156	-0.055310	0.355968	0.931639	-0.073044	0.077836	0.048334	0.995794
0.931376	-0.359885	-0.054973	0.355712	0.931736	-0.073059	0.077513	0.048491	0.995811
0.931467	-0.359671	-0.054818	0.355510	0.931817	-0.073009	0.077340	0.048517	0.995824
0.931465	-0.359658	-0.054956	0.355518	0.931843	-0.072633	0.077334	0.048118	0.995843
0.931535	-0.359469	-0.055002	0.355350	0.931930	-0.072337	0.077261	0.047840	0.995862
0.931605	-0.359208	-0.055519	0.355056	0.932034	-0.072446	0.077769	0.047779	0.995826
0.931624	-0.359099	-0.055888	0.354915	0.932073	-0.072630	0.078173	0.047828	0.995792
0.931685	-0.358954	-0.055818	0.354745	0.932110	-0.072982	0.078226	0.048195	0.995770
0.931614	-0.359099	-0.056066	0.354819	0.932023	-0.073733	0.078732	0.048797	0.995701
0.931446	-0.359512	-0.056215	0.355209	0.931858	-0.073936	0.078965	0.048900	0.995677
0.931315	-0.359874	-0.056063	0.355579	0.931718	-0.073932	0.078841	0.048919	0.995686
