0.999244	-0.015643	-0.035590	0.011609	0.993769	-0.110849	0.037102	0.110352	0.993200
0.999255	-0.014334	-0.035830	0.010324	0.993909	-0.109716	0.037184	0.109264	0.993317
0.999264	-0.014120	-0.035672	0.010151	0.993982	-0.109071	0.036997	0.108628	0.993394
0.999255	-0.014190	-0.035882	0.010181	0.993931	-0.109532	0.037218	0.109085	0.993335
0.999248	-0.013404	-0.036375	0.009352	0.993958	-0.109364	0.037621	0.108941	0.993336
0.999253	-0.012881	-0.036434	0.008816	0.993938	-0.109592	0.037625	0.109188	0.993309
0.999245	-0.012982	-0.036607	0.008877	0.993875	-0.110151	0.037812	0.109743	0.993240
0.999241	-0.012714	-0.036808	0.008583	0.993864	-0.110274	0.037984	0.109875	0.993219
0.999252	-0.012481	-0.036606	0.008360	0.993827	-0.110624	0.037761	0.110235	0.993188
0.999225	-0.012803	-0.037220	0.008610	0.993818	-0.110689	0.038407	0.110283	0.993158
0.999233	-0.013092	-0.036906	0.008958	0.993888	-0.110027	0.038121	0.109612	0.993243
0.999256	-0.012953	-0.036329	0.008901	0.993940	-0.109560	0.037528	0.109155	0.993316
0.999281	-0.012560	-0.035767	0.008575	0.993956	-0.109444	0.036926	0.109059	0.993349
0.999296	-0.012256	-0.035460	0.008305	0.993952	-0.109497	0.036587	0.109125	0.993354
0.999299	-0.011804	-0.035519	0.007836	0.993916	-0.109858	0.036600	0.109502	0.993312
0.999313	-0.012282	-0.034981	0.008373	0.993920	-0.109787	0.036117	0.109419	0.993339
0.999319	-0.014459	-0.033957	0.010647	0.993888	-0.109880	0.035339	0.109444	0.993365
0.999321	-0.015709	-0.033321	0.011977	0.993928	-0.109375	0.034836	0.108902	0.993442
0.999315	-0.014241	-0.034167	0.010434	0.993975	-0.109109	0.035515	0.108677	0.993442
0.999289	-0.011974	-0.035742	0.008029	0.994061	-0.108527	0.036829	0.108163	0.993451
0.999288	-0.010830	-0.036127	0.006861	0.994102	-0.108232	0.037086	0.107907	0.993469
0.999322	-0.011532	-0.034961	0.007683	0.994091	-0.108278	0.036004	0.107936	0.993506
0.999354	-0.011842	-0.033935	0.008122	0.994148	-0.107724	0.035012	0.107378	0.993602
0.999359	-0.011060	-0.034057	0.007358	0.994234	-0.106982	0.035044	0.106662	0.993678
