0.995057	-0.091182	-0.039341	0.087426	0.992236	-0.088455	0.047101	0.084579	0.995303
0.995075	-0.091060	-0.039170	0.087295	0.992202	-0.088968	0.046966	0.085110	0.995264
0.995111	-0.090797	-0.038859	0.087060	0.992223	-0.088961	0.046634	0.085143	0.995277
0.995115	-0.090822	-0.038692	0.087095	0.992213	-0.089036	0.046477	0.085231	0.995277
0.995102	-0.090802	-0.039086	0.087036	0.992208	-0.089153	0.046876	0.085314	0.995251
0.995116	-0.090624	-0.039122	0.086839	0.992194	-0.089493	0.046927	0.085659	0.995219
0.995050	-0.090956	-0.040022	0.087083	0.992153	-0.089711	0.047868	0.085781	0.995163
0.995006	-0.091225	-0.040509	0.087304	0.992124	-0.089824	0.048384	0.085839	0.995133
0.995070	-0.090595	-0.040362	0.086674	0.992153	-0.090109	0.048209	0.086167	0.995114
0.995260	-0.087918	-0.041571	0.083846	0.992295	-0.091214	0.049270	0.087296	0.994963
0.995290	-0.087314	-0.042129	0.083160	0.992287	-0.091925	0.049830	0.087989	0.994874
0.995130	-0.089165	-0.042024	0.085019	0.992138	-0.091832	0.049882	0.087811	0.994887
0.994986	-0.091049	-0.041400	0.086982	0.992025	-0.091222	0.049375	0.087163	0.994970
0.994848	-0.092687	-0.041074	0.088615	0.991827	-0.091797	0.049246	0.087685	0.994930
0.994694	-0.094285	-0.041155	0.090184	0.991652	-0.092162	0.049501	0.087961	0.994893
0.994636	-0.095041	-0.040810	0.090980	0.991603	-0.091906	0.049202	0.087700	0.994931
0.994634	-0.095303	-0.040248	0.091308	0.991605	-0.091558	0.048636	0.087392	0.994986
0.994651	-0.095093	-0.040325	0.091080	0.991603	-0.091801	0.048716	0.087637	0.994960
0.994644	-0.094947	-0.040834	0.090908	0.991652	-0.091445	0.049175	0.087244	0.994973
0.994679	-0.094453	-0.041131	0.090433	0.991777	-0.090560	0.049346	0.086359	0.995041
0.994769	-0.093333	-0.041507	0.089304	0.991916	-0.090151	0.049586	0.085973	0.995063
0.994861	-0.092510	-0.041163	0.088518	0.991998	-0.090027	0.049162	0.085920	0.995088
0.994914	-0.092357	-0.040194	0.088515	0.992119	-0.088680	0.048068	0.084671	0.995249
0.994946	-0.092192	-0.039794	0.088438	0.992226	-0.087557	0.047557	0.083595	0.995364
0.994925	-0.092441	-0.039736	0.088668	0.992162	-0.088054	0.047564	0.084083	0.995323
0.994840	-0.093321	-0.039806	0.089496	0.992006	-0.088969	0.047791	0.084947	0.995239
