0.995688	-0.085390	-0.036255	0.082161	0.993177	-0.082760	0.043075	0.079425	0.995910
0.995790	-0.084053	-0.036569	0.080811	0.993303	-0.082572	0.043265	0.079270	0.995914
0.995887	-0.082492	-0.037481	0.079172	0.993419	-0.082765	0.044061	0.079457	0.995864
0.995852	-0.082511	-0.038355	0.079123	0.993425	-0.082739	0.044930	0.079361	0.995833
0.995691	-0.084389	-0.038438	0.081006	0.993304	-0.082372	0.045132	0.078904	0.995860
0.995505	-0.086748	-0.037995	0.083406	0.993124	-0.082143	0.044859	0.078605	0.995896
0.995310	-0.089106	-0.037649	0.085787	0.992927	-0.082081	0.044697	0.078466	0.995914
0.995174	-0.090991	-0.036736	0.087748	0.992771	-0.081894	0.043922	0.078275	0.995964
0.995034	-0.092653	-0.036368	0.089430	0.992611	-0.082005	0.043697	0.078345	0.995968
0.994980	-0.092946	-0.037085	0.089669	0.992596	-0.081934	0.044425	0.078197	0.995948
0.994963	-0.093077	-0.037215	0.089792	0.992588	-0.081895	0.044562	0.078141	0.995946
0.995024	-0.092488	-0.037052	0.089206	0.992621	-0.082133	0.044375	0.078419	0.995932
0.995173	-0.090878	-0.037035	0.087603	0.992768	-0.082086	0.044227	0.078445	0.995937
0.995328	-0.089041	-0.037336	0.085744	0.992925	-0.082146	0.044386	0.078561	0.995921
0.995338	-0.089138	-0.036835	0.085888	0.992925	-0.081993	0.043883	0.078447	0.995952
0.995280	-0.089861	-0.036634	0.086633	0.992876	-0.081807	0.043724	0.078247	0.995975
0.995195	-0.090585	-0.037157	0.087318	0.992823	-0.081722	0.044293	0.078085	0.995962
0.995124	-0.091321	-0.037260	0.088046	0.992763	-0.081666	0.044448	0.077988	0.995963
0.995081	-0.091633	-0.037632	0.088334	0.992746	-0.081563	0.044833	0.077837	0.995958
0.995020	-0.092052	-0.038237	0.088686	0.992681	-0.081966	0.045503	0.078166	0.995901
0.995041	-0.091697	-0.038539	0.088268	0.992646	-0.082840	0.045852	0.079027	0.995817
0.995158	-0.090318	-0.038759	0.086857	0.992737	-0.083236	0.045995	0.079467	0.995776
0.995304	-0.088464	-0.039289	0.084935	0.992851	-0.083862	0.046427	0.080132	0.995703
0.995267	-0.089020	-0.038985	0.085494	0.992764	-0.084324	0.046209	0.080592	0.995676
0.995167	-0.090119	-0.039011	0.086563	0.992626	-0.084850	0.046369	0.081063	0.995630
