0.919025	-0.389362	-0.061571	0.385329	0.920267	-0.068053	0.083159	0.038817	0.995780
0.918993	-0.389477	-0.061322	0.385466	0.920220	-0.067904	0.082876	0.038766	0.995806
0.919225	-0.388908	-0.061450	0.384891	0.920461	-0.067902	0.082970	0.038765	0.995798
0.919439	-0.388424	-0.061311	0.384447	0.920677	-0.067477	0.082657	0.038471	0.995835
0.919681	-0.387866	-0.061208	0.383939	0.920930	-0.066925	0.082326	0.038050	0.995879
0.919943	-0.387269	-0.061044	0.383404	0.921202	-0.066242	0.081887	0.037534	0.995935
0.920171	-0.386842	-0.060315	0.383056	0.921393	-0.065598	0.080950	0.037258	0.996022
0.920165	-0.387029	-0.059206	0.383366	0.921335	-0.064588	0.079546	0.036734	0.996154
0.920071	-0.387481	-0.057682	0.384018	0.921190	-0.062759	0.077454	0.035592	0.996360
0.920029	-0.387868	-0.055718	0.384672	0.921091	-0.060165	0.074658	0.033920	0.996632
0.920065	-0.387979	-0.054346	0.384981	0.921094	-0.058105	0.072601	0.032538	0.996830
0.920057	-0.388161	-0.053153	0.385371	0.921076	-0.055746	0.070596	0.030806	0.997029
0.920152	-0.388133	-0.051703	0.385505	0.921122	-0.054036	0.068598	0.029790	0.997200
0.920378	-0.387815	-0.050031	0.385411	0.921309	-0.051452	0.066048	0.028073	0.997422
0.920914	-0.386651	-0.049175	0.384448	0.921861	-0.048705	0.064165	0.025948	0.997602
0.921784	-0.384628	-0.048735	0.382544	0.922742	-0.046976	0.063039	0.024658	0.997706
0.922446	-0.383092	-0.048314	0.380988	0.923362	-0.047444	0.062787	0.025358	0.997705
0.922744	-0.382429	-0.047867	0.380356	0.923640	-0.047110	0.062228	0.025264	0.997742
0.922941	-0.381787	-0.049177	0.379712	0.923930	-0.046611	0.063232	0.024347	0.997702
0.922917	-0.381719	-0.050149	0.379626	0.923969	-0.046538	0.064101	0.023913	0.997657
0.922948	-0.381658	-0.050047	0.379551	0.923987	-0.046786	0.064099	0.024186	0.997650
0.923206	-0.380978	-0.050458	0.378860	0.924270	-0.046793	0.064464	0.024083	0.997629
0.923556	-0.380111	-0.050592	0.378025	0.924640	-0.046237	0.064355	0.023578	0.997649
0.923742	-0.379706	-0.050241	0.377655	0.924813	-0.045808	0.063857	0.023341	0.997686
0.923715	-0.379786	-0.050126	0.377741	0.924780	-0.045752	0.063732	0.023327	0.997694
0.923505	-0.380281	-0.050242	0.378227	0.924577	-0.045849	0.063889	0.023339	0.997684
