0.970013	-0.236975	-0.054010	0.233112	0.969981	-0.069250	0.068799	0.054583	0.996136
0.970042	-0.236772	-0.054381	0.232860	0.970013	-0.069653	0.069242	0.054903	0.996088
0.970082	-0.236541	-0.054665	0.232611	0.970069	-0.069698	0.069515	0.054897	0.996069
0.970203	-0.236109	-0.054400	0.232187	0.970165	-0.069786	0.069255	0.055076	0.996078
0.970256	-0.235962	-0.054081	0.232054	0.970192	-0.069842	0.068949	0.055215	0.996091
0.970306	-0.235750	-0.054116	0.231828	0.970234	-0.070006	0.069009	0.055382	0.996078
0.970186	-0.236218	-0.054231	0.232246	0.970089	-0.070629	0.069292	0.055928	0.996027
0.969902	-0.237435	-0.053990	0.233477	0.969794	-0.070633	0.069130	0.055901	0.996040
0.969810	-0.237739	-0.054302	0.233759	0.969721	-0.070696	0.069465	0.055868	0.996019
0.969791	-0.237601	-0.055236	0.233522	0.969730	-0.071352	0.070517	0.056298	0.995921
0.969735	-0.237821	-0.055278	0.233755	0.969690	-0.071132	0.070519	0.056058	0.995934
0.969764	-0.237793	-0.054890	0.233802	0.969733	-0.070389	0.069967	0.055427	0.996008
0.969894	-0.237345	-0.054528	0.233408	0.969864	-0.069886	0.069472	0.055054	0.996064
0.970108	-0.236623	-0.053849	0.232751	0.970050	-0.069501	0.068681	0.054891	0.996127
0.970276	-0.236104	-0.053100	0.232301	0.970186	-0.069098	0.067832	0.054709	0.996196
0.970320	-0.236039	-0.052580	0.232275	0.970204	-0.068934	0.067285	0.054675	0.996235
0.970324	-0.236043	-0.052490	0.232296	0.970212	-0.068757	0.067156	0.054524	0.996252
0.970302	-0.236163	-0.052364	0.232430	0.970187	-0.068663	0.067018	0.054452	0.996265
0.970306	-0.236153	-0.052332	0.232412	0.970181	-0.068807	0.067020	0.054602	0.996256
0.970326	-0.236031	-0.052503	0.232268	0.970202	-0.068990	0.067222	0.054748	0.996235
0.970369	-0.235788	-0.052800	0.231990	0.970249	-0.069268	0.067561	0.054967	0.996200
0.970408	-0.235594	-0.052945	0.231790	0.970299	-0.069231	0.067683	0.054910	0.996195
0.970290	-0.235928	-0.053614	0.232093	0.970232	-0.069156	0.068334	0.054658	0.996164
0.970068	-0.236730	-0.054094	0.232857	0.970037	-0.069319	0.068883	0.054648	0.996127
