0.950396	-0.306714	-0.051719	0.301677	0.949441	-0.086904	0.075759	0.066991	0.994873
0.950271	-0.307066	-0.051912	0.302028	0.949344	-0.086744	0.075919	0.066751	0.994877
0.950201	-0.307224	-0.052265	0.302177	0.949314	-0.086555	0.076207	0.066451	0.994875
0.950393	-0.306587	-0.052514	0.301531	0.949529	-0.086446	0.076367	0.066323	0.994871
0.950798	-0.305275	-0.052817	0.300180	0.949933	-0.086712	0.076644	0.066591	0.994832
0.951159	-0.304151	-0.052799	0.299046	0.950275	-0.086882	0.076599	0.066849	0.994818
0.951323	-0.303624	-0.052881	0.298518	0.950447	-0.086816	0.076620	0.066804	0.994820
0.951121	-0.304241	-0.052970	0.299115	0.950243	-0.086994	0.076801	0.066897	0.994800
0.950828	-0.305155	-0.052986	0.300034	0.949962	-0.086902	0.076854	0.066731	0.994807
0.950602	-0.305809	-0.053270	0.300692	0.949782	-0.086597	0.077077	0.066302	0.994818
0.950418	-0.306375	-0.053295	0.301235	0.949584	-0.086880	0.077226	0.066518	0.994792
0.950454	-0.306234	-0.053469	0.301030	0.949588	-0.087535	0.077580	0.067102	0.994725
0.950447	-0.306242	-0.053542	0.300970	0.949531	-0.088359	0.077899	0.067866	0.994649
0.950299	-0.306781	-0.053076	0.301460	0.949281	-0.089377	0.077803	0.068935	0.994583
0.950394	-0.306537	-0.052790	0.301138	0.949263	-0.090636	0.077895	0.070243	0.994484
0.950390	-0.306598	-0.052510	0.301145	0.949171	-0.091572	0.077917	0.071216	0.994413
0.950199	-0.307186	-0.052519	0.301678	0.948935	-0.092267	0.078181	0.071828	0.994348
0.949988	-0.307862	-0.052373	0.302338	0.948693	-0.092591	0.078192	0.072126	0.994326
0.949811	-0.308372	-0.052585	0.302828	0.948532	-0.092637	0.078445	0.072064	0.994310
0.949694	-0.308666	-0.052968	0.303126	0.948476	-0.092241	0.078711	0.071545	0.994327
0.949664	-0.308797	-0.052757	0.303312	0.948466	-0.091730	0.078364	0.071110	0.994385
0.949669	-0.308725	-0.053080	0.303265	0.948540	-0.091116	0.078479	0.070433	0.994425
0.949749	-0.308384	-0.053634	0.302940	0.948709	-0.090433	0.078771	0.069641	0.994457
0.949925	-0.307862	-0.053514	0.302467	0.948909	-0.089920	0.078463	0.069231	0.994510
0.950202	-0.307074	-0.053126	0.301749	0.949189	-0.089375	0.077872	0.068894	0.994580
