0.992850	0.032658	0.114814	0.003807	0.952692	-0.303913	-0.119308	0.302178	0.945756
0.992844	0.032280	0.114972	0.004248	0.952617	-0.304143	-0.119342	0.302455	0.945663
0.992853	0.032280	0.114895	0.004245	0.952564	-0.304308	-0.119269	0.302620	0.945619
0.992904	0.032713	0.114331	0.003679	0.952509	-0.304488	-0.118862	0.302748	0.945630
0.992897	0.032816	0.114358	0.003618	0.952434	-0.304722	-0.118918	0.302971	0.945551
0.992820	0.032755	0.115046	0.003978	0.952208	-0.305426	-0.119552	0.303691	0.945240
0.992827	0.032661	0.115011	0.004123	0.952037	-0.305955	-0.119487	0.304234	0.945074
0.992825	0.032394	0.115109	0.004430	0.951983	-0.306118	-0.119498	0.304432	0.945009
0.992841	0.031852	0.115122	0.004951	0.951988	-0.306095	-0.119345	0.304473	0.945015
0.992843	0.031353	0.115235	0.005437	0.952056	-0.305874	-0.119300	0.304312	0.945072
0.992838	0.031025	0.115367	0.005768	0.952114	-0.305689	-0.119327	0.304166	0.945116
0.992843	0.031069	0.115315	0.005727	0.952072	-0.305822	-0.119290	0.304294	0.945080
0.992821	0.031275	0.115446	0.005608	0.951975	-0.306124	-0.119476	0.304574	0.944966
0.992798	0.031266	0.115648	0.005686	0.951958	-0.306176	-0.119665	0.304629	0.944924
0.992790	0.031197	0.115733	0.005782	0.951947	-0.306209	-0.119725	0.304671	0.944903
0.992799	0.031111	0.115686	0.005858	0.951925	-0.306274	-0.119653	0.304746	0.944888
0.992856	0.030708	0.115303	0.006177	0.951793	-0.306678	-0.119162	0.305200	0.944803
0.992858	0.030614	0.115307	0.006324	0.951648	-0.307124	-0.119134	0.305660	0.944658
0.992854	0.030700	0.115316	0.006247	0.951643	-0.307142	-0.119169	0.305668	0.944651
0.992852	0.030003	0.115519	0.006947	0.951721	-0.306887	-0.119149	0.305496	0.944709
0.992723	0.029691	0.116707	0.007647	0.951633	-0.307143	-0.120181	0.305800	0.944480
0.992555	0.029344	0.118207	0.008485	0.951526	-0.307451	-0.121499	0.306165	0.944193
0.992509	0.029333	0.118599	0.008571	0.951642	-0.307090	-0.121872	0.305806	0.944262
0.992564	0.029808	0.118018	0.007964	0.951572	-0.307323	-0.121463	0.305978	0.944259
