0.990218	0.124853	0.062291	-0.099585	0.945099	-0.311241	-0.097731	0.301993	0.948287
0.990233	0.124895	0.061964	-0.099702	0.945013	-0.311464	-0.097457	0.302244	0.948236
0.990384	0.124190	0.060965	-0.099305	0.944966	-0.311735	-0.096324	0.302683	0.948211
0.990375	0.124271	0.060938	-0.099381	0.944926	-0.311831	-0.096333	0.302773	0.948182
0.990341	0.124567	0.060889	-0.099722	0.945031	-0.311404	-0.096333	0.302324	0.948325
0.990323	0.124546	0.061230	-0.099668	0.945263	-0.310715	-0.096577	0.301605	0.948529
0.990320	0.124447	0.061482	-0.099531	0.945385	-0.310387	-0.096751	0.301263	0.948620
0.990326	0.124469	0.061339	-0.099588	0.945356	-0.310459	-0.096629	0.301347	0.948606
0.990324	0.124600	0.061107	-0.099775	0.945310	-0.310537	-0.096458	0.301436	0.948595
0.990319	0.124687	0.061005	-0.099841	0.945148	-0.311010	-0.096438	0.301908	0.948447
0.990279	0.124872	0.061280	-0.099888	0.944995	-0.311461	-0.096802	0.302312	0.948281
0.990271	0.124861	0.061431	-0.099817	0.944954	-0.311606	-0.096957	0.302442	0.948224
0.990289	0.124634	0.061601	-0.099572	0.945056	-0.311375	-0.097024	0.302217	0.948288
0.990319	0.124376	0.061633	-0.099359	0.945218	-0.310951	-0.096932	0.301817	0.948426
0.990304	0.124480	0.061660	-0.099496	0.945352	-0.310501	-0.096942	0.301355	0.948571
0.990287	0.124568	0.061756	-0.099566	0.945392	-0.310356	-0.097044	0.301193	0.948612
0.990305	0.124415	0.061776	-0.099403	0.945374	-0.310461	-0.097028	0.301311	0.948577
0.990332	0.124280	0.061612	-0.099298	0.945301	-0.310718	-0.096858	0.301596	0.948503
0.990330	0.124357	0.061503	-0.099378	0.945208	-0.310974	-0.096805	0.301855	0.948426
0.990272	0.124749	0.061635	-0.099695	0.945120	-0.311142	-0.097067	0.301970	0.948363
0.990259	0.124871	0.061594	-0.099809	0.945060	-0.311286	-0.097081	0.302106	0.948318
0.990291	0.124604	0.061621	-0.099520	0.945006	-0.311544	-0.097052	0.302386	0.948232
0.990341	0.124377	0.061280	-0.099349	0.944839	-0.312105	-0.096719	0.303002	0.948069
0.990265	0.124877	0.061481	-0.099711	0.944623	-0.312641	-0.097118	0.303468	0.947879
0.990271	0.124799	0.061549	-0.099633	0.944690	-0.312466	-0.097140	0.303293	0.947933
