0.989750	0.124785	0.069448	-0.101341	0.956349	-0.274092	-0.100619	0.264244	0.959193
0.989803	0.124612	0.069009	-0.101282	0.956330	-0.274180	-0.100162	0.264394	0.959199
0.989833	0.124430	0.068908	-0.101079	0.956202	-0.274701	-0.100071	0.264942	0.959058
0.989814	0.124284	0.069436	-0.100751	0.956112	-0.275134	-0.100583	0.265336	0.958895
0.989870	0.123553	0.069944	-0.099893	0.956157	-0.275291	-0.100891	0.265516	0.958813
0.989903	0.123045	0.070365	-0.099288	0.956217	-0.275301	-0.101159	0.265535	0.958779
0.989914	0.122934	0.070409	-0.099162	0.956209	-0.275374	-0.101179	0.265615	0.958755
0.989932	0.122849	0.070307	-0.099092	0.956174	-0.275521	-0.101073	0.265780	0.958721
0.989957	0.122654	0.070293	-0.098893	0.956155	-0.275659	-0.101021	0.265939	0.958682
0.990027	0.122166	0.070160	-0.098435	0.956144	-0.275862	-0.100784	0.266205	0.958633
0.990099	0.121581	0.070160	-0.097836	0.956109	-0.276196	-0.100661	0.266598	0.958537
0.990140	0.121274	0.070104	-0.097515	0.956033	-0.276571	-0.100562	0.267008	0.958433
0.990131	0.121398	0.070018	-0.097634	0.955955	-0.276798	-0.100537	0.267230	0.958374
0.990124	0.121508	0.069931	-0.097763	0.955940	-0.276806	-0.100484	0.267236	0.958378
0.990244	0.121117	0.068896	-0.097617	0.955823	-0.277260	-0.099433	0.267829	0.958322
0.990281	0.120878	0.068787	-0.097317	0.955580	-0.278203	-0.099360	0.268805	0.958056
0.990286	0.120686	0.069053	-0.097034	0.955532	-0.278464	-0.099589	0.269058	0.957961
0.990270	0.120758	0.069152	-0.097114	0.955631	-0.278098	-0.099666	0.268677	0.958060
0.990256	0.120707	0.069442	-0.097001	0.955685	-0.277952	-0.099916	0.268508	0.958082
0.990252	0.120681	0.069545	-0.096947	0.955688	-0.277961	-0.100008	0.268509	0.958072
0.990302	0.120264	0.069556	-0.096567	0.955797	-0.277717	-0.099881	0.268307	0.958142
0.990324	0.120001	0.069702	-0.096273	0.955822	-0.277734	-0.099951	0.268336	0.958126
0.990321	0.119920	0.069880	-0.096118	0.955759	-0.278002	-0.100127	0.268595	0.958035
0.990383	0.119500	0.069720	-0.095748	0.955773	-0.278084	-0.099867	0.268734	0.958023
0.990420	0.119248	0.069632	-0.095525	0.955786	-0.278116	-0.099718	0.268800	0.958020
0.990448	0.118943	0.069749	-0.095194	0.955804	-0.278165	-0.099752	0.268869	0.957997
