0.992454	0.035414	0.117393	0.001304	0.954283	-0.298902	-0.122612	0.296799	0.947036
0.992728	0.032618	0.115877	0.003382	0.954654	-0.297698	-0.120333	0.295925	0.947601
0.992921	0.029860	0.114963	0.005604	0.955031	-0.296454	-0.118646	0.295000	0.948103
0.993020	0.028341	0.114488	0.006934	0.954993	-0.296546	-0.117740	0.295270	0.948131
0.992869	0.028799	0.115681	0.006924	0.954812	-0.297131	-0.119010	0.295813	0.947803
0.992871	0.027449	0.115992	0.008433	0.954509	-0.298064	-0.118897	0.296917	0.947472
0.992659	0.025795	0.118164	0.010834	0.954101	-0.299290	-0.120461	0.298373	0.946817
0.992730	0.026553	0.117400	0.010001	0.953795	-0.300291	-0.119949	0.299282	0.946595
0.992928	0.030779	0.114656	0.005222	0.953547	-0.301199	-0.118601	0.299668	0.946643
0.993088	0.035221	0.111962	0.000192	0.953425	-0.301630	-0.117371	0.299566	0.946828
0.993054	0.036157	0.111968	-0.000745	0.953527	-0.301308	-0.117658	0.299131	0.946930
0.992917	0.035324	0.113434	0.000426	0.953712	-0.300723	-0.118806	0.298641	0.946942
0.992784	0.034094	0.114964	0.002020	0.953838	-0.300314	-0.119896	0.298380	0.946887
0.992687	0.034012	0.115825	0.002369	0.953813	-0.300391	-0.120692	0.298469	0.946757
0.992579	0.033792	0.116815	0.002910	0.953740	-0.300617	-0.121570	0.298726	0.946564
0.992475	0.033461	0.117790	0.003582	0.953594	-0.301073	-0.122398	0.299229	0.946298
0.992431	0.033269	0.118214	0.003893	0.953598	-0.301059	-0.122745	0.299240	0.946250
0.992506	0.032971	0.117662	0.003989	0.953653	-0.300882	-0.122129	0.299097	0.946375
0.992627	0.032685	0.116715	0.004000	0.953595	-0.301066	-0.121140	0.299313	0.946434
0.992683	0.032824	0.116202	0.003641	0.953771	-0.300514	-0.120694	0.298738	0.946672
0.992782	0.032431	0.115461	0.003724	0.953942	-0.299968	-0.119871	0.298233	0.946936
0.992777	0.031404	0.115794	0.004756	0.954076	-0.299527	-0.119883	0.297914	0.947035
0.992766	0.030827	0.116039	0.005409	0.954011	-0.299721	-0.119942	0.298181	0.946944
0.992775	0.031026	0.115912	0.005194	0.953976	-0.299839	-0.119880	0.298275	0.946922
