0.949203	0.127334	0.287748	-0.050761	0.964451	-0.259341	-0.310541	0.231561	0.921924
0.949059	0.127715	0.288054	-0.050819	0.964248	-0.260085	-0.310972	0.232197	0.921619
0.949035	0.127780	0.288104	-0.050753	0.964156	-0.260438	-0.311056	0.232542	0.921503
0.949039	0.127533	0.288201	-0.050513	0.964197	-0.260333	-0.311084	0.232508	0.921502
0.949112	0.127267	0.288080	-0.050399	0.964302	-0.259963	-0.310881	0.232215	0.921645
0.949187	0.127161	0.287879	-0.050524	0.964441	-0.259425	-0.310631	0.231698	0.921859
0.949180	0.127062	0.287946	-0.050526	0.964537	-0.259068	-0.310652	0.231353	0.921938
0.949222	0.127052	0.287810	-0.050484	0.964485	-0.259267	-0.310529	0.231572	0.921925
0.949109	0.126770	0.288309	-0.049989	0.964447	-0.259505	-0.310957	0.231886	0.921702
0.948918	0.126407	0.289095	-0.049369	0.964440	-0.259652	-0.311637	0.232116	0.921415
0.948823	0.126049	0.289561	-0.048870	0.964452	-0.259701	-0.312003	0.232260	0.921254
0.948866	0.125888	0.289490	-0.048656	0.964408	-0.259903	-0.311906	0.232527	0.921220
0.949044	0.125762	0.288963	-0.048487	0.964276	-0.260424	-0.311392	0.233143	0.921238
0.949034	0.126096	0.288849	-0.048728	0.964162	-0.260801	-0.311383	0.233434	0.921167
0.949091	0.126016	0.288697	-0.048823	0.964266	-0.260398	-0.311196	0.233047	0.921329
0.949218	0.125719	0.288408	-0.048837	0.964459	-0.259679	-0.310805	0.232407	0.921622
0.949339	0.125100	0.288281	-0.048371	0.964586	-0.259295	-0.310510	0.232214	0.921770
0.949529	0.124753	0.287804	-0.048166	0.964617	-0.259217	-0.309958	0.232272	0.921941
0.949630	0.124312	0.287662	-0.047840	0.964701	-0.258965	-0.309701	0.232159	0.922056
0.949660	0.124394	0.287529	-0.047937	0.964681	-0.259022	-0.309594	0.232200	0.922082
0.949616	0.124382	0.287678	-0.047704	0.964546	-0.259567	-0.309764	0.232766	0.921882
0.949704	0.123963	0.287570	-0.047207	0.964491	-0.259862	-0.309572	0.233217	0.921832
0.949751	0.123610	0.287565	-0.046855	0.964512	-0.259849	-0.309480	0.233318	0.921838
0.949802	0.123115	0.287608	-0.046399	0.964581	-0.259673	-0.309391	0.233293	0.921874
