0.997533	0.069591	0.009229	-0.065146	0.966662	-0.247629	-0.026154	0.246417	0.968811
0.997548	0.069448	0.008637	-0.065135	0.966484	-0.248325	-0.025593	0.247154	0.968638
0.997548	0.069433	0.008780	-0.065081	0.966450	-0.248473	-0.025737	0.247293	0.968599
0.997567	0.069202	0.008453	-0.064953	0.966602	-0.247913	-0.025326	0.246761	0.968745
0.997588	0.068833	0.008926	-0.064498	0.966812	-0.247214	-0.025647	0.246042	0.968920
0.997654	0.067859	0.009027	-0.063529	0.966876	-0.247215	-0.025504	0.246062	0.968919
0.997691	0.067339	0.008787	-0.063077	0.966843	-0.247460	-0.025160	0.246335	0.968858
0.997692	0.067381	0.008426	-0.063199	0.966755	-0.247773	-0.024841	0.246668	0.968781
0.997661	0.067826	0.008459	-0.063601	0.966518	-0.248591	-0.025037	0.247472	0.968571
0.997613	0.068545	0.008350	-0.064298	0.966210	-0.249608	-0.025177	0.248475	0.968311
0.997588	0.068900	0.008407	-0.064615	0.966060	-0.250108	-0.025355	0.248961	0.968181
0.997568	0.069148	0.008711	-0.064780	0.966063	-0.250051	-0.025706	0.248879	0.968193
0.997571	0.069086	0.008905	-0.064678	0.966123	-0.249847	-0.025865	0.248664	0.968244
0.997555	0.069306	0.009039	-0.064862	0.966155	-0.249676	-0.026037	0.248480	0.968287
0.997571	0.069042	0.009225	-0.064562	0.966190	-0.249617	-0.026148	0.248415	0.968301
0.997636	0.068098	0.009269	-0.063639	0.966274	-0.249527	-0.025949	0.248347	0.968323
0.997716	0.066928	0.009099	-0.062542	0.966283	-0.249772	-0.025509	0.248633	0.968262
0.997760	0.066296	0.008947	-0.061961	0.966258	-0.250012	-0.025220	0.248897	0.968202
0.997764	0.066249	0.008880	-0.061930	0.966230	-0.250128	-0.025151	0.249019	0.968172
0.997756	0.066325	0.009117	-0.061943	0.966230	-0.250125	-0.025399	0.248999	0.968171
0.997759	0.066328	0.008811	-0.062018	0.966178	-0.250307	-0.025116	0.249200	0.968126
0.997756	0.066454	0.008117	-0.062298	0.966007	-0.250898	-0.024514	0.249829	0.967980
0.997727	0.066846	0.008467	-0.062581	0.965893	-0.251264	-0.024974	0.250163	0.967882
0.997753	0.066428	0.008714	-0.062115	0.965931	-0.251233	-0.025105	0.250127	0.967887
