0.905494	0.262339	0.333555	-0.172189	0.945543	-0.276224	-0.387855	0.192685	0.901355
0.905514	0.261979	0.333784	-0.171992	0.945734	-0.275691	-0.387896	0.192234	0.901434
0.905607	0.260957	0.334332	-0.170691	0.945895	-0.275949	-0.388254	0.192834	0.901151
0.905854	0.259091	0.335111	-0.168268	0.946126	-0.276645	-0.388733	0.194212	0.900649
0.906054	0.257357	0.335905	-0.166228	0.946453	-0.276760	-0.389145	0.194922	0.900318
0.906023	0.256444	0.336689	-0.165283	0.946744	-0.276327	-0.389620	0.194710	0.900158
0.905787	0.256698	0.337128	-0.165594	0.946787	-0.275994	-0.390036	0.194166	0.900095
0.905386	0.257502	0.337594	-0.166600	0.946792	-0.275371	-0.390540	0.193074	0.900112
0.904887	0.258533	0.338141	-0.167722	0.946705	-0.274988	-0.391213	0.192120	0.900023
0.904558	0.259122	0.338572	-0.168130	0.946558	-0.275247	-0.391800	0.192053	0.899782
0.904531	0.259300	0.338507	-0.167880	0.946301	-0.276281	-0.391969	0.193077	0.899490
0.904439	0.259891	0.338300	-0.167671	0.945750	-0.278286	-0.392271	0.194969	0.898950
0.904482	0.259751	0.338292	-0.166988	0.945507	-0.279519	-0.392462	0.196329	0.898570
0.904807	0.259315	0.337756	-0.166591	0.945534	-0.279665	-0.391881	0.196776	0.898726
0.905233	0.259099	0.336779	-0.166589	0.945535	-0.279665	-0.390897	0.197058	0.899093
0.905729	0.259173	0.335388	-0.166825	0.945383	-0.280035	-0.389647	0.197685	0.899497
0.905858	0.259578	0.334725	-0.167146	0.945154	-0.280618	-0.389208	0.198253	0.899562
0.905981	0.259655	0.334331	-0.167379	0.945155	-0.280476	-0.388822	0.198146	0.899753
0.905917	0.259812	0.334383	-0.167580	0.945153	-0.280363	-0.388885	0.197949	0.899769
0.906002	0.260123	0.333910	-0.167959	0.945049	-0.280485	-0.388522	0.198037	0.899907
0.906110	0.260294	0.333485	-0.168251	0.945008	-0.280449	-0.388145	0.198008	0.900075
0.906293	0.259994	0.333220	-0.168102	0.945105	-0.280210	-0.387781	0.197938	0.900248
0.906364	0.259676	0.333275	-0.167671	0.945122	-0.280412	-0.387802	0.198275	0.900165
0.906268	0.259674	0.333537	-0.167384	0.945018	-0.280934	-0.388150	0.198773	0.899905
0.906111	0.260054	0.333670	-0.167554	0.944853	-0.281387	-0.388445	0.199060	0.899714
0.905813	0.260459	0.334162	-0.167843	0.944788	-0.281433	-0.389014	0.198839	0.899517
