0.908847	0.192407	0.370105	-0.113788	0.967970	-0.223798	-0.401311	0.161285	0.901630
0.908665	0.192859	0.370316	-0.114122	0.967876	-0.224037	-0.401627	0.161313	0.901484
0.908767	0.193271	0.369849	-0.114719	0.967841	-0.223883	-0.401225	0.161028	0.901714
0.908933	0.193693	0.369221	-0.115416	0.967825	-0.223594	-0.400649	0.160618	0.902043
0.908831	0.194539	0.369027	-0.116207	0.967654	-0.223925	-0.400653	0.160627	0.902040
0.908747	0.195095	0.368939	-0.116521	0.967462	-0.224587	-0.400750	0.161103	0.901912
0.908572	0.195411	0.369205	-0.116258	0.967207	-0.225820	-0.401225	0.162251	0.901495
0.908545	0.195136	0.369415	-0.115533	0.967088	-0.226700	-0.401494	0.163287	0.901188
0.908696	0.194815	0.369213	-0.115154	0.967093	-0.226874	-0.401262	0.163643	0.901227
0.908731	0.194949	0.369056	-0.115497	0.967141	-0.226491	-0.401084	0.163194	0.901388
0.908643	0.195595	0.368931	-0.116233	0.967066	-0.226434	-0.401070	0.162866	0.901453
0.908696	0.195755	0.368717	-0.116356	0.967005	-0.226633	-0.400915	0.163037	0.901491
0.908773	0.195259	0.368790	-0.115642	0.967000	-0.227021	-0.400948	0.163662	0.901363
0.908843	0.194232	0.369160	-0.114405	0.967109	-0.227183	-0.401144	0.164240	0.901171
0.908953	0.193240	0.369409	-0.113375	0.967269	-0.227017	-0.401187	0.164466	0.901110
0.909229	0.192942	0.368884	-0.112981	0.967220	-0.227422	-0.400671	0.165102	0.901223
0.909125	0.194195	0.368484	-0.114525	0.967109	-0.227121	-0.400470	0.164281	0.901463
0.909253	0.196049	0.367184	-0.116811	0.966869	-0.226978	-0.399517	0.163489	0.902029
0.909612	0.197559	0.365481	-0.118852	0.966678	-0.226734	-0.398096	0.162801	0.902782
0.909395	0.198452	0.365537	-0.119612	0.966489	-0.227138	-0.398364	0.162835	0.902658
0.909174	0.198553	0.366033	-0.119410	0.966400	-0.227621	-0.398929	0.163239	0.902335
0.909076	0.198719	0.366186	-0.119512	0.966363	-0.227726	-0.399122	0.163257	0.902246
0.909168	0.198913	0.365851	-0.119913	0.966383	-0.227429	-0.398791	0.162901	0.902457
0.908970	0.199554	0.365994	-0.120731	0.966369	-0.227059	-0.398996	0.162204	0.902492
0.909025	0.199664	0.365797	-0.120822	0.966324	-0.227202	-0.398842	0.162336	0.902536
