0.906374	0.169115	0.387151	-0.077121	0.967219	-0.241951	-0.415377	0.189441	0.889704
0.906399	0.168642	0.387298	-0.076498	0.967224	-0.242129	-0.415437	0.189838	0.889592
0.906612	0.167781	0.387176	-0.075494	0.967241	-0.242374	-0.415158	0.190509	0.889579
0.906774	0.167277	0.387014	-0.074902	0.967238	-0.242569	-0.414911	0.190967	0.889596
0.906687	0.167295	0.387210	-0.074983	0.967289	-0.242340	-0.415086	0.190693	0.889573
0.906432	0.167967	0.387515	-0.075750	0.967294	-0.242084	-0.415504	0.190079	0.889509
0.906337	0.168580	0.387471	-0.076512	0.967286	-0.241874	-0.415571	0.189574	0.889586
0.906632	0.168393	0.386861	-0.076322	0.967232	-0.242152	-0.414961	0.190016	0.889776
0.906734	0.168448	0.386598	-0.076192	0.967109	-0.242684	-0.414762	0.190594	0.889745
0.906581	0.168110	0.387104	-0.075794	0.967182	-0.242517	-0.415169	0.190521	0.889571
0.906392	0.167974	0.387605	-0.075867	0.967354	-0.241807	-0.415569	0.189766	0.889546
0.906462	0.168230	0.387331	-0.076283	0.967364	-0.241634	-0.415340	0.189486	0.889712
0.906747	0.168392	0.386592	-0.076388	0.967230	-0.242139	-0.414697	0.190028	0.889896
0.906959	0.168123	0.386213	-0.076217	0.967259	-0.242076	-0.414266	0.190117	0.890078
0.907093	0.168291	0.385825	-0.076449	0.967221	-0.242153	-0.413931	0.190160	0.890225
0.906894	0.168683	0.386120	-0.076603	0.967103	-0.242576	-0.414336	0.190413	0.889982
0.906879	0.168985	0.386024	-0.076715	0.966970	-0.243073	-0.414350	0.190824	0.889888
0.906900	0.169006	0.385967	-0.076711	0.966949	-0.243158	-0.414305	0.190912	0.889890
0.907037	0.169074	0.385614	-0.076880	0.966944	-0.243124	-0.413973	0.190876	0.890052
0.907057	0.169390	0.385428	-0.077292	0.966928	-0.243055	-0.413853	0.190674	0.890151
0.906965	0.169804	0.385462	-0.077851	0.966952	-0.242784	-0.413949	0.190187	0.890211
0.906826	0.170130	0.385644	-0.078237	0.966963	-0.242613	-0.414180	0.189836	0.890178
0.906706	0.170527	0.385752	-0.078649	0.966937	-0.242583	-0.414365	0.189612	0.890140
0.906655	0.170736	0.385781	-0.078815	0.966897	-0.242692	-0.414446	0.189632	0.890098
0.906525	0.171087	0.385929	-0.078968	0.966783	-0.243095	-0.414700	0.189895	0.889923
0.906514	0.170669	0.386141	-0.078570	0.966867	-0.242889	-0.414801	0.189843	0.889888
