0.980174	0.041953	0.193646	-0.000191	0.977527	-0.210812	-0.198138	0.206596	0.958154
0.980806	0.040437	0.190746	0.000618	0.977610	-0.210426	-0.194984	0.206505	0.958821
0.981383	0.039273	0.188003	0.001139	0.977663	-0.210176	-0.192057	0.206477	0.959417
0.981991	0.038386	0.184989	0.001286	0.977762	-0.209716	-0.188926	0.206177	0.960103
0.982647	0.037614	0.181632	0.001216	0.977896	-0.209088	-0.185482	0.205681	0.960881
0.983355	0.036160	0.178060	0.001709	0.978112	-0.208071	-0.181686	0.204912	0.961770
0.984012	0.034535	0.174721	0.002457	0.978295	-0.207200	-0.178085	0.204317	0.962570
0.984664	0.032494	0.171406	0.003737	0.978348	-0.206933	-0.174419	0.204400	0.963223
0.985387	0.029826	0.167698	0.005590	0.978356	-0.206852	-0.170238	0.204766	0.963893
0.986005	0.027172	0.164489	0.007569	0.978316	-0.206981	-0.166546	0.205329	0.964418
0.986352	0.026404	0.162519	0.008089	0.978095	-0.208003	-0.164451	0.206478	0.964532
0.986530	0.026066	0.161491	0.008420	0.977823	-0.209262	-0.163364	0.207803	0.964432
0.986759	0.025566	0.160164	0.008886	0.977494	-0.210774	-0.161948	0.209406	0.964325
0.986948	0.027178	0.158727	0.007266	0.977136	-0.212490	-0.160873	0.210870	0.964185
0.987059	0.029643	0.157592	0.004704	0.976990	-0.213235	-0.160286	0.211216	0.964207
0.987255	0.032239	0.155845	0.001791	0.976954	-0.213444	-0.159134	0.211003	0.964445
0.987248	0.034571	0.155391	-0.000636	0.976982	-0.213321	-0.159189	0.210502	0.964545
0.987137	0.036736	0.155599	-0.002716	0.976957	-0.213420	-0.159853	0.210252	0.964490
0.986806	0.038736	0.157204	-0.004375	0.976984	-0.213268	-0.161847	0.209766	0.964263
0.986450	0.040608	0.158956	-0.005896	0.977032	-0.213012	-0.163955	0.209188	0.964033
0.986134	0.042840	0.160328	-0.007996	0.977250	-0.211940	-0.165761	0.207720	0.964042
0.985793	0.045953	0.161557	-0.010950	0.977384	-0.211188	-0.167608	0.206419	0.964002
0.985577	0.048744	0.162056	-0.013765	0.977536	-0.210317	-0.168667	0.205053	0.964108
0.985248	0.051023	0.163348	-0.015902	0.977685	-0.209473	-0.170391	0.203786	0.964074
0.984977	0.052484	0.164515	-0.017183	0.977754	-0.209052	-0.171827	0.203084	0.963967
0.984802	0.053104	0.165364	-0.017639	0.977768	-0.208944	-0.172784	0.202852	0.963845
