0.956362	0.125834	0.263698	-0.060972	0.968591	-0.241070	-0.285751	0.214472	0.933996
0.956271	0.126130	0.263889	-0.061201	0.968554	-0.241160	-0.286008	0.214464	0.933919
0.956157	0.125974	0.264374	-0.060829	0.968495	-0.241489	-0.286466	0.214820	0.933697
0.956215	0.126177	0.264068	-0.060927	0.968344	-0.242071	-0.286252	0.215384	0.933632
0.956385	0.127097	0.263009	-0.061976	0.968170	-0.242498	-0.285458	0.215621	0.933821
0.956634	0.127833	0.261743	-0.063060	0.968136	-0.242354	-0.284384	0.215339	0.934214
0.956755	0.127752	0.261341	-0.063254	0.968273	-0.241756	-0.283935	0.214771	0.934481
0.956693	0.127636	0.261626	-0.063163	0.968356	-0.241449	-0.284165	0.214467	0.934481
0.956504	0.128543	0.261872	-0.064024	0.968299	-0.241449	-0.284607	0.214181	0.934412
0.956595	0.129686	0.260976	-0.065290	0.968134	-0.241773	-0.284014	0.214239	0.934579
0.956616	0.130214	0.260635	-0.065766	0.967988	-0.242226	-0.283833	0.214576	0.934557
0.956365	0.130203	0.261558	-0.065496	0.967970	-0.242370	-0.284738	0.214663	0.934261
0.956293	0.129740	0.262053	-0.064875	0.967981	-0.242494	-0.285123	0.214894	0.934091
0.956302	0.129275	0.262247	-0.064302	0.967973	-0.242681	-0.285221	0.215213	0.933987
0.956337	0.128833	0.262340	-0.063724	0.967922	-0.243036	-0.285236	0.215707	0.933869
0.956524	0.128145	0.261993	-0.063197	0.968029	-0.242748	-0.284723	0.215637	0.934041
0.956805	0.127457	0.261301	-0.063001	0.968320	-0.241634	-0.283821	0.214735	0.934524
0.956953	0.126895	0.261035	-0.062711	0.968517	-0.240919	-0.283389	0.214179	0.934783
0.957223	0.125937	0.260507	-0.061861	0.968569	-0.240930	-0.282661	0.214508	0.934927
0.957437	0.125016	0.260165	-0.061024	0.968635	-0.240878	-0.282118	0.214749	0.935036
0.957514	0.124592	0.260084	-0.060598	0.968649	-0.240931	-0.281948	0.214934	0.935045
0.957455	0.124551	0.260323	-0.060384	0.968566	-0.241316	-0.282196	0.215330	0.934879
0.957188	0.124507	0.261323	-0.059989	0.968493	-0.241708	-0.283184	0.215684	0.934499
0.956890	0.124077	0.262617	-0.059221	0.968516	-0.241806	-0.284351	0.215829	0.934111
0.956766	0.124205	0.263005	-0.059062	0.968363	-0.242456	-0.284798	0.216440	0.933833
