0.925463	0.156354	0.345066	-0.096784	0.978212	-0.183667	-0.366265	0.136581	0.920432
0.925342	0.156537	0.345309	-0.096607	0.978073	-0.184501	-0.366619	0.137367	0.920174
0.925382	0.157056	0.344965	-0.096771	0.977848	-0.185601	-0.366473	0.138369	0.920082
0.925378	0.157681	0.344691	-0.097174	0.977664	-0.186358	-0.366377	0.138957	0.920032
0.925570	0.157264	0.344367	-0.096745	0.977687	-0.186461	-0.366007	0.139267	0.920132
0.925820	0.156285	0.344139	-0.095904	0.977846	-0.186065	-0.365594	0.139258	0.920298
0.925969	0.155925	0.343902	-0.095679	0.977924	-0.185770	-0.365276	0.139113	0.920446
0.925883	0.156144	0.344034	-0.095893	0.977904	-0.185761	-0.365438	0.139003	0.920399
0.925937	0.156257	0.343837	-0.095919	0.977842	-0.186076	-0.365293	0.139314	0.920409
0.925985	0.156049	0.343803	-0.095546	0.977803	-0.186475	-0.365271	0.139824	0.920340
0.925854	0.155959	0.344196	-0.095136	0.977721	-0.187110	-0.365710	0.140491	0.920064
0.925905	0.155651	0.344199	-0.094629	0.977683	-0.187566	-0.365712	0.141097	0.919971
0.925894	0.155954	0.344091	-0.094832	0.977599	-0.187902	-0.365687	0.141346	0.919942
0.926141	0.156068	0.343374	-0.095027	0.977560	-0.188008	-0.365011	0.141492	0.920188
0.926106	0.155978	0.343510	-0.094866	0.977554	-0.188118	-0.365142	0.141630	0.920116
0.925738	0.155993	0.344493	-0.094658	0.977543	-0.188281	-0.366127	0.141690	0.919715
0.925412	0.156419	0.345176	-0.095009	0.977515	-0.188250	-0.366861	0.141414	0.919465
0.924975	0.157143	0.346015	-0.095576	0.977430	-0.188405	-0.367812	0.141200	0.919118
0.925017	0.157088	0.345928	-0.095238	0.977321	-0.189140	-0.367795	0.142013	0.918999
0.925272	0.156532	0.345498	-0.094599	0.977324	-0.189446	-0.367318	0.142605	0.919098
0.925589	0.155316	0.345198	-0.093149	0.977358	-0.189984	-0.366890	0.143692	0.919100
0.925373	0.154252	0.346253	-0.091779	0.977453	-0.190161	-0.367779	0.144191	0.918666
0.925256	0.154231	0.346574	-0.091596	0.977418	-0.190431	-0.368118	0.144452	0.918489
0.925285	0.155096	0.346110	-0.092395	0.977249	-0.190910	-0.367845	0.144668	0.918565
