0.894706	-0.441537	0.067420	0.398194	0.856875	0.327425	-0.202341	-0.266103	0.942469
0.894687	-0.441172	0.070021	0.396930	0.857087	0.328402	-0.204896	-0.266024	0.941939
0.894333	-0.441659	0.071461	0.396920	0.856940	0.328799	-0.206454	-0.265691	0.941692
0.893284	-0.443848	0.071006	0.399466	0.856324	0.327317	-0.206083	-0.264022	0.942243
0.892693	-0.445144	0.070326	0.401198	0.856052	0.325906	-0.205278	-0.262719	0.942783
0.892537	-0.445575	0.069578	0.401933	0.855921	0.325344	-0.204519	-0.262416	0.943032
0.892571	-0.445624	0.068824	0.402133	0.855742	0.325568	-0.203976	-0.262916	0.943011
0.892441	-0.445948	0.068408	0.402504	0.855477	0.325806	-0.203814	-0.263228	0.942959
0.892087	-0.446621	0.068638	0.403146	0.855279	0.325532	-0.204094	-0.262731	0.943037
0.892073	-0.446621	0.068810	0.403088	0.855284	0.325590	-0.204267	-0.262714	0.943004
0.893001	-0.444703	0.069196	0.401058	0.856083	0.325998	-0.204210	-0.263365	0.942835
0.894533	-0.441508	0.069866	0.397504	0.857191	0.327437	-0.204455	-0.265131	0.942286
0.895333	-0.439756	0.070660	0.395498	0.857921	0.327951	-0.204839	-0.265680	0.942048
0.895613	-0.439049	0.071506	0.394632	0.858389	0.327772	-0.205288	-0.265338	0.942047
0.895529	-0.439170	0.071813	0.394808	0.858559	0.327115	-0.205314	-0.264588	0.942252
0.895189	-0.439894	0.071628	0.395914	0.858683	0.325447	-0.204668	-0.262978	0.942843
0.894436	-0.442020	0.067845	0.399239	0.857625	0.324172	-0.201476	-0.262865	0.943562
0.894408	-0.442702	0.063630	0.401174	0.856998	0.323441	-0.197719	-0.263762	0.944106
0.893755	-0.444118	0.062947	0.402551	0.856058	0.324219	-0.197878	-0.264433	0.943885
0.893841	-0.443991	0.062619	0.402327	0.855818	0.325129	-0.197944	-0.265420	0.943594
0.893573	-0.444543	0.062520	0.402473	0.855007	0.327075	-0.198854	-0.267103	0.942928
0.892870	-0.445908	0.062843	0.403371	0.854005	0.328585	-0.200187	-0.268034	0.942381
0.892181	-0.447305	0.062701	0.404470	0.852986	0.329878	-0.201039	-0.268950	0.941939
0.891747	-0.448262	0.062036	0.405413	0.852259	0.330597	-0.201065	-0.269659	0.941731
0.891334	-0.449143	0.061597	0.406406	0.851841	0.330455	-0.200892	-0.269513	0.941810
