0.976258	-0.207985	0.060523	0.200197	0.973036	0.114549	-0.082715	-0.099713	0.991572
0.976771	-0.205986	0.059068	0.198391	0.973464	0.114058	-0.080995	-0.099690	0.991717
0.976799	-0.205939	0.058756	0.198341	0.973425	0.114476	-0.080770	-0.100166	0.991687
0.976650	-0.206692	0.058600	0.199054	0.973202	0.115135	-0.080827	-0.100782	0.991620
0.976522	-0.207262	0.058710	0.199579	0.973048	0.115522	-0.081071	-0.101093	0.991568
0.976619	-0.207003	0.058007	0.199417	0.973117	0.115227	-0.080300	-0.100965	0.991644
0.976723	-0.206343	0.058616	0.198785	0.973373	0.114146	-0.080608	-0.099837	0.991733
0.976849	-0.205544	0.059302	0.197986	0.973630	0.113340	-0.081035	-0.098975	0.991785
0.976955	-0.205026	0.059365	0.197440	0.973707	0.113630	-0.081101	-0.099290	0.991748
0.976829	-0.205619	0.059380	0.197975	0.973521	0.114292	-0.081309	-0.099888	0.991671
0.976636	-0.206489	0.059537	0.198754	0.973259	0.115168	-0.081726	-0.100644	0.991560
0.976716	-0.206263	0.059006	0.198514	0.973208	0.116007	-0.081353	-0.101592	0.991494
0.976819	-0.205803	0.058913	0.198041	0.973270	0.116298	-0.081273	-0.101935	0.991466
0.976817	-0.205757	0.059100	0.198022	0.973339	0.115750	-0.081341	-0.101363	0.991519
0.976744	-0.206000	0.059459	0.198300	0.973387	0.114869	-0.081539	-0.100407	0.991600
0.976678	-0.206260	0.059646	0.198615	0.973431	0.113945	-0.081564	-0.099441	0.991695
0.976663	-0.206281	0.059819	0.198691	0.973517	0.113075	-0.081560	-0.098551	0.991784
0.976632	-0.206519	0.059492	0.198998	0.973508	0.112618	-0.081173	-0.098148	0.991856
0.976521	-0.207109	0.059273	0.199569	0.973335	0.113103	-0.081117	-0.098618	0.991814
0.976348	-0.208001	0.058993	0.200424	0.973071	0.113851	-0.081085	-0.099334	0.991745
0.976177	-0.208820	0.058931	0.201200	0.972845	0.114414	-0.081223	-0.099832	0.991684
0.976067	-0.209294	0.059072	0.201649	0.972739	0.114531	-0.081433	-0.099878	0.991662
0.976023	-0.209343	0.059619	0.201663	0.972764	0.114291	-0.081922	-0.099528	0.991657
0.976228	-0.208595	0.058886	0.201069	0.972999	0.113330	-0.080936	-0.098796	0.991811
