0.893900	-0.443770	0.063328	0.404531	0.859460	0.312542	-0.193125	-0.253763	0.947791
0.894140	-0.443193	0.063977	0.403797	0.859785	0.312598	-0.193548	-0.253673	0.947728
0.893562	-0.444350	0.064036	0.404857	0.859219	0.312785	-0.194006	-0.253567	0.947663
0.893206	-0.445205	0.063043	0.405991	0.858785	0.312506	-0.193270	-0.253537	0.947822
0.893058	-0.445791	0.060976	0.407127	0.858318	0.312310	-0.191562	-0.254086	0.948021
0.893573	-0.445088	0.058505	0.407196	0.858480	0.311774	-0.188993	-0.254770	0.948353
0.893312	-0.445638	0.058310	0.407777	0.858209	0.311760	-0.188974	-0.254722	0.948370
0.893271	-0.445712	0.058375	0.407830	0.858183	0.311762	-0.189053	-0.254681	0.948365
0.893411	-0.445442	0.058291	0.407489	0.858156	0.312284	-0.189127	-0.255245	0.948199
0.893450	-0.445338	0.058484	0.407291	0.858163	0.312523	-0.189368	-0.255404	0.948108
0.893551	-0.445126	0.058564	0.407012	0.858194	0.312801	-0.189495	-0.255668	0.948011
0.893692	-0.444840	0.058578	0.406679	0.858251	0.313078	-0.189544	-0.255973	0.947919
0.893817	-0.444677	0.057905	0.406597	0.858107	0.313577	-0.189130	-0.256737	0.947795
0.893691	-0.444903	0.058122	0.406807	0.858099	0.313327	-0.189275	-0.256373	0.947865
0.893890	-0.444386	0.059007	0.406236	0.858652	0.312554	-0.189561	-0.255418	0.948066
0.894410	-0.443252	0.059649	0.405141	0.859460	0.311754	-0.189451	-0.254670	0.948289
0.894398	-0.443181	0.060361	0.405010	0.859742	0.311145	-0.189788	-0.253840	0.948444
0.894086	-0.443746	0.060824	0.405458	0.859574	0.311024	-0.190299	-0.253420	0.948454
0.894020	-0.443932	0.060439	0.405712	0.859411	0.311145	-0.190069	-0.253649	0.948439
0.893959	-0.444092	0.060163	0.405927	0.859292	0.311193	-0.189896	-0.253772	0.948441
0.893785	-0.444422	0.060304	0.406227	0.859184	0.311099	-0.190071	-0.253559	0.948462
0.893847	-0.444309	0.060222	0.406148	0.859237	0.311056	-0.189950	-0.253577	0.948482
0.893860	-0.444270	0.060322	0.406014	0.859172	0.311409	-0.190177	-0.253865	0.948359
0.893733	-0.444472	0.060713	0.406025	0.859019	0.311818	-0.190748	-0.254031	0.948200
0.893840	-0.444189	0.061206	0.405519	0.859063	0.312353	-0.191324	-0.254374	0.947992
