0.966150	-0.247819	0.071694	0.238354	0.963806	0.119441	-0.098699	-0.098309	0.990249
0.966163	-0.248053	0.070700	0.238719	0.963755	0.119117	-0.097685	-0.098209	0.990360
0.966093	-0.248202	0.071138	0.238869	0.963775	0.118655	-0.098011	-0.097639	0.990384
0.966160	-0.247676	0.072054	0.238262	0.963935	0.118581	-0.098825	-0.097400	0.990327
0.966383	-0.246586	0.072802	0.237111	0.964231	0.118481	-0.099414	-0.097236	0.990284
0.966409	-0.246213	0.073711	0.236672	0.964365	0.118263	-0.100202	-0.096845	0.990243
0.966112	-0.247163	0.074421	0.237452	0.964055	0.119226	-0.101215	-0.097515	0.990074
0.966294	-0.246803	0.073237	0.237153	0.964058	0.119790	-0.100169	-0.098384	0.990094
0.966475	-0.246464	0.071978	0.236979	0.964150	0.119399	-0.098825	-0.098339	0.990234
0.966334	-0.247073	0.071793	0.237629	0.964021	0.119150	-0.098648	-0.098078	0.990277
0.966251	-0.247520	0.071363	0.238119	0.963901	0.119135	-0.098275	-0.098121	0.990310
0.966114	-0.247989	0.071589	0.238617	0.963842	0.118616	-0.098417	-0.097514	0.990356
0.966108	-0.247919	0.071910	0.238624	0.963974	0.117526	-0.098456	-0.096383	0.990463
0.966144	-0.247753	0.072007	0.238480	0.964048	0.117213	-0.098458	-0.096073	0.990493
0.966089	-0.247906	0.072208	0.238582	0.963985	0.117525	-0.098743	-0.096312	0.990441
0.965998	-0.248184	0.072479	0.238816	0.963906	0.117696	-0.099073	-0.096385	0.990401
0.965978	-0.248162	0.072811	0.238771	0.963928	0.117605	-0.099369	-0.096219	0.990388
0.966116	-0.247784	0.072266	0.238445	0.964007	0.117621	-0.098810	-0.096404	0.990426
0.966168	-0.247697	0.071876	0.238418	0.964041	0.117398	-0.098370	-0.096289	0.990481
0.966053	-0.247924	0.072633	0.238627	0.964057	0.116841	-0.098990	-0.095542	0.990491
0.966195	-0.247191	0.073239	0.237885	0.964298	0.116364	-0.099388	-0.095008	0.990503
0.966452	-0.246132	0.073410	0.236849	0.964597	0.115992	-0.099360	-0.094714	0.990534
0.966368	-0.246349	0.073787	0.237072	0.964593	0.115573	-0.099645	-0.094193	0.990555
0.966220	-0.246982	0.073608	0.237696	0.964409	0.115824	-0.099594	-0.094415	0.990539
0.966182	-0.247314	0.072999	0.237999	0.964231	0.116679	-0.099244	-0.095360	0.990483
0.966142	-0.247637	0.072424	0.238301	0.964064	0.117443	-0.098905	-0.096208	0.990435
