0.994315	-0.103330	0.025705	0.096259	0.975493	0.197857	-0.045520	-0.194258	0.979894
0.994221	-0.104165	0.025959	0.097058	0.975540	0.197236	-0.045869	-0.193577	0.980012
0.994152	-0.104894	0.025689	0.097873	0.975666	0.196207	-0.045645	-0.192545	0.980226
0.993990	-0.106505	0.025292	0.099555	0.975600	0.195686	-0.045516	-0.191992	0.980340
0.993884	-0.107574	0.024943	0.100684	0.975541	0.195402	-0.045353	-0.191696	0.980406
0.993843	-0.107971	0.024875	0.101079	0.975467	0.195570	-0.045380	-0.191851	0.980374
0.993956	-0.107347	0.022971	0.100823	0.975449	0.195792	-0.043424	-0.192293	0.980376
0.993942	-0.107737	0.021740	0.101433	0.975338	0.196026	-0.042323	-0.192634	0.980358
0.993840	-0.108656	0.021811	0.102312	0.975201	0.196255	-0.042595	-0.192814	0.980310
0.993955	-0.107596	0.021824	0.101247	0.975215	0.196737	-0.042451	-0.193338	0.980213
0.994119	-0.106085	0.021774	0.099761	0.975302	0.197062	-0.042142	-0.193731	0.980149
0.994086	-0.106354	0.021940	0.099976	0.975203	0.197442	-0.042394	-0.194081	0.980069
0.994040	-0.106755	0.022107	0.100307	0.975030	0.198127	-0.042706	-0.194729	0.979927
0.994094	-0.106302	0.021851	0.099890	0.974967	0.198647	-0.042420	-0.195291	0.979828
0.994132	-0.105891	0.022115	0.099445	0.975058	0.198425	-0.042575	-0.195061	0.979867
0.994111	-0.105830	0.023298	0.099213	0.975347	0.197115	-0.043585	-0.193643	0.980103
0.994155	-0.105376	0.023505	0.098792	0.975684	0.195654	-0.043551	-0.192189	0.980391
0.994080	-0.105990	0.023880	0.099362	0.975804	0.194766	-0.043945	-0.191241	0.980559
0.993958	-0.107011	0.024434	0.100284	0.975821	0.194209	-0.044626	-0.190585	0.980656
0.993958	-0.107006	0.024456	0.100280	0.975839	0.194119	-0.044637	-0.190493	0.980673
0.994007	-0.106557	0.024392	0.099858	0.975914	0.193961	-0.044472	-0.190363	0.980706
0.993981	-0.106781	0.024469	0.100081	0.975973	0.193548	-0.044548	-0.189935	0.980786
0.993863	-0.107785	0.024896	0.100993	0.975909	0.193399	-0.045142	-0.189697	0.980804
0.993798	-0.108337	0.025064	0.101486	0.975784	0.193769	-0.045449	-0.190024	0.980727
0.993876	-0.107765	0.024444	0.101020	0.975733	0.194270	-0.044786	-0.190611	0.980644
