0.993420	-0.112117	0.023374	0.105751	0.976341	0.188615	-0.043968	-0.184902	0.981773
0.993353	-0.112631	0.023762	0.106221	0.976443	0.187818	-0.044356	-0.184045	0.981916
0.993309	-0.112886	0.024359	0.106398	0.976578	0.187018	-0.044900	-0.183175	0.982054
0.993394	-0.112148	0.024311	0.105693	0.976700	0.186780	-0.044692	-0.182977	0.982101
0.993511	-0.111281	0.023495	0.104998	0.976811	0.186591	-0.043715	-0.182913	0.982157
0.993444	-0.111751	0.024087	0.105350	0.976766	0.186629	-0.044384	-0.182868	0.982135
0.993446	-0.111641	0.024518	0.105138	0.976682	0.187188	-0.044844	-0.183383	0.982018
0.993554	-0.110685	0.024495	0.104179	0.976692	0.187669	-0.044697	-0.183907	0.981927
0.993580	-0.110427	0.024576	0.103921	0.976761	0.187451	-0.044705	-0.183694	0.981966
0.993557	-0.110562	0.024903	0.104001	0.976783	0.187294	-0.045033	-0.183497	0.981988
0.993610	-0.110195	0.024414	0.103722	0.976779	0.187469	-0.044505	-0.183739	0.981967
0.993607	-0.110262	0.024223	0.103831	0.976800	0.187299	-0.044313	-0.183587	0.982004
0.993539	-0.110866	0.024269	0.104420	0.976750	0.187230	-0.044462	-0.183486	0.982016
0.993517	-0.111088	0.024150	0.104647	0.976675	0.187496	-0.044415	-0.183753	0.981968
0.993551	-0.110864	0.023779	0.104476	0.976611	0.187926	-0.044057	-0.184230	0.981895
0.993494	-0.111359	0.023837	0.104939	0.976505	0.188216	-0.044237	-0.184490	0.981838
0.993446	-0.111773	0.023900	0.105345	0.976508	0.187975	-0.044349	-0.184225	0.981883
0.993415	-0.112012	0.024075	0.105564	0.976556	0.187600	-0.044524	-0.183823	0.981950
0.993425	-0.111915	0.024113	0.105478	0.976634	0.187245	-0.044505	-0.183471	0.982017
0.993434	-0.111780	0.024368	0.105293	0.976630	0.187370	-0.044742	-0.183574	0.981987
0.993379	-0.112171	0.024834	0.105548	0.976422	0.188308	-0.045371	-0.184440	0.981796
0.993397	-0.111911	0.025262	0.105173	0.976293	0.189184	-0.045835	-0.185277	0.981617
0.993556	-0.110619	0.024686	0.103996	0.976361	0.189485	-0.045063	-0.185697	0.981573
0.993619	-0.110051	0.024714	0.103453	0.976501	0.189059	-0.044939	-0.185296	0.981655
0.993573	-0.110281	0.025516	0.103557	0.976604	0.188471	-0.045704	-0.184617	0.981747
0.993594	-0.110075	0.025602	0.103360	0.976710	0.188028	-0.045703	-0.184177	0.981830
