0.987040	-0.154534	0.043262	0.147279	0.979391	0.138214	-0.063729	-0.130051	0.989457
0.986958	-0.155035	0.043335	0.147765	0.979314	0.138239	-0.063871	-0.130033	0.989450
0.986890	-0.155509	0.043188	0.148234	0.979200	0.138545	-0.063835	-0.130327	0.989414
0.986949	-0.155387	0.042278	0.148209	0.979153	0.138904	-0.062981	-0.130825	0.989403
0.987038	-0.155105	0.041221	0.148093	0.979227	0.138506	-0.061847	-0.130606	0.989503
0.986995	-0.155278	0.041585	0.148241	0.979258	0.138123	-0.062170	-0.130162	0.989542
0.987078	-0.154601	0.042128	0.147493	0.979358	0.138214	-0.062626	-0.130214	0.989506
0.987212	-0.153629	0.042559	0.146469	0.979504	0.138274	-0.062930	-0.130272	0.989479
0.987164	-0.153807	0.043014	0.146590	0.979495	0.138204	-0.063388	-0.130124	0.989469
0.987223	-0.153456	0.042909	0.146249	0.979531	0.138310	-0.063255	-0.130268	0.989459
0.987523	-0.152036	0.041030	0.145047	0.979621	0.138937	-0.061317	-0.131252	0.989451
0.987673	-0.151575	0.039073	0.144841	0.979638	0.139036	-0.059352	-0.131663	0.989516
0.987544	-0.152432	0.039013	0.145731	0.979580	0.138511	-0.059330	-0.131100	0.989592
0.987266	-0.153870	0.040363	0.146976	0.979384	0.138585	-0.060854	-0.130888	0.989528
0.987165	-0.154268	0.041317	0.147274	0.979404	0.138124	-0.061774	-0.130266	0.989553
0.987042	-0.154962	0.041645	0.147990	0.979454	0.137000	-0.062019	-0.129062	0.989695
0.986916	-0.155833	0.041391	0.148987	0.979526	0.135396	-0.061643	-0.127458	0.989927
0.986846	-0.156308	0.041253	0.149545	0.979592	0.134299	-0.061403	-0.126363	0.990082
0.986813	-0.156558	0.041112	0.149822	0.979575	0.134115	-0.061269	-0.126186	0.990113
0.986797	-0.156674	0.041037	0.149936	0.979533	0.134295	-0.061238	-0.126369	0.990091
0.986778	-0.156728	0.041296	0.149960	0.979537	0.134237	-0.061490	-0.126269	0.990088
0.986813	-0.156396	0.041705	0.149591	0.979619	0.134051	-0.061820	-0.126045	0.990097
0.986958	-0.155543	0.041468	0.148810	0.979819	0.133456	-0.061389	-0.125545	0.990187
0.987058	-0.154910	0.041467	0.148249	0.980048	0.132391	-0.061149	-0.124530	0.990330
0.987132	-0.154377	0.041681	0.147731	0.980211	0.131767	-0.061198	-0.123913	0.990404
