0.977958	-0.201074	0.056282	0.193410	0.973910	0.118709	-0.078683	-0.105207	0.991333
0.978088	-0.200542	0.055909	0.192932	0.974024	0.118554	-0.078232	-0.105170	0.991372
0.978295	-0.199751	0.055115	0.192278	0.974230	0.117919	-0.077249	-0.104762	0.991493
0.978194	-0.200052	0.055812	0.192553	0.974250	0.117300	-0.077841	-0.103996	0.991527
0.978182	-0.199975	0.056295	0.192434	0.974286	0.117201	-0.078285	-0.103811	0.991511
0.978307	-0.199406	0.056142	0.191884	0.974397	0.117179	-0.078071	-0.103865	0.991523
0.978276	-0.199563	0.056125	0.192053	0.974381	0.117038	-0.078043	-0.103716	0.991540
0.978116	-0.200266	0.056419	0.192708	0.974228	0.117233	-0.078443	-0.103795	0.991501
0.978114	-0.200543	0.055454	0.193030	0.974080	0.117928	-0.077666	-0.104643	0.991473
0.978058	-0.200954	0.054955	0.193467	0.973955	0.118243	-0.077285	-0.105016	0.991463
0.977953	-0.201567	0.054579	0.194104	0.973808	0.118410	-0.077017	-0.105206	0.991464
0.977805	-0.202290	0.054546	0.194805	0.973633	0.118703	-0.077120	-0.105442	0.991430
0.977806	-0.202319	0.054423	0.194818	0.973585	0.119068	-0.077075	-0.105823	0.991393
0.977946	-0.201659	0.054359	0.194241	0.973814	0.118139	-0.076760	-0.104975	0.991508
0.978084	-0.200890	0.054732	0.193511	0.974078	0.117158	-0.076849	-0.103999	0.991604
0.978257	-0.200008	0.054872	0.192686	0.974347	0.116277	-0.076721	-0.103176	0.991700
0.978330	-0.199683	0.054748	0.192403	0.974444	0.115928	-0.076497	-0.102882	0.991748
0.978217	-0.200235	0.054748	0.192905	0.974272	0.116545	-0.076676	-0.103445	0.991675
0.978079	-0.200968	0.054529	0.193617	0.974067	0.117069	-0.076642	-0.103945	0.991626
0.977971	-0.201537	0.054358	0.194157	0.973891	0.117643	-0.076648	-0.104498	0.991567
0.977959	-0.201576	0.054438	0.194139	0.973818	0.118277	-0.076855	-0.105101	0.991487
0.978089	-0.201131	0.053742	0.193725	0.973830	0.118854	-0.076241	-0.105839	0.991456
0.978157	-0.200950	0.053182	0.193603	0.973852	0.118873	-0.075679	-0.105981	0.991484
0.978016	-0.201391	0.054099	0.193954	0.973797	0.118746	-0.076595	-0.105643	0.991450
0.978061	-0.200991	0.054757	0.193461	0.973856	0.119064	-0.077256	-0.105859	0.991376
