0.881565	-0.463901	0.087400	0.439815	0.874400	0.204909	-0.171480	-0.142201	0.974871
0.882030	-0.463254	0.086135	0.439380	0.874649	0.204779	-0.170202	-0.142775	0.975011
0.882018	-0.463378	0.085586	0.439571	0.874537	0.204847	-0.169770	-0.143058	0.975045
0.881753	-0.463883	0.085585	0.440070	0.874284	0.204857	-0.169855	-0.142970	0.975043
0.881476	-0.464421	0.085512	0.440645	0.874036	0.204678	-0.169797	-0.142739	0.975087
0.881460	-0.464487	0.085325	0.440757	0.874006	0.204565	-0.169592	-0.142708	0.975127
0.881471	-0.464490	0.085196	0.440805	0.874016	0.204417	-0.169413	-0.142633	0.975169
0.881428	-0.464551	0.085308	0.440863	0.874006	0.204335	-0.169484	-0.142497	0.975177
0.881369	-0.464610	0.085591	0.440915	0.874026	0.204137	-0.169653	-0.142182	0.975193
0.881392	-0.464541	0.085732	0.440893	0.874127	0.203754	-0.169593	-0.141789	0.975261
0.881431	-0.464450	0.085821	0.440880	0.874254	0.203234	-0.169421	-0.141300	0.975362
0.881432	-0.464427	0.085940	0.440884	0.874311	0.202979	-0.169407	-0.141023	0.975404
0.881468	-0.464422	0.085594	0.440857	0.874229	0.203391	-0.169288	-0.141548	0.975349
0.881418	-0.464561	0.085354	0.440944	0.874069	0.203892	-0.169326	-0.142078	0.975265
0.881044	-0.465153	0.085995	0.441340	0.873738	0.204454	-0.170239	-0.142180	0.975091
0.880876	-0.465291	0.086958	0.441290	0.873700	0.204724	-0.171231	-0.141962	0.974950
0.880845	-0.465127	0.088136	0.441045	0.873939	0.204231	-0.172019	-0.141024	0.974947
0.880339	-0.465784	0.089710	0.441506	0.873751	0.204037	-0.173421	-0.140014	0.974844
0.880213	-0.465989	0.089884	0.441637	0.873622	0.204309	-0.173731	-0.140139	0.974771
0.880246	-0.465978	0.089621	0.441652	0.873599	0.204372	-0.173525	-0.140316	0.974782
0.879958	-0.466572	0.089358	0.442299	0.873298	0.204260	-0.173338	-0.140217	0.974830
0.879806	-0.466973	0.088753	0.442862	0.873117	0.203812	-0.172667	-0.140010	0.974979
0.879698	-0.467261	0.088317	0.443245	0.872969	0.203613	-0.172238	-0.139972	0.975060
0.879676	-0.467343	0.088093	0.443396	0.872941	0.203405	-0.171960	-0.139870	0.975124
0.879676	-0.467343	0.088093	0.443396	0.872941	0.203405	-0.171960	-0.139870	0.975124
