0.945093	-0.317788	0.076226	0.305902	0.942324	0.135827	-0.114993	-0.105051	0.987796
0.945261	-0.317195	0.076606	0.305319	0.942573	0.135413	-0.115160	-0.104612	0.987823
0.945281	-0.317050	0.076959	0.305204	0.942692	0.134842	-0.115300	-0.103975	0.987874
0.945242	-0.317197	0.076830	0.305376	0.942651	0.134740	-0.115164	-0.103900	0.987898
0.945151	-0.317472	0.076813	0.305611	0.942525	0.135089	-0.115285	-0.104205	0.987852
0.945019	-0.317930	0.076555	0.306056	0.942333	0.135422	-0.115195	-0.104546	0.987826
0.944853	-0.318478	0.076323	0.306599	0.942122	0.135661	-0.115110	-0.104779	0.987811
0.944781	-0.318773	0.075971	0.306881	0.941968	0.136089	-0.114944	-0.105260	0.987779
0.944710	-0.319068	0.075619	0.307162	0.941814	0.136517	-0.114777	-0.105741	0.987747
0.944565	-0.319513	0.075561	0.307599	0.941656	0.136629	-0.114807	-0.105812	0.987736
0.944529	-0.319664	0.075367	0.307740	0.941572	0.136887	-0.114722	-0.106101	0.987715
0.944557	-0.319529	0.075588	0.307565	0.941607	0.137037	-0.114962	-0.106191	0.987678
0.944885	-0.318715	0.074924	0.306823	0.941847	0.137055	-0.114248	-0.106513	0.987726
0.945141	-0.318040	0.074559	0.306202	0.942065	0.136941	-0.113792	-0.106598	0.987769
0.945043	-0.318160	0.075291	0.306241	0.942050	0.136958	-0.114502	-0.106374	0.987711
0.945050	-0.318022	0.075775	0.306023	0.942085	0.137206	-0.115021	-0.106478	0.987640
0.945171	-0.317684	0.075689	0.305725	0.942219	0.136948	-0.114822	-0.106299	0.987682
0.945053	-0.318083	0.075482	0.306232	0.942164	0.136197	-0.114439	-0.105599	0.987802
0.944845	-0.318641	0.075731	0.306822	0.942046	0.135680	-0.114576	-0.104960	0.987854
0.944874	-0.318685	0.075192	0.306910	0.942001	0.135796	-0.114107	-0.105233	0.987879
0.944825	-0.318947	0.074690	0.307196	0.941872	0.136040	-0.113738	-0.105589	0.987884
0.944669	-0.319475	0.074401	0.307742	0.941680	0.136140	-0.113555	-0.105711	0.987892
0.944630	-0.319630	0.074238	0.307915	0.941625	0.136127	-0.113414	-0.105731	0.987906
0.944695	-0.319399	0.074399	0.307708	0.941743	0.135781	-0.113433	-0.105379	0.987941
0.944775	-0.319104	0.074652	0.307462	0.941917	0.135124	-0.113435	-0.104709	0.988012
