0.914997	-0.394189	0.085995	0.374039	0.908683	0.185446	-0.151243	-0.137517	0.978884
0.914962	-0.394476	0.085045	0.374373	0.908433	0.185993	-0.150627	-0.138338	0.978864
0.914837	-0.394959	0.084149	0.374978	0.908184	0.185995	-0.149883	-0.138601	0.978941
0.914520	-0.395709	0.084068	0.375803	0.907934	0.185545	-0.149750	-0.138091	0.979033
0.914493	-0.395800	0.083931	0.375908	0.907885	0.185575	-0.149650	-0.138157	0.979039
0.914534	-0.395743	0.083753	0.375809	0.907836	0.186014	-0.149648	-0.138641	0.978971
0.914224	-0.396377	0.084143	0.376282	0.907504	0.186675	-0.150354	-0.139002	0.978812
0.914170	-0.396430	0.084480	0.376215	0.907436	0.187143	-0.150849	-0.139297	0.978693
0.914574	-0.395526	0.084336	0.375436	0.907888	0.186513	-0.150338	-0.138917	0.978826
0.914819	-0.394935	0.084461	0.375010	0.908303	0.185346	-0.149916	-0.137885	0.979037
0.914604	-0.395404	0.084594	0.375453	0.908114	0.185374	-0.150118	-0.137782	0.979020
0.914297	-0.395988	0.085171	0.375890	0.907850	0.185783	-0.150890	-0.137846	0.978893
0.914186	-0.396216	0.085306	0.376070	0.907740	0.185958	-0.151115	-0.137919	0.978848
0.914166	-0.396368	0.084811	0.376255	0.907616	0.186184	-0.150773	-0.138293	0.978848
0.913975	-0.396939	0.084200	0.376747	0.907197	0.187229	-0.150704	-0.139400	0.978701
0.913924	-0.397214	0.083455	0.377074	0.906992	0.187565	-0.150196	-0.139951	0.978701
0.912981	-0.399209	0.084248	0.379123	0.906380	0.186387	-0.150768	-0.138227	0.978858
0.911533	-0.402209	0.085651	0.382064	0.905353	0.185373	-0.152103	-0.136250	0.978928
0.911910	-0.401448	0.085203	0.381306	0.905587	0.185788	-0.151743	-0.136934	0.978889
0.913136	-0.398957	0.083760	0.378965	0.906478	0.186233	-0.150226	-0.138314	0.978929
0.913825	-0.397399	0.083652	0.377421	0.907105	0.186315	-0.149922	-0.138687	0.978922
0.915727	-0.393339	0.082026	0.373732	0.908781	0.185587	-0.147543	-0.139291	0.979198
0.916463	-0.391613	0.082068	0.372213	0.909674	0.184256	-0.146812	-0.138317	0.979446
0.915789	-0.392733	0.084211	0.373176	0.909481	0.183260	-0.148561	-0.136402	0.979451
