0.881586	-0.465365	0.079010	0.444972	0.875188	0.189858	-0.157502	-0.132218	0.978627
0.881623	-0.465455	0.078059	0.445106	0.875007	0.190378	-0.156915	-0.133097	0.978603
0.881891	-0.465093	0.077179	0.445091	0.875321	0.188962	-0.155442	-0.132292	0.978947
0.881853	-0.465139	0.077336	0.445356	0.875512	0.187448	-0.154898	-0.130859	0.979225
0.881826	-0.465113	0.077800	0.445345	0.875622	0.186960	-0.155081	-0.130219	0.979282
0.881927	-0.464887	0.078000	0.445039	0.875702	0.187314	-0.155384	-0.130484	0.979199
0.882087	-0.464557	0.078156	0.444684	0.875873	0.187355	-0.155492	-0.130509	0.979178
0.882305	-0.464138	0.078189	0.444280	0.876100	0.187255	-0.155414	-0.130478	0.979194
0.882291	-0.464129	0.078401	0.444274	0.876146	0.187054	-0.155508	-0.130205	0.979216
0.882234	-0.464256	0.078289	0.444525	0.876167	0.186358	-0.155112	-0.129610	0.979358
0.881966	-0.464717	0.078581	0.445067	0.876055	0.185590	-0.155088	-0.128710	0.979480
0.881994	-0.464760	0.078002	0.445281	0.876074	0.184985	-0.154309	-0.128423	0.979641
0.882039	-0.464714	0.077769	0.445304	0.876114	0.184738	-0.153985	-0.128315	0.979706
0.882001	-0.464727	0.078117	0.445245	0.876108	0.184910	-0.154372	-0.128309	0.979646
0.882175	-0.464407	0.078062	0.444896	0.876234	0.185153	-0.154387	-0.128608	0.979604
0.881968	-0.464603	0.079224	0.444993	0.876256	0.184813	-0.155285	-0.127744	0.979575
0.881612	-0.465017	0.080738	0.445174	0.876118	0.185033	-0.156779	-0.127185	0.979410
0.881581	-0.464990	0.081236	0.444958	0.876064	0.185808	-0.157567	-0.127658	0.979222
0.881482	-0.465192	0.081151	0.445145	0.875936	0.185964	-0.157592	-0.127800	0.979200
0.880524	-0.466964	0.081377	0.447003	0.875155	0.185182	-0.157691	-0.126681	0.979329
0.879752	-0.468411	0.081417	0.448517	0.874487	0.184673	-0.157701	-0.125950	0.979422
0.879587	-0.468795	0.080987	0.448988	0.874290	0.184463	-0.157281	-0.125889	0.979497
0.879705	-0.468670	0.080417	0.448967	0.874340	0.184275	-0.156676	-0.126003	0.979579
0.880085	-0.468075	0.079725	0.448483	0.874614	0.184155	-0.155927	-0.126317	0.979659
0.880811	-0.466857	0.078846	0.447422	0.875205	0.183926	-0.154873	-0.126727	0.979773
0.881189	-0.466192	0.078550	0.446740	0.875474	0.184305	-0.154690	-0.127316	0.979725
