0.987679	-0.151559	0.038992	0.144449	0.978763	0.145455	-0.060209	-0.138030	0.988596
0.987676	-0.151471	0.039403	0.144320	0.978818	0.145215	-0.060564	-0.137738	0.988615
0.987669	-0.151388	0.039906	0.144163	0.978830	0.145286	-0.061055	-0.137742	0.988585
0.987718	-0.150922	0.040441	0.143645	0.978948	0.145009	-0.061475	-0.137419	0.988604
0.987789	-0.150200	0.041382	0.142871	0.979230	0.143864	-0.062131	-0.136195	0.988732
0.987547	-0.151515	0.042354	0.144005	0.978977	0.144454	-0.063351	-0.136556	0.988605
0.987469	-0.152142	0.041937	0.144683	0.978877	0.144451	-0.063028	-0.136573	0.988623
0.987339	-0.153057	0.041659	0.145633	0.978746	0.144387	-0.062873	-0.136492	0.988644
0.987495	-0.152502	0.039966	0.145315	0.978793	0.144387	-0.061138	-0.136774	0.988714
0.987561	-0.152207	0.039440	0.145092	0.978821	0.144420	-0.060586	-0.136901	0.988730
0.987634	-0.151708	0.039547	0.144616	0.978970	0.143891	-0.060545	-0.136393	0.988803
0.987632	-0.151692	0.039658	0.144624	0.979062	0.143255	-0.060558	-0.135748	0.988891
0.987618	-0.151762	0.039743	0.144687	0.979067	0.143159	-0.060637	-0.135636	0.988901
0.987637	-0.151619	0.039810	0.144498	0.979002	0.143793	-0.060776	-0.136263	0.988807
0.987698	-0.151263	0.039648	0.144115	0.978935	0.144625	-0.060690	-0.137132	0.988692
0.987693	-0.151301	0.039635	0.144130	0.978873	0.145030	-0.060740	-0.137533	0.988633
0.987578	-0.152007	0.039783	0.144795	0.978740	0.145270	-0.061019	-0.137705	0.988592
0.987552	-0.152150	0.039896	0.144904	0.978685	0.145531	-0.061188	-0.137938	0.988549
0.987680	-0.151525	0.039098	0.144406	0.978783	0.145361	-0.060294	-0.137924	0.988606
0.987696	-0.151336	0.039410	0.144204	0.978881	0.144903	-0.060507	-0.137437	0.988661
0.987697	-0.151197	0.039922	0.143982	0.978883	0.145112	-0.061019	-0.137579	0.988609
0.987717	-0.151015	0.040122	0.143746	0.978851	0.145561	-0.061255	-0.138006	0.988535
0.987694	-0.151186	0.040038	0.143925	0.978818	0.145604	-0.061204	-0.138049	0.988532
0.987586	-0.151846	0.040198	0.144550	0.978710	0.145709	-0.061467	-0.138090	0.988510
0.987662	-0.151348	0.040220	0.144036	0.978743	0.145996	-0.061461	-0.138402	0.988467
