0.997911	-0.061160	0.020805	0.063967	0.890405	-0.450653	0.009037	0.451042	0.892457
0.997844	-0.062678	0.019456	0.064737	0.891374	-0.448621	0.010776	0.448913	0.893510
0.997768	-0.064172	0.018476	0.065641	0.891616	-0.448008	0.012276	0.448221	0.893838
0.997732	-0.064918	0.017792	0.066000	0.891586	-0.448016	0.013221	0.448174	0.893849
0.997746	-0.064954	0.016847	0.065608	0.891575	-0.448097	0.014085	0.448192	0.893826
0.997753	-0.065095	0.015847	0.065291	0.891727	-0.447838	0.015021	0.447867	0.893974
0.997736	-0.065516	0.015197	0.065381	0.891882	-0.447517	0.015765	0.447498	0.894146
0.997718	-0.065925	0.014579	0.065475	0.891999	-0.447270	0.016482	0.447204	0.894280
0.997717	-0.065998	0.014304	0.065419	0.892056	-0.447164	0.016752	0.447079	0.894338
0.997733	-0.065809	0.014096	0.065159	0.892111	-0.447094	0.016847	0.446999	0.894376
0.997751	-0.065541	0.014032	0.064891	0.892142	-0.447070	0.016783	0.446975	0.894389
0.997764	-0.065419	0.013691	0.064627	0.892081	-0.447231	0.017044	0.447116	0.894314
0.997736	-0.065965	0.013081	0.064829	0.891759	-0.447843	0.017877	0.447677	0.894017
0.997704	-0.066469	0.013011	0.065247	0.891690	-0.447919	0.018170	0.447740	0.893979
0.997678	-0.066883	0.012866	0.065561	0.891870	-0.447514	0.018456	0.447319	0.894184
0.997669	-0.067067	0.012623	0.065616	0.891854	-0.447538	0.018757	0.447323	0.894176
0.997682	-0.066883	0.012524	0.065404	0.891773	-0.447731	0.018777	0.447513	0.894080
0.997691	-0.066710	0.012735	0.065345	0.891826	-0.447634	0.018504	0.447433	0.894126
0.997683	-0.066841	0.012701	0.065448	0.891827	-0.447616	0.018592	0.447411	0.894135
0.997663	-0.067140	0.012644	0.065689	0.891806	-0.447624	0.018778	0.447409	0.894132
0.997672	-0.067066	0.012326	0.065487	0.891960	-0.447346	0.019008	0.447112	0.894276
0.997708	-0.066692	0.011447	0.064769	0.892247	-0.446879	0.019590	0.446596	0.894521
0.997738	-0.066323	0.010998	0.064243	0.892392	-0.446664	0.019810	0.446360	0.894634
0.997747	-0.066139	0.011286	0.064218	0.892611	-0.446231	0.019439	0.445951	0.894846
0.997702	-0.066744	0.011668	0.064936	0.892732	-0.445885	0.019344	0.445618	0.895014
