0.974284	-0.225178	0.008126	0.192020	0.810871	-0.552826	0.117895	0.540170	0.833257
0.974306	-0.225091	0.007801	0.191813	0.811112	-0.552545	0.118045	0.539844	0.833447
0.974306	-0.225088	0.007956	0.191915	0.811187	-0.552398	0.117884	0.539732	0.833542
0.974283	-0.225177	0.008195	0.192139	0.811238	-0.552245	0.117705	0.539618	0.833641
0.974264	-0.225283	0.007593	0.191909	0.811325	-0.552198	0.118240	0.539444	0.833678
0.974325	-0.225078	0.005586	0.190681	0.811728	-0.552031	0.119716	0.538922	0.833805
0.974515	-0.224305	0.002634	0.188504	0.812498	-0.551645	0.121597	0.538083	0.834075
0.974606	-0.223922	-0.001499	0.186045	0.813437	-0.551096	0.124622	0.536822	0.834441
0.974798	-0.223033	-0.005016	0.183484	0.814325	-0.550644	0.126896	0.535847	0.834725
0.974943	-0.222329	-0.007540	0.181483	0.814515	-0.551026	0.128650	0.535850	0.834454
0.975032	-0.221915	-0.008095	0.180877	0.814815	-0.550781	0.128823	0.535565	0.834610
0.975103	-0.221669	-0.006052	0.181812	0.814807	-0.550486	0.126957	0.535680	0.834823
0.975059	-0.221913	-0.003840	0.183220	0.814570	-0.550369	0.125262	0.535938	0.834913
0.975028	-0.222076	-0.001858	0.184482	0.814571	-0.549946	0.123643	0.535870	0.835198
0.975031	-0.222068	-0.000103	0.185458	0.814544	-0.549658	0.122145	0.535915	0.835390
0.975044	-0.222000	0.002471	0.186778	0.814226	-0.549681	0.120017	0.536425	0.835371
0.974895	-0.222622	0.004273	0.188236	0.813759	-0.549876	0.118938	0.536876	0.835235
0.974827	-0.222884	0.005906	0.189385	0.813753	-0.549490	0.117666	0.536777	0.835479
0.974846	-0.222770	0.006996	0.189956	0.814015	-0.548905	0.116584	0.536427	0.835855
0.974840	-0.222787	0.007349	0.190185	0.814087	-0.548719	0.116264	0.536311	0.835975
0.974878	-0.222605	0.007701	0.190231	0.814116	-0.548659	0.115864	0.536341	0.836011
0.974956	-0.222243	0.008274	0.190258	0.814223	-0.548492	0.115162	0.536329	0.836115
0.975050	-0.221813	0.008782	0.190153	0.814153	-0.548632	0.114544	0.536613	0.836018
0.975138	-0.221429	0.008703	0.189710	0.813869	-0.549205	0.114527	0.537202	0.835642
0.975175	-0.221265	0.008665	0.189478	0.813549	-0.549760	0.114593	0.537754	0.835278
0.975114	-0.221535	0.008638	0.189640	0.813280	-0.550102	0.114842	0.538051	0.835053
