0.978518	-0.206113	-0.004532	0.153866	0.744752	-0.649361	0.137217	0.634714	0.760467
0.978535	-0.206038	-0.004316	0.153954	0.744775	-0.649314	0.136998	0.634712	0.760508
0.978530	-0.206070	-0.003830	0.154314	0.744828	-0.649167	0.136627	0.634638	0.760636
0.978500	-0.206221	-0.003348	0.154752	0.744822	-0.649071	0.136346	0.634597	0.760721
0.978460	-0.206417	-0.002987	0.155149	0.744830	-0.648966	0.136182	0.634523	0.760812
0.978426	-0.206581	-0.002677	0.155464	0.744733	-0.649002	0.136066	0.634584	0.760782
0.978424	-0.206592	-0.002518	0.155548	0.744589	-0.649147	0.135984	0.634749	0.760659
0.978477	-0.206343	-0.002484	0.155386	0.744656	-0.649109	0.135789	0.634752	0.760691
0.978414	-0.206633	-0.002887	0.155308	0.744460	-0.649353	0.136327	0.634887	0.760482
0.978366	-0.206863	-0.002812	0.155472	0.744142	-0.649677	0.136487	0.635185	0.760205
0.978377	-0.206807	-0.003145	0.155172	0.743983	-0.649932	0.136751	0.635390	0.759986
0.978435	-0.206518	-0.003802	0.154508	0.743996	-0.650075	0.137081	0.635468	0.759861
0.978477	-0.206317	-0.003935	0.154247	0.743934	-0.650207	0.137076	0.635606	0.759747
0.978427	-0.206564	-0.003489	0.154745	0.743959	-0.650061	0.136875	0.635497	0.759874
0.978415	-0.206596	-0.004675	0.154114	0.744565	-0.649517	0.137669	0.634777	0.760333
0.978408	-0.206577	-0.006574	0.152916	0.744919	-0.649394	0.139047	0.634367	0.760424
0.978529	-0.205984	-0.007246	0.151937	0.744643	-0.649940	0.139273	0.634884	0.759951
0.978542	-0.205918	-0.007305	0.151831	0.744574	-0.650044	0.139295	0.634986	0.759862
0.978407	-0.206521	-0.008297	0.151771	0.745115	-0.649438	0.140305	0.634155	0.760369
0.978336	-0.206832	-0.008887	0.151790	0.745851	-0.648588	0.140777	0.633188	0.761088
0.978243	-0.207255	-0.009321	0.151794	0.745648	-0.648820	0.141421	0.633288	0.760885
0.978223	-0.207279	-0.010686	0.150859	0.745429	-0.649290	0.142550	0.633539	0.760466
0.978276	-0.206954	-0.012124	0.149680	0.745585	-0.649383	0.143431	0.633461	0.760364
0.978423	-0.206277	-0.011720	0.149393	0.745512	-0.649533	0.142721	0.633767	0.760243
0.978559	-0.205787	-0.008665	0.150902	0.744936	-0.649845	0.140185	0.634604	0.760017
