0.978644	-0.205495	0.005194	0.164114	0.765857	-0.621715	0.123781	0.609290	0.783226
0.978682	-0.205317	0.005207	0.163948	0.765713	-0.621936	0.123707	0.609531	0.783050
0.978701	-0.205229	0.005118	0.163823	0.765736	-0.621941	0.123721	0.609533	0.783047
0.978700	-0.205226	0.005347	0.163957	0.765684	-0.621969	0.123550	0.609598	0.783023
0.978692	-0.205256	0.005623	0.164167	0.765735	-0.621852	0.123334	0.609525	0.783115
0.978668	-0.205372	0.005657	0.164299	0.765814	-0.621719	0.123352	0.609386	0.783220
0.978723	-0.205112	0.005491	0.163995	0.765881	-0.621717	0.123316	0.609389	0.783223
0.978812	-0.204683	0.005579	0.163713	0.765942	-0.621716	0.122982	0.609457	0.783223
0.978865	-0.204424	0.005782	0.163661	0.766096	-0.621540	0.122628	0.609350	0.783361
0.978893	-0.204291	0.005853	0.163627	0.766242	-0.621369	0.122455	0.609211	0.783496
0.978828	-0.204604	0.005731	0.163777	0.766102	-0.621502	0.122771	0.609282	0.783392
0.978803	-0.204719	0.005956	0.163991	0.765992	-0.621581	0.122687	0.609382	0.783327
0.978777	-0.204840	0.006091	0.164192	0.766071	-0.621430	0.122628	0.609241	0.783446
0.978789	-0.204787	0.005819	0.164011	0.766246	-0.621262	0.122767	0.609039	0.783581
0.978817	-0.204656	0.005851	0.163926	0.766254	-0.621275	0.122664	0.609073	0.783571
0.978823	-0.204618	0.006073	0.164033	0.766240	-0.621264	0.122469	0.609104	0.783577
0.978837	-0.204544	0.006325	0.164165	0.766400	-0.621032	0.122181	0.608928	0.783760
0.978863	-0.204421	0.006229	0.164015	0.766459	-0.620999	0.122171	0.608895	0.783787
0.978928	-0.204102	0.006440	0.163879	0.766410	-0.621095	0.121831	0.609063	0.783708
0.978908	-0.204188	0.006758	0.164136	0.766336	-0.621118	0.121646	0.609127	0.783688
0.978886	-0.204280	0.007176	0.164462	0.766263	-0.621123	0.121384	0.609189	0.783680
0.978853	-0.204438	0.007281	0.164638	0.766167	-0.621194	0.121417	0.609256	0.783623
0.978862	-0.204419	0.006458	0.164148	0.766408	-0.621027	0.122000	0.608960	0.783763
0.978924	-0.204179	0.004241	0.162558	0.766470	-0.621369	0.123620	0.608962	0.783507
0.979061	-0.203552	0.002367	0.160807	0.766228	-0.622122	0.124821	0.609476	0.782917
