0.952324	-0.303730	0.028749	0.245422	0.706691	-0.663593	0.181237	0.639012	0.747541
0.952345	-0.303518	0.030248	0.246386	0.707022	-0.662883	0.179811	0.638746	0.748112
0.952172	-0.304043	0.030431	0.246961	0.707089	-0.662597	0.179941	0.638422	0.748357
0.952090	-0.304313	0.030300	0.247178	0.707402	-0.662182	0.180077	0.637947	0.748730
0.951989	-0.304621	0.030372	0.247554	0.707666	-0.661759	0.180093	0.637506	0.749101
0.951907	-0.304866	0.030494	0.247895	0.707865	-0.661419	0.180059	0.637168	0.749397
0.951945	-0.304748	0.030473	0.247887	0.708228	-0.661033	0.179867	0.636821	0.749738
0.951956	-0.304740	0.030212	0.247742	0.708383	-0.660922	0.180008	0.636653	0.749846
0.951957	-0.304765	0.029922	0.247553	0.708352	-0.661026	0.180262	0.636676	0.749766
0.951840	-0.305219	0.029034	0.247209	0.708006	-0.661524	0.181353	0.636843	0.749361
0.951480	-0.306517	0.027075	0.246612	0.706975	-0.662849	0.184033	0.637364	0.748263
0.950972	-0.308297	0.024588	0.245944	0.705637	-0.664521	0.187520	0.637988	0.746865
0.950584	-0.309639	0.022640	0.245550	0.705201	-0.665129	0.189985	0.637820	0.746386
0.950590	-0.309716	0.021346	0.244832	0.705616	-0.664954	0.190884	0.637325	0.746579
0.950797	-0.309093	0.021144	0.244197	0.705673	-0.665126	0.190665	0.637563	0.746431
0.951075	-0.308193	0.021740	0.243953	0.705925	-0.664949	0.189586	0.637720	0.746573
0.951304	-0.307526	0.021168	0.243083	0.706182	-0.664994	0.189554	0.637757	0.746548
0.951425	-0.307166	0.020953	0.242601	0.706056	-0.665304	0.189564	0.638070	0.746279
0.951617	-0.306559	0.021125	0.242383	0.706591	-0.664816	0.188878	0.637770	0.746709
0.951587	-0.306653	0.021116	0.242504	0.706760	-0.664591	0.188875	0.637537	0.746909
0.951503	-0.306918	0.021070	0.242592	0.706434	-0.664907	0.189187	0.637772	0.746629
0.951477	-0.306998	0.021090	0.242705	0.706550	-0.664742	0.189173	0.637605	0.746775
0.951439	-0.307090	0.021437	0.242968	0.706362	-0.664846	0.189025	0.637769	0.746673
0.951496	-0.306870	0.022037	0.243054	0.705844	-0.665364	0.188625	0.638447	0.746194
0.951663	-0.306317	0.022534	0.242876	0.705594	-0.665693	0.188013	0.638989	0.745885
