0.966081	-0.258192	0.004948	0.226014	0.836102	-0.499852	0.124921	0.484015	0.866097
0.966033	-0.258360	0.005443	0.226339	0.835764	-0.500268	0.124701	0.484508	0.865853
0.966067	-0.258226	0.005791	0.226338	0.835541	-0.500642	0.124440	0.484965	0.865635
0.966089	-0.258145	0.005801	0.226246	0.835455	-0.500827	0.124440	0.485156	0.865528
0.966113	-0.258053	0.005859	0.226187	0.835439	-0.500881	0.124359	0.485233	0.865496
0.966163	-0.257859	0.006159	0.226162	0.835432	-0.500903	0.124017	0.485347	0.865481
0.966245	-0.257549	0.006322	0.225955	0.835416	-0.501022	0.123756	0.485539	0.865411
0.966313	-0.257285	0.006593	0.225839	0.835365	-0.501162	0.123434	0.485768	0.865329
0.966336	-0.257186	0.007106	0.225993	0.835286	-0.501224	0.122972	0.485956	0.865289
0.966348	-0.257131	0.007444	0.226083	0.835148	-0.501412	0.122712	0.486222	0.865176
0.966412	-0.256889	0.007491	0.225875	0.835111	-0.501568	0.122591	0.486413	0.865086
0.966371	-0.257050	0.007298	0.225865	0.834884	-0.501951	0.122933	0.486719	0.864866
0.966307	-0.257284	0.007540	0.226128	0.834569	-0.502356	0.122955	0.487135	0.864628
0.966329	-0.257193	0.007743	0.226162	0.834619	-0.502256	0.122714	0.487096	0.864684
0.966387	-0.256982	0.007549	0.225928	0.834860	-0.501961	0.122692	0.486794	0.864857
0.966459	-0.256706	0.007742	0.225817	0.835034	-0.501722	0.122330	0.486642	0.864994
0.966458	-0.256696	0.008072	0.226002	0.835127	-0.501484	0.121988	0.486487	0.865129
0.966507	-0.256502	0.008381	0.226010	0.835231	-0.501306	0.121586	0.486410	0.865229
0.966506	-0.256512	0.008207	0.225950	0.835317	-0.501191	0.121706	0.486259	0.865298
0.966469	-0.256651	0.008256	0.226099	0.835297	-0.501157	0.121727	0.486220	0.865317
0.966437	-0.256768	0.008392	0.226280	0.835306	-0.501060	0.121646	0.486142	0.865372
0.966399	-0.256916	0.008121	0.226276	0.835304	-0.501065	0.121948	0.486066	0.865372
0.966401	-0.256924	0.007667	0.226063	0.835367	-0.501056	0.122329	0.485955	0.865381
0.966428	-0.256856	0.006504	0.225457	0.835606	-0.500931	0.123232	0.485580	0.865463
