0.964495	-0.264016	-0.006708	0.225744	0.837331	-0.497912	0.137073	0.478719	0.867202
0.964547	-0.263839	-0.006169	0.225841	0.837277	-0.497959	0.136547	0.478912	0.867178
0.964606	-0.263621	-0.006207	0.225600	0.837212	-0.498177	0.136526	0.479145	0.867053
0.964793	-0.262921	-0.006868	0.224639	0.837338	-0.498400	0.136791	0.479310	0.866920
0.964949	-0.262344	-0.006983	0.224041	0.837339	-0.498667	0.136670	0.479624	0.866765
0.965067	-0.261924	-0.006386	0.223964	0.837358	-0.498670	0.135961	0.479820	0.866768
0.965050	-0.262009	-0.005399	0.224478	0.837093	-0.498884	0.135232	0.480236	0.866652
0.965004	-0.262194	-0.004656	0.224958	0.836818	-0.499128	0.134765	0.480613	0.866516
0.964903	-0.262561	-0.004901	0.225160	0.836772	-0.499115	0.135149	0.480494	0.866522
0.964820	-0.262854	-0.005448	0.225150	0.836769	-0.499125	0.135756	0.480339	0.866513
0.964791	-0.262953	-0.005829	0.225055	0.836804	-0.499109	0.136120	0.480224	0.866520
0.964803	-0.262903	-0.006074	0.224904	0.836885	-0.499041	0.136282	0.480110	0.866557
0.964859	-0.262691	-0.006425	0.224543	0.836949	-0.499096	0.136485	0.480114	0.866523
0.964968	-0.262282	-0.006747	0.224036	0.837095	-0.499078	0.136547	0.480083	0.866531
0.964918	-0.262452	-0.007264	0.223869	0.836889	-0.499499	0.137173	0.480349	0.866284
0.964813	-0.262837	-0.007292	0.224124	0.836574	-0.499912	0.137496	0.480687	0.866045
0.964840	-0.262731	-0.007468	0.223943	0.836606	-0.499940	0.137597	0.480690	0.866028
0.964911	-0.262439	-0.008534	0.223187	0.836847	-0.499874	0.138328	0.480429	0.866056
0.964777	-0.262871	-0.010211	0.222842	0.837261	-0.499335	0.139810	0.479471	0.866349
0.964489	-0.263895	-0.010955	0.223600	0.837887	-0.497944	0.140584	0.477812	0.867140
0.964309	-0.264602	-0.009726	0.224872	0.837803	-0.497512	0.139792	0.477568	0.867402
0.964484	-0.263993	-0.008823	0.224771	0.837816	-0.497536	0.138738	0.477883	0.867398
0.964864	-0.262635	-0.007810	0.224048	0.837905	-0.497712	0.137260	0.478475	0.867307
0.965255	-0.261208	-0.007270	0.223086	0.838231	-0.497596	0.136070	0.478685	0.867379
0.965467	-0.260438	-0.006781	0.222686	0.838465	-0.497380	0.135222	0.478693	0.867507
