0.997877	-0.064674	0.007675	0.061674	0.900511	-0.430438	0.020927	0.429997	0.902588
0.997818	-0.065360	0.009316	0.063029	0.901084	-0.429039	0.019647	0.428690	0.903238
0.997727	-0.066577	0.010418	0.064625	0.901505	-0.427917	0.019098	0.427618	0.903758
0.997630	-0.068079	0.010008	0.065833	0.901986	-0.426716	0.020023	0.426363	0.904330
0.997564	-0.069067	0.009834	0.066667	0.902236	-0.426059	0.020554	0.425677	0.904642
0.997530	-0.069581	0.009575	0.067030	0.902368	-0.425721	0.020982	0.425312	0.904804
0.997488	-0.070229	0.009206	0.067447	0.902114	-0.426193	0.021627	0.425744	0.904585
0.997476	-0.070335	0.009687	0.067721	0.901548	-0.427347	0.021324	0.426924	0.904036
0.997477	-0.070223	0.010365	0.067875	0.900824	-0.428845	0.020778	0.428467	0.903319
0.997492	-0.069999	0.010502	0.067698	0.900145	-0.430297	0.020667	0.429928	0.902626
0.997499	-0.069918	0.010399	0.067552	0.899570	-0.431521	0.020817	0.431144	0.902043
0.997501	-0.069818	0.010780	0.067619	0.899407	-0.431850	0.020455	0.431500	0.901881
0.997521	-0.069518	0.010879	0.067401	0.899625	-0.431430	0.020205	0.431094	0.902081
0.997525	-0.069484	0.010720	0.067310	0.899816	-0.431046	0.020305	0.430701	0.902266
0.997517	-0.069594	0.010791	0.067447	0.899941	-0.430764	0.020267	0.430422	0.902400
0.997515	-0.069611	0.010909	0.067517	0.900041	-0.430543	0.020151	0.430210	0.902504
0.997530	-0.069429	0.010649	0.067240	0.900033	-0.430604	0.020312	0.430257	0.902478
0.997546	-0.069218	0.010510	0.066988	0.900015	-0.430681	0.020352	0.430329	0.902443
0.997543	-0.069265	0.010506	0.067034	0.900124	-0.430445	0.020358	0.430091	0.902556
0.997549	-0.069224	0.010194	0.066868	0.900250	-0.430207	0.020603	0.429834	0.902673
0.997591	-0.068661	0.009896	0.066249	0.900637	-0.429494	0.020576	0.429114	0.903016
0.997604	-0.068620	0.008856	0.065805	0.901459	-0.427833	0.021375	0.427390	0.903815
0.997584	-0.069023	0.007815	0.065766	0.902260	-0.426146	0.022363	0.425631	0.904620
0.997553	-0.069486	0.007671	0.066157	0.902864	-0.424806	0.022593	0.424274	0.905252
0.997534	-0.069794	0.007461	0.066367	0.903235	-0.423984	0.022853	0.423434	0.905639
