0.995377	-0.095845	0.006241	0.089132	0.897545	-0.431819	0.035786	0.430379	0.901939
0.995413	-0.095452	0.006405	0.088871	0.897844	-0.431251	0.035413	0.429842	0.902209
0.995436	-0.095162	0.007111	0.088914	0.897860	-0.431210	0.034650	0.429874	0.902224
0.995489	-0.094534	0.008057	0.088761	0.897956	-0.431042	0.033513	0.429813	0.902296
0.995523	-0.094137	0.008544	0.088615	0.898017	-0.430945	0.032895	0.429773	0.902338
0.995516	-0.094201	0.008601	0.088692	0.897932	-0.431106	0.032887	0.429936	0.902260
0.995440	-0.094983	0.008845	0.089494	0.897747	-0.431326	0.033028	0.430150	0.902153
0.995347	-0.095910	0.009302	0.090507	0.897392	-0.431851	0.033071	0.430684	0.901897
0.995313	-0.096205	0.009863	0.090990	0.897021	-0.432521	0.032764	0.431391	0.901570
0.995350	-0.095782	0.010236	0.090748	0.896751	-0.433131	0.032307	0.432046	0.901273
0.995455	-0.094593	0.010984	0.089997	0.896788	-0.433211	0.031128	0.432231	0.901226
0.995539	-0.093593	0.011953	0.089517	0.896864	-0.433154	0.029819	0.432291	0.901241
0.995588	-0.092977	0.012675	0.089280	0.896968	-0.432987	0.028889	0.432208	0.901311
0.995560	-0.093349	0.012110	0.089358	0.896771	-0.433379	0.029595	0.432537	0.901130
0.995507	-0.093860	0.012466	0.089961	0.896553	-0.433705	0.029532	0.432878	0.900969
0.995473	-0.094221	0.012458	0.090277	0.896439	-0.433874	0.029712	0.433035	0.900887
0.995427	-0.094712	0.012412	0.090695	0.896323	-0.434026	0.029982	0.433167	0.900815
0.995429	-0.094618	0.012949	0.090836	0.896224	-0.434202	0.029478	0.433394	0.900722
0.995491	-0.093885	0.013504	0.090428	0.896437	-0.433847	0.028626	0.433112	0.900885
0.995540	-0.093367	0.013486	0.089956	0.896515	-0.433785	0.028411	0.433063	0.900916
0.995572	-0.093013	0.013627	0.089702	0.896594	-0.433674	0.028119	0.432976	0.900967
0.995557	-0.093150	0.013740	0.089879	0.896656	-0.433508	0.028061	0.432817	0.901045
0.995512	-0.093759	0.012868	0.090041	0.896488	-0.433823	0.029139	0.433035	0.900906
0.995472	-0.094261	0.012300	0.090248	0.896485	-0.433786	0.029862	0.432932	0.900932
0.995458	-0.094476	0.011761	0.090212	0.896546	-0.433666	0.030427	0.432757	0.900997
0.995482	-0.094428	0.009983	0.089403	0.896673	-0.433572	0.031989	0.432505	0.901064
