0.989427	-0.144984	-0.003834	0.131198	0.905985	-0.402465	0.061824	0.397707	0.915427
0.989398	-0.145185	-0.003489	0.131524	0.905975	-0.402381	0.061580	0.397656	0.915466
0.989380	-0.145320	-0.003008	0.131800	0.905675	-0.402966	0.061283	0.398291	0.915210
0.989405	-0.145147	-0.003117	0.131590	0.905650	-0.403091	0.061331	0.398410	0.915155
0.989408	-0.145128	-0.003031	0.131611	0.905674	-0.403029	0.061236	0.398362	0.915182
0.989391	-0.145258	-0.002538	0.131915	0.905556	-0.403196	0.060866	0.398584	0.915110
0.989379	-0.145340	-0.002372	0.132061	0.905563	-0.403132	0.060739	0.398537	0.915139
0.989385	-0.145303	-0.002022	0.132166	0.905544	-0.403139	0.060409	0.398593	0.915136
0.989387	-0.145293	-0.001615	0.132325	0.905559	-0.403056	0.060024	0.398565	0.915174
0.989402	-0.145200	-0.001191	0.132415	0.905589	-0.402958	0.059588	0.398529	0.915218
0.989384	-0.145320	-0.001197	0.132519	0.905548	-0.403016	0.059650	0.398579	0.915192
0.989270	-0.146093	-0.001306	0.133153	0.905252	-0.403471	0.060127	0.398968	0.914992
0.989220	-0.146432	-0.001237	0.133483	0.905153	-0.403584	0.060218	0.399068	0.914942
0.989225	-0.146396	-0.001432	0.133370	0.905154	-0.403619	0.060385	0.399079	0.914926
0.989241	-0.146287	-0.001472	0.133249	0.905138	-0.403696	0.060388	0.399157	0.914892
0.989267	-0.146113	-0.001215	0.133195	0.905160	-0.403663	0.060080	0.399169	0.914907
0.989238	-0.146312	-0.000687	0.133599	0.905174	-0.403498	0.059659	0.399064	0.914980
0.989198	-0.146583	-0.000492	0.133946	0.905273	-0.403161	0.059542	0.398740	0.915129
0.989153	-0.146884	-0.000612	0.134178	0.905266	-0.403100	0.059764	0.398645	0.915156
0.989148	-0.146921	-0.000601	0.134213	0.905241	-0.403144	0.059775	0.398688	0.915136
0.989161	-0.146830	-0.000544	0.134149	0.905224	-0.403204	0.059695	0.398761	0.915110
0.989189	-0.146649	-0.000430	0.134021	0.905190	-0.403323	0.059536	0.398905	0.915057
0.989221	-0.146431	-0.000510	0.133779	0.905157	-0.403478	0.059543	0.399060	0.914989
0.989323	-0.145733	-0.001466	0.132780	0.905443	-0.403166	0.060082	0.398666	0.915126
0.989483	-0.144623	-0.002882	0.131222	0.905829	-0.402809	0.060866	0.398194	0.915280
