0.950866	-0.308497	0.026143	0.247872	0.707962	-0.661324	0.185508	0.635310	0.749645
0.950971	-0.308230	0.025467	0.247301	0.708367	-0.661104	0.185732	0.634989	0.749862
0.950934	-0.308344	0.025458	0.247368	0.708296	-0.661154	0.185831	0.635012	0.749818
0.950902	-0.308489	0.024902	0.247174	0.708548	-0.660957	0.186254	0.634661	0.750010
0.950965	-0.308337	0.024349	0.246805	0.709023	-0.660586	0.186419	0.634204	0.750355
0.950964	-0.308348	0.024255	0.246808	0.709224	-0.660369	0.186421	0.633974	0.750549
0.950908	-0.308524	0.024229	0.246975	0.709363	-0.660158	0.186487	0.633733	0.750736
0.951010	-0.308236	0.023873	0.246533	0.709505	-0.660169	0.186550	0.633713	0.750737
0.951165	-0.307774	0.023677	0.246059	0.709650	-0.660191	0.186388	0.633777	0.750724
0.951182	-0.307732	0.023540	0.246029	0.709986	-0.659841	0.186341	0.633420	0.751037
0.951367	-0.307192	0.023101	0.245434	0.710510	-0.659497	0.186179	0.633094	0.751352
0.951502	-0.306805	0.022690	0.244867	0.710632	-0.659577	0.186238	0.633145	0.751294
0.951613	-0.306451	0.022810	0.244662	0.710642	-0.659643	0.185938	0.633306	0.751233
0.951804	-0.305861	0.022750	0.244181	0.710798	-0.659653	0.185592	0.633415	0.751226
0.952034	-0.305180	0.022308	0.243373	0.710997	-0.659737	0.185478	0.633521	0.751166
0.952218	-0.304598	0.022376	0.242902	0.710858	-0.660060	0.185147	0.633956	0.750879
0.952582	-0.303378	0.023418	0.242542	0.710577	-0.660495	0.183740	0.634856	0.750465
0.953015	-0.301921	0.024632	0.242049	0.710086	-0.661204	0.182141	0.636099	0.749802
0.953368	-0.300704	0.025830	0.241763	0.709652	-0.661774	0.180668	0.637159	0.749258
0.953748	-0.299541	0.025320	0.240663	0.710369	-0.661405	0.180131	0.636907	0.749601
0.954105	-0.298513	0.023957	0.239155	0.711346	-0.660903	0.180246	0.636300	0.750089
0.954256	-0.298012	0.024175	0.238930	0.711461	-0.660860	0.179745	0.636406	0.750119
0.954235	-0.298065	0.024352	0.239097	0.711467	-0.660793	0.179634	0.636374	0.750173
0.954171	-0.298238	0.024754	0.239537	0.711541	-0.660553	0.179389	0.636210	0.750371
0.954101	-0.298393	0.025538	0.240114	0.711208	-0.660703	0.178987	0.636510	0.750212
