0.971894	-0.233197	0.032270	0.209777	0.795647	-0.568278	0.106846	0.559075	0.822204
0.971843	-0.233361	0.032620	0.210118	0.795627	-0.568180	0.106637	0.559036	0.822258
0.971872	-0.233243	0.032602	0.209994	0.795560	-0.568319	0.106619	0.559180	0.822162
0.971973	-0.232834	0.032500	0.209567	0.795477	-0.568593	0.106535	0.559468	0.821977
0.972002	-0.232654	0.032919	0.209639	0.795381	-0.568701	0.106128	0.559679	0.821886
0.971980	-0.232606	0.033906	0.210150	0.795250	-0.568695	0.105318	0.559885	0.821850
0.971906	-0.232792	0.034726	0.210728	0.794922	-0.568940	0.104841	0.560274	0.821646
0.971871	-0.232824	0.035493	0.211114	0.794435	-0.569477	0.104391	0.560951	0.821241
0.971702	-0.233320	0.036840	0.212190	0.793686	-0.570120	0.103781	0.561804	0.820735
0.971461	-0.234022	0.038687	0.213681	0.792622	-0.571043	0.102972	0.563013	0.820008
0.971167	-0.234936	0.040503	0.215353	0.791645	-0.571770	0.102265	0.564006	0.819414
0.970772	-0.236237	0.042357	0.217480	0.791214	-0.571561	0.101511	0.564067	0.819466
0.970631	-0.236602	0.043537	0.218478	0.791163	-0.571252	0.100714	0.563987	0.819619
0.970810	-0.235915	0.043271	0.217771	0.791369	-0.571237	0.100519	0.563985	0.819644
0.971038	-0.235174	0.042175	0.216517	0.791508	-0.571520	0.101025	0.564099	0.819503
0.971162	-0.234715	0.041870	0.215937	0.791465	-0.571800	0.101072	0.564351	0.819324
0.971130	-0.234836	0.041935	0.216045	0.791275	-0.572022	0.101149	0.564567	0.819166
0.971124	-0.234980	0.041260	0.215780	0.791330	-0.572046	0.101769	0.564431	0.819183
0.971111	-0.235268	0.039909	0.215251	0.791439	-0.572094	0.103010	0.564157	0.819216
0.971115	-0.235407	0.038983	0.214820	0.791417	-0.572287	0.103869	0.564130	0.819126
0.971071	-0.235755	0.037955	0.214548	0.791613	-0.572118	0.104834	0.563710	0.819293
0.971144	-0.235707	0.036363	0.213641	0.792000	-0.571920	0.106006	0.563185	0.819503
0.971371	-0.235114	0.034050	0.211885	0.792597	-0.571748	0.107438	0.562594	0.819723
0.971684	-0.234016	0.032667	0.210224	0.793093	-0.571673	0.107873	0.562353	0.819831
0.971800	-0.233678	0.031618	0.209408	0.793568	-0.571312	0.108412	0.561823	0.820123
0.971751	-0.233889	0.031564	0.209551	0.793530	-0.571312	0.108577	0.561788	0.820126
