0.993635	-0.112315	0.008614	0.106880	0.915864	-0.387002	0.035577	0.385460	0.922039
0.993626	-0.112415	0.008337	0.106867	0.915890	-0.386943	0.035862	0.385368	0.922066
0.993610	-0.112552	0.008437	0.107039	0.915942	-0.386774	0.035804	0.385205	0.922136
0.993575	-0.112857	0.008498	0.107340	0.915877	-0.386842	0.035875	0.385269	0.922107
0.993541	-0.113145	0.008637	0.107651	0.915748	-0.387061	0.035885	0.385491	0.922014
0.993542	-0.113137	0.008676	0.107655	0.915716	-0.387136	0.035854	0.385569	0.921982
0.993563	-0.112954	0.008604	0.107451	0.915656	-0.387336	0.035873	0.385767	0.921899
0.993601	-0.112615	0.008700	0.107167	0.915591	-0.387567	0.035680	0.386019	0.921800
0.993756	-0.111407	0.006174	0.105096	0.916008	-0.387149	0.037476	0.385381	0.921996
0.993887	-0.110319	0.004188	0.103353	0.916457	-0.386554	0.038806	0.384624	0.922257
0.993939	-0.109898	0.002618	0.102335	0.916309	-0.387176	0.040151	0.385097	0.922002
0.993931	-0.109992	0.001429	0.101959	0.916304	-0.387288	0.041289	0.385083	0.921958
0.993907	-0.110220	0.001108	0.102048	0.916326	-0.387211	0.041663	0.384965	0.921990
0.993863	-0.110609	0.001337	0.102495	0.916273	-0.387219	0.041605	0.384979	0.921987
0.993859	-0.110637	0.001762	0.102695	0.916354	-0.386974	0.041199	0.384779	0.922089
0.993866	-0.110564	0.002290	0.102845	0.916472	-0.386655	0.040652	0.384519	0.922221
0.993851	-0.110686	0.002836	0.103175	0.916507	-0.386483	0.040180	0.384400	0.922292
0.993803	-0.111107	0.003291	0.103727	0.916335	-0.386744	0.039954	0.384688	0.922181
0.993762	-0.111455	0.003899	0.104269	0.916145	-0.387049	0.039566	0.385041	0.922051
0.993714	-0.111857	0.004440	0.104839	0.915996	-0.387247	0.039249	0.385279	0.921965
0.993665	-0.112276	0.004903	0.105401	0.915911	-0.387296	0.038994	0.385359	0.921942
0.993622	-0.112646	0.005216	0.105865	0.915880	-0.387241	0.038844	0.385323	0.921964
0.993587	-0.112949	0.005284	0.106177	0.915904	-0.387100	0.038883	0.385178	0.922023
0.993582	-0.112985	0.005486	0.106298	0.915993	-0.386856	0.038684	0.384956	0.922124
0.993579	-0.112995	0.005813	0.106442	0.916073	-0.386627	0.038362	0.384763	0.922218
0.993600	-0.112792	0.006016	0.106340	0.916148	-0.386478	0.038080	0.384645	0.922279
