0.998938	-0.045882	-0.004092	0.039311	0.895408	-0.443509	0.024013	0.442877	0.896261
0.998949	-0.045688	-0.003790	0.039274	0.895484	-0.443357	0.023650	0.442742	0.896337
0.998922	-0.046282	-0.003567	0.039897	0.895313	-0.443647	0.023727	0.443026	0.896195
0.998905	-0.046706	-0.002834	0.040592	0.895088	-0.444038	0.023276	0.443437	0.896003
0.998907	-0.046674	-0.002687	0.040633	0.895179	-0.443852	0.023122	0.443257	0.896096
0.998910	-0.046576	-0.002943	0.040436	0.895255	-0.443715	0.023301	0.443113	0.896163
0.998917	-0.046438	-0.003043	0.040269	0.895284	-0.443671	0.023328	0.443068	0.896184
0.998911	-0.046568	-0.002704	0.040546	0.895487	-0.443237	0.023062	0.442645	0.896400
0.998903	-0.046744	-0.002734	0.040698	0.895605	-0.442985	0.023156	0.442388	0.896525
0.998904	-0.046693	-0.003359	0.040375	0.895597	-0.443030	0.023695	0.442409	0.896500
0.998888	-0.046953	-0.004212	0.040239	0.895782	-0.442669	0.024558	0.442007	0.896675
0.998872	-0.047199	-0.005215	0.040016	0.895762	-0.442730	0.025568	0.442022	0.896640
0.998873	-0.047029	-0.006354	0.039358	0.895760	-0.442793	0.026516	0.442044	0.896601
0.998893	-0.046479	-0.007271	0.038462	0.895849	-0.442690	0.027090	0.441920	0.896645
0.998909	-0.045847	-0.008900	0.037159	0.895653	-0.443199	0.028290	0.442385	0.896379
0.998946	-0.044885	-0.009655	0.035959	0.895655	-0.443294	0.028545	0.442480	0.896324
0.998991	-0.043996	-0.009059	0.035419	0.895561	-0.443526	0.027627	0.442758	0.896216
0.999021	-0.043512	-0.007921	0.035493	0.895613	-0.443416	0.026389	0.442701	0.896281
0.999042	-0.043328	-0.006207	0.036076	0.895406	-0.443786	0.024786	0.443136	0.896111
0.999032	-0.043675	-0.005329	0.036765	0.895159	-0.444228	0.024172	0.443602	0.895898
0.999026	-0.043911	-0.004276	0.037449	0.895250	-0.443987	0.023324	0.443395	0.896023
0.999017	-0.044142	-0.003987	0.037804	0.895618	-0.443214	0.023135	0.442628	0.896407
0.999017	-0.044175	-0.003580	0.038029	0.895894	-0.442637	0.022761	0.442066	0.896694
0.999010	-0.044385	-0.003062	0.038458	0.896117	-0.442148	0.022368	0.441593	0.896937
0.999009	-0.044409	-0.002970	0.038528	0.896258	-0.441857	0.022284	0.441305	0.897081
