0.997837	-0.037695	-0.053849	0.034681	0.997836	-0.055854	0.055838	0.053865	0.996986
0.997871	-0.037231	-0.053549	0.034238	0.997857	-0.055767	0.055511	0.053815	0.997007
0.997859	-0.037225	-0.053765	0.034241	0.997877	-0.055403	0.055713	0.053444	0.997015
0.997858	-0.037464	-0.053636	0.034526	0.997906	-0.054693	0.055573	0.052724	0.997062
0.997862	-0.037436	-0.053577	0.034516	0.997921	-0.054424	0.055503	0.052459	0.997079
0.997854	-0.037616	-0.053589	0.034709	0.997928	-0.054167	0.055516	0.052191	0.997093
0.997845	-0.037945	-0.053537	0.035045	0.997921	-0.054092	0.055479	0.052099	0.997100
0.997827	-0.038418	-0.053522	0.035504	0.997889	-0.054370	0.055498	0.052352	0.997085
0.997827	-0.038990	-0.053109	0.036082	0.997853	-0.054656	0.055126	0.052621	0.997092
0.997831	-0.039121	-0.052945	0.036200	0.997827	-0.055044	0.054984	0.053008	0.997079
0.997832	-0.039174	-0.052888	0.036233	0.997803	-0.055471	0.054945	0.053434	0.997059
0.997790	-0.039893	-0.053143	0.036945	0.997783	-0.055347	0.055233	0.053262	0.997052
0.997797	-0.039150	-0.053553	0.036150	0.997783	-0.055880	0.055622	0.053821	0.997000
0.997677	-0.037874	-0.056626	0.034675	0.997803	-0.056452	0.058639	0.054358	0.996798
0.997599	-0.037322	-0.058331	0.033980	0.997781	-0.057262	0.060339	0.055142	0.996654
0.997566	-0.036679	-0.059296	0.033275	0.997796	-0.057405	0.061271	0.055292	0.996588
0.997582	-0.036000	-0.059448	0.032550	0.997785	-0.058017	0.061405	0.055942	0.996544
0.997586	-0.035916	-0.059430	0.032466	0.997787	-0.058030	0.061383	0.055960	0.996544
0.997628	-0.035563	-0.058935	0.032148	0.997804	-0.057917	0.060865	0.055885	0.996580
0.997627	-0.035982	-0.058703	0.032606	0.997814	-0.057487	0.060643	0.055437	0.996619
0.997621	-0.036657	-0.058376	0.033343	0.997831	-0.056764	0.060330	0.054682	0.996680
0.997608	-0.037242	-0.058230	0.033958	0.997831	-0.056395	0.060204	0.054283	0.996709
0.997584	-0.037950	-0.058186	0.034684	0.997820	-0.056137	0.060190	0.053983	0.996726
0.997559	-0.038528	-0.058238	0.035261	0.997802	-0.056111	0.060272	0.053921	0.996725
0.997556	-0.039108	-0.057901	0.035846	0.997768	-0.056338	0.059975	0.054125	0.996731
