0.971109	-0.230420	-0.062080	0.229365	0.973052	-0.023711	0.065870	0.008787	0.997790
0.971137	-0.230481	-0.061406	0.229442	0.973037	-0.023563	0.065181	0.008794	0.997835
0.971074	-0.230804	-0.061199	0.229803	0.972965	-0.023015	0.064856	0.008285	0.997860
0.971026	-0.231184	-0.060526	0.230220	0.972878	-0.022538	0.064095	0.007951	0.997912
0.971002	-0.231444	-0.059907	0.230479	0.972814	-0.022638	0.063518	0.008174	0.997947
0.970978	-0.231636	-0.059554	0.230671	0.972767	-0.022681	0.063186	0.008285	0.997967
0.970936	-0.231944	-0.059039	0.230980	0.972692	-0.022766	0.062707	0.008467	0.997996
0.970901	-0.232250	-0.058402	0.231288	0.972618	-0.022813	0.062101	0.008641	0.998033
0.970937	-0.232266	-0.057743	0.231316	0.972613	-0.022716	0.061438	0.008699	0.998073
0.971049	-0.231895	-0.057350	0.230937	0.972699	-0.022892	0.061093	0.008985	0.998092
0.971126	-0.231715	-0.056769	0.230741	0.972738	-0.023242	0.060607	0.009472	0.998117
0.971129	-0.231816	-0.056297	0.230806	0.972706	-0.023916	0.060304	0.010232	0.998128
0.971067	-0.232172	-0.055896	0.231123	0.972613	-0.024641	0.060086	0.011009	0.998133
0.970980	-0.232579	-0.055721	0.231488	0.972506	-0.025389	0.060093	0.011753	0.998124
0.970903	-0.232968	-0.055432	0.231824	0.972401	-0.026334	0.060037	0.012717	0.998115
0.970841	-0.233278	-0.055211	0.232083	0.972314	-0.027240	0.060037	0.013632	0.998103
0.970779	-0.233634	-0.054807	0.232401	0.972218	-0.027963	0.059818	0.014409	0.998105
0.970803	-0.233625	-0.054408	0.232372	0.972212	-0.028413	0.059534	0.014941	0.998114
0.970838	-0.233479	-0.054425	0.232207	0.972243	-0.028715	0.059619	0.015240	0.998105
0.970710	-0.233764	-0.055469	0.232455	0.972173	-0.029069	0.060721	0.015323	0.998037
0.970614	-0.234199	-0.055316	0.232871	0.972062	-0.029435	0.060664	0.015689	0.998035
0.970646	-0.234139	-0.055012	0.232814	0.972075	-0.029465	0.060374	0.015793	0.998051
0.970883	-0.233174	-0.054909	0.231866	0.972310	-0.029196	0.060197	0.015615	0.998064
0.971117	-0.232202	-0.054893	0.230898	0.972543	-0.029109	0.060145	0.015594	0.998068
0.971176	-0.231955	-0.054900	0.230656	0.972603	-0.029006	0.060124	0.015507	0.998070
