0.999384	-0.026128	-0.023445	0.024758	0.998071	-0.056935	0.024888	0.056319	0.998103
0.999386	-0.025949	-0.023561	0.024566	0.998059	-0.057220	0.025000	0.056606	0.998084
0.999400	-0.025381	-0.023579	0.023998	0.998075	-0.057194	0.024986	0.056593	0.998085
0.999418	-0.024398	-0.023859	0.022993	0.998083	-0.057458	0.025215	0.056876	0.998063
0.999440	-0.023539	-0.023796	0.022125	0.998071	-0.057998	0.025115	0.057439	0.998033
0.999443	-0.023352	-0.023823	0.021943	0.998088	-0.057782	0.025127	0.057227	0.998045
0.999448	-0.023382	-0.023592	0.022001	0.998120	-0.057206	0.024885	0.056655	0.998084
0.999460	-0.023650	-0.022816	0.022320	0.998132	-0.056878	0.024119	0.056338	0.998120
0.999458	-0.024317	-0.022203	0.023036	0.998152	-0.056239	0.023529	0.055697	0.998170
0.999446	-0.024507	-0.022509	0.023225	0.998186	-0.055554	0.023830	0.055000	0.998202
0.999427	-0.023709	-0.024144	0.022328	0.998184	-0.055947	0.025426	0.055376	0.998142
0.999383	-0.023164	-0.026409	0.021652	0.998187	-0.056155	0.027662	0.055549	0.998073
0.999361	-0.021978	-0.028183	0.020344	0.998167	-0.056991	0.029384	0.056381	0.997977
0.999348	-0.021810	-0.028783	0.020127	0.998141	-0.057522	0.029984	0.056905	0.997929
0.999330	-0.022440	-0.028914	0.020736	0.998105	-0.057940	0.030159	0.057301	0.997901
0.999337	-0.023466	-0.027828	0.021817	0.998070	-0.058136	0.029138	0.057491	0.997921
0.999315	-0.024794	-0.027483	0.023164	0.998041	-0.058124	0.028871	0.057448	0.997931
0.999303	-0.025822	-0.026969	0.024219	0.998012	-0.058177	0.028418	0.057483	0.997942
0.999297	-0.026691	-0.026314	0.025126	0.997995	-0.058083	0.027812	0.057381	0.997965
0.999299	-0.027214	-0.025725	0.025692	0.998001	-0.057740	0.027245	0.057038	0.998000
0.999318	-0.026765	-0.025441	0.025266	0.998025	-0.057513	0.026930	0.056831	0.998021
0.999340	-0.025576	-0.025815	0.024063	0.998066	-0.057318	0.027231	0.056659	0.998022
0.999346	-0.024636	-0.026475	0.023087	0.998091	-0.057278	0.027836	0.056629	0.998007
0.999335	-0.024454	-0.027038	0.022871	0.998090	-0.057395	0.028390	0.056738	0.997985
0.999318	-0.024890	-0.027286	0.023297	0.998091	-0.057206	0.028658	0.056532	0.997989
