0.976101	-0.172605	-0.132040	0.160778	0.982350	-0.095595	0.146210	0.072081	0.986624
0.976100	-0.171494	-0.133489	0.159797	0.982668	-0.093964	0.147289	0.070387	0.986586
0.976268	-0.169857	-0.134352	0.158169	0.982983	-0.093420	0.147934	0.069953	0.986520
0.976355	-0.169129	-0.134636	0.157445	0.983118	-0.093226	0.148130	0.069824	0.986500
0.976443	-0.168511	-0.134770	0.156799	0.983212	-0.093316	0.148233	0.069986	0.986473
0.976523	-0.168468	-0.134245	0.156998	0.983309	-0.091950	0.147495	0.068715	0.986673
0.976580	-0.168371	-0.133954	0.157238	0.983468	-0.089820	0.146862	0.066654	0.986909
0.976793	-0.167540	-0.133438	0.156751	0.983737	-0.087695	0.145961	0.064743	0.987170
0.976833	-0.166854	-0.134004	0.156346	0.983993	-0.085516	0.146128	0.062584	0.987284
0.976845	-0.166332	-0.134566	0.156020	0.984182	-0.083924	0.146397	0.060985	0.987344
0.977278	-0.164348	-0.133859	0.154278	0.984578	-0.082486	0.145351	0.059960	0.987562
0.977680	-0.163097	-0.132442	0.153264	0.984828	-0.081388	0.143706	0.059273	0.987844
0.977837	-0.164028	-0.130112	0.154442	0.984701	-0.080699	0.141358	0.058816	0.988210
0.977732	-0.165501	-0.129036	0.156156	0.984526	-0.079523	0.140200	0.057603	0.988446
0.977293	-0.167811	-0.129378	0.158573	0.984202	-0.078743	0.140548	0.056439	0.988464
0.976633	-0.172104	-0.128716	0.163155	0.983577	-0.077185	0.139886	0.054381	0.988673
0.976101	-0.175500	-0.128170	0.166952	0.983129	-0.074723	0.139122	0.051539	0.988933
0.975795	-0.176742	-0.128792	0.168650	0.983092	-0.071320	0.139220	0.047873	0.989104
0.975562	-0.177808	-0.129084	0.170339	0.983115	-0.066854	0.138792	0.043232	0.989377
0.975474	-0.177987	-0.129503	0.170981	0.983230	-0.063436	0.138622	0.039738	0.989548
0.975322	-0.178843	-0.129466	0.172286	0.983201	-0.060279	0.138071	0.036486	0.989750
0.975087	-0.179909	-0.129759	0.173585	0.983074	-0.058599	0.138105	0.034615	0.989812
0.974732	-0.181423	-0.130318	0.175063	0.982800	-0.058802	0.138744	0.034503	0.989727
0.974360	-0.183393	-0.130344	0.176966	0.982423	-0.059392	0.138945	0.034802	0.989688
0.973682	-0.185453	-0.132475	0.179271	0.982132	-0.057267	0.140728	0.032011	0.989531
