0.997920	-0.059018	-0.025918	0.056278	0.993784	-0.096055	0.031425	0.094397	0.995039
0.997922	-0.059217	-0.025401	0.056521	0.993756	-0.096196	0.030939	0.094560	0.995038
0.997936	-0.059171	-0.024962	0.056511	0.993737	-0.096404	0.030510	0.094795	0.995029
0.997911	-0.059327	-0.025562	0.056602	0.993710	-0.096622	0.031133	0.094973	0.994993
0.997879	-0.059722	-0.025911	0.056961	0.993686	-0.096659	0.031520	0.094978	0.994980
0.997878	-0.059865	-0.025613	0.057133	0.993679	-0.096637	0.031236	0.094968	0.994990
0.997906	-0.059476	-0.025438	0.056760	0.993693	-0.096713	0.031030	0.095066	0.994987
0.997951	-0.058259	-0.026452	0.055442	0.993739	-0.097004	0.031938	0.095339	0.994932
0.997975	-0.056261	-0.029687	0.053130	0.993827	-0.097395	0.034983	0.095620	0.994803
0.998037	-0.053735	-0.032165	0.050324	0.993830	-0.098836	0.037277	0.097023	0.994584
0.998010	-0.054050	-0.032491	0.050633	0.993888	-0.098098	0.037594	0.096258	0.994646
0.997980	-0.054593	-0.032489	0.051207	0.993943	-0.097241	0.037601	0.095381	0.994730
0.997931	-0.055811	-0.031934	0.052489	0.993919	-0.096797	0.037142	0.094921	0.994792
0.997867	-0.057118	-0.031615	0.053831	0.993873	-0.096538	0.036936	0.094630	0.994827
0.997817	-0.057954	-0.031652	0.054666	0.993842	-0.096379	0.037043	0.094438	0.994841
0.997771	-0.058717	-0.031704	0.055432	0.993828	-0.096088	0.037150	0.094117	0.994868
0.997746	-0.059251	-0.031487	0.055994	0.993823	-0.095819	0.036970	0.093840	0.994901
0.997755	-0.059235	-0.031236	0.056004	0.993827	-0.095765	0.036715	0.093801	0.994914
0.997762	-0.059184	-0.031126	0.055963	0.993827	-0.095788	0.036603	0.093832	0.994915
0.997770	-0.059266	-0.030689	0.056079	0.993807	-0.095934	0.036184	0.093999	0.994915
0.997775	-0.059355	-0.030377	0.056192	0.993784	-0.096107	0.035893	0.094186	0.994907
0.997779	-0.059542	-0.029879	0.056411	0.993735	-0.096480	0.035437	0.094580	0.994886
0.997701	-0.060427	-0.030669	0.057218	0.993689	-0.096483	0.036305	0.094506	0.994862
0.997676	-0.061068	-0.030205	0.057886	0.993611	-0.096884	0.035928	0.094911	0.994837
0.997687	-0.061237	-0.029502	0.058107	0.993559	-0.097288	0.035270	0.095349	0.994819
