0.997584	-0.039071	-0.057445	0.035869	0.997800	-0.055761	0.059497	0.053566	0.996790
0.997602	-0.039212	-0.057033	0.036034	0.997796	-0.055720	0.059092	0.053531	0.996816
0.997598	-0.039122	-0.057163	0.035922	0.997785	-0.055990	0.059227	0.053802	0.996794
0.997608	-0.039333	-0.056844	0.036134	0.997762	-0.056254	0.058929	0.054066	0.996797
0.997605	-0.039676	-0.056650	0.036474	0.997737	-0.056483	0.058763	0.054281	0.996795
0.997613	-0.039691	-0.056509	0.036478	0.997720	-0.056786	0.058634	0.054590	0.996786
0.997650	-0.039162	-0.056226	0.035945	0.997720	-0.057127	0.058335	0.054972	0.996782
0.997687	-0.038341	-0.056127	0.035093	0.997714	-0.057751	0.058213	0.055648	0.996752
0.997724	-0.037521	-0.056028	0.034242	0.997707	-0.058375	0.058090	0.056324	0.996721
0.997753	-0.037398	-0.055586	0.034131	0.997698	-0.058603	0.057650	0.056574	0.996733
0.997806	-0.038389	-0.053934	0.035207	0.997651	-0.058767	0.056063	0.056739	0.996814
0.997805	-0.040262	-0.052581	0.037225	0.997651	-0.057511	0.054773	0.055427	0.996959
0.997654	-0.041233	-0.054645	0.038182	0.997715	-0.055748	0.056819	0.053531	0.996948
0.997464	-0.041973	-0.057473	0.038846	0.997758	-0.054495	0.059631	0.052124	0.996859
0.997370	-0.042339	-0.058829	0.039133	0.997741	-0.054607	0.061008	0.052161	0.996773
0.997376	-0.043672	-0.057748	0.040488	0.997654	-0.055201	0.060023	0.052718	0.996804
0.997409	-0.044286	-0.056685	0.041099	0.997573	-0.056198	0.059036	0.053723	0.996809
0.997546	-0.043212	-0.055079	0.039920	0.997428	-0.059537	0.057510	0.057193	0.996705
0.997976	-0.039740	-0.049649	0.036351	0.997065	-0.067380	0.052181	0.065439	0.996491
0.997938	-0.038906	-0.051053	0.035363	0.997020	-0.068557	0.053568	0.066610	0.996340
0.997934	-0.040022	-0.050257	0.036476	0.996909	-0.069589	0.052887	0.067612	0.996309
0.997904	-0.040661	-0.050344	0.037048	0.996808	-0.070718	0.053059	0.068704	0.996225
0.997895	-0.041007	-0.050244	0.037271	0.996623	-0.073173	0.053075	0.071146	0.996053
0.997896	-0.041447	-0.049864	0.037635	0.996466	-0.075100	0.052801	0.073065	0.995928
0.997897	-0.042114	-0.049284	0.038276	0.996344	-0.076378	0.052320	0.074331	0.995860
