0.992213	-0.119714	-0.034365	0.121283	0.991461	0.047911	0.028336	-0.051706	0.998260
0.992196	-0.119886	-0.034273	0.121452	0.991438	0.047970	0.028229	-0.051758	0.998261
0.992205	-0.119916	-0.033905	0.121459	0.991441	0.047879	0.027874	-0.051624	0.998277
0.992227	-0.119829	-0.033559	0.121355	0.991454	0.047871	0.027535	-0.051572	0.998290
0.992314	-0.119216	-0.033165	0.120727	0.991523	0.048025	0.027159	-0.051660	0.998295
0.992305	-0.119013	-0.034162	0.120586	0.991522	0.048411	0.028111	-0.052158	0.998243
0.992290	-0.119014	-0.034572	0.120619	0.991499	0.048797	0.028470	-0.052591	0.998210
0.992322	-0.118924	-0.033977	0.120509	0.991493	0.049186	0.027839	-0.052903	0.998212
0.992355	-0.118662	-0.033931	0.120253	0.991510	0.049479	0.027771	-0.053181	0.998199
0.992414	-0.118109	-0.034123	0.119719	0.991560	0.049763	0.027957	-0.053471	0.998178
0.992500	-0.117414	-0.034039	0.119023	0.991637	0.049898	0.027895	-0.053575	0.998174
0.992535	-0.117130	-0.033976	0.118749	0.991646	0.050376	0.027792	-0.054035	0.998152
0.992545	-0.117120	-0.033734	0.118746	0.991609	0.051107	0.027465	-0.054732	0.998123
0.992548	-0.117213	-0.033322	0.118832	0.991571	0.051640	0.026989	-0.055214	0.998110
0.992521	-0.117430	-0.033341	0.119051	0.991540	0.051719	0.026986	-0.055301	0.998105
0.992473	-0.117749	-0.033647	0.119383	0.991509	0.051562	0.027290	-0.055191	0.998103
0.992414	-0.118153	-0.033971	0.119800	0.991466	0.051419	0.027606	-0.055099	0.998099
0.992358	-0.118609	-0.034022	0.120257	0.991412	0.051391	0.027635	-0.055090	0.998099
0.992321	-0.118852	-0.034257	0.120511	0.991385	0.051311	0.027863	-0.055045	0.998095
0.992277	-0.119108	-0.034640	0.120789	0.991349	0.051346	0.028224	-0.055134	0.998080
0.992265	-0.119242	-0.034513	0.120919	0.991329	0.051443	0.028079	-0.055219	0.998079
0.992267	-0.119201	-0.034604	0.120883	0.991333	0.051450	0.028172	-0.055235	0.998076
0.992317	-0.118842	-0.034391	0.120517	0.991369	0.051613	0.027960	-0.055361	0.998075
0.992264	-0.118927	-0.035602	0.120680	0.991330	0.051970	0.029113	-0.055864	0.998014
0.992192	-0.119391	-0.036056	0.121170	0.991269	0.051994	0.029533	-0.055957	0.997996
