0.946739	-0.298620	0.120467	0.320767	0.907372	-0.271634	-0.028193	0.295808	0.954831
0.946245	-0.299522	0.122096	0.322114	0.906912	-0.271576	-0.029387	0.296307	0.954641
0.946022	-0.300058	0.122505	0.322750	0.906681	-0.271593	-0.029580	0.296471	0.954584
0.946069	-0.300010	0.122260	0.322654	0.906490	-0.272342	-0.029123	0.297102	0.954402
0.946172	-0.299928	0.121663	0.322422	0.906326	-0.273162	-0.028338	0.297685	0.954243
0.946876	-0.298519	0.119634	0.320495	0.906704	-0.274172	-0.026627	0.297949	0.954210
0.948434	-0.296036	0.113297	0.316258	0.907815	-0.275414	-0.021320	0.297042	0.954626
0.949745	-0.293101	0.109891	0.312484	0.908378	-0.277853	-0.018384	0.298229	0.954317
0.949903	-0.292916	0.109011	0.312039	0.908622	-0.277558	-0.017748	0.297669	0.954504
0.949741	-0.293173	0.109732	0.312488	0.908639	-0.276994	-0.018500	0.297363	0.954585
0.949484	-0.293476	0.111136	0.313191	0.908493	-0.276681	-0.019767	0.297511	0.954514
0.949105	-0.293993	0.112992	0.314239	0.908145	-0.276633	-0.021285	0.298061	0.954310
0.948871	-0.294093	0.114684	0.314845	0.907879	-0.276817	-0.022709	0.298772	0.954054
0.948691	-0.294234	0.115809	0.315307	0.907851	-0.276383	-0.023816	0.298718	0.954044
0.948260	-0.295318	0.116573	0.316553	0.907663	-0.275575	-0.024427	0.298218	0.954185
0.947814	-0.296385	0.117493	0.317825	0.907504	-0.274633	-0.025228	0.297643	0.954344
0.947379	-0.297452	0.118299	0.319070	0.907248	-0.274036	-0.025814	0.297362	0.954416
0.946978	-0.298530	0.118798	0.320233	0.907039	-0.273368	-0.026146	0.296916	0.954545
0.946609	-0.299319	0.119752	0.321254	0.906880	-0.272699	-0.026977	0.296610	0.954618
0.946346	-0.299882	0.120417	0.321980	0.906751	-0.272269	-0.027540	0.296433	0.954656
0.946068	-0.300550	0.120932	0.322764	0.906568	-0.271951	-0.027898	0.296317	0.954682
0.945933	-0.300802	0.121363	0.323124	0.906543	-0.271609	-0.028320	0.296140	0.954725
0.945885	-0.300653	0.122104	0.323194	0.906584	-0.271389	-0.029104	0.296166	0.954693
0.945957	-0.300212	0.122627	0.322911	0.906840	-0.270868	-0.029886	0.295828	0.954774
0.945924	-0.300220	0.122867	0.322988	0.906830	-0.270810	-0.030117	0.295850	0.954760
