0.974364	-0.221355	-0.040216	0.223057	0.973795	0.044364	0.029342	-0.052197	0.998206
0.974288	-0.221668	-0.040335	0.223368	0.973736	0.044090	0.029503	-0.051966	0.998213
0.974222	-0.221892	-0.040692	0.223599	0.973700	0.043724	0.029920	-0.051696	0.998215
0.974060	-0.222541	-0.041034	0.224255	0.973565	0.043376	0.030296	-0.051453	0.998216
0.973876	-0.223276	-0.041387	0.224998	0.973408	0.043043	0.030676	-0.051230	0.998216
0.973768	-0.223809	-0.041060	0.225510	0.973295	0.042911	0.030360	-0.051045	0.998235
0.973821	-0.223694	-0.040416	0.225356	0.973340	0.042703	0.029786	-0.050693	0.998270
0.973945	-0.223256	-0.039849	0.224875	0.973473	0.042212	0.029368	-0.050074	0.998314
0.973986	-0.223180	-0.039258	0.224750	0.973531	0.041539	0.028948	-0.049282	0.998365
0.973948	-0.223390	-0.039009	0.224935	0.973505	0.041127	0.028788	-0.048830	0.998392
0.973885	-0.223692	-0.038848	0.225220	0.973454	0.040783	0.028694	-0.048467	0.998413
0.973731	-0.224173	-0.039941	0.225740	0.973353	0.040323	0.029837	-0.048280	0.998388
0.973521	-0.224919	-0.040841	0.226506	0.973206	0.039558	0.030849	-0.047761	0.998382
0.973368	-0.225636	-0.040531	0.227181	0.973083	0.038699	0.030708	-0.046876	0.998429
0.973411	-0.225526	-0.040109	0.227033	0.973142	0.038082	0.030443	-0.046175	0.998469
0.973579	-0.224838	-0.039909	0.226320	0.973328	0.037580	0.030395	-0.045619	0.998496
0.973664	-0.224503	-0.039709	0.225966	0.973424	0.037228	0.030295	-0.045221	0.998518
0.973586	-0.224884	-0.039460	0.226337	0.973336	0.037270	0.030027	-0.045217	0.998526
0.973489	-0.225284	-0.039567	0.226747	0.973234	0.037435	0.030075	-0.045414	0.998515
0.973406	-0.225648	-0.039540	0.227103	0.973158	0.037253	0.030072	-0.045242	0.998523
0.973337	-0.225967	-0.039426	0.227398	0.973113	0.036631	0.030089	-0.044620	0.998551
0.973242	-0.226363	-0.039497	0.227775	0.973052	0.035893	0.030308	-0.043929	0.998575
0.973080	-0.227017	-0.039727	0.228417	0.972928	0.035160	0.030670	-0.043288	0.998592
0.972882	-0.227828	-0.039931	0.229224	0.972754	0.034733	0.030930	-0.042945	0.998599
0.972741	-0.228445	-0.039860	0.229831	0.972617	0.034541	0.030878	-0.042761	0.998608
