0.984949	-0.155793	-0.074859	0.158358	0.986938	0.029608	0.069268	-0.041017	0.996754
0.985132	-0.154995	-0.074102	0.157544	0.987061	0.029851	0.068516	-0.041081	0.996804
0.985644	-0.152445	-0.072567	0.154931	0.987472	0.029929	0.067095	-0.040742	0.996914
0.986274	-0.149265	-0.070589	0.151677	0.987971	0.030113	0.065246	-0.040406	0.997051
0.986992	-0.145908	-0.067509	0.148213	0.988486	0.030473	0.062285	-0.040082	0.997253
0.987725	-0.142273	-0.064481	0.144480	0.989024	0.030941	0.059371	-0.039878	0.997439
0.988567	-0.138000	-0.060755	0.140109	0.989622	0.031904	0.055722	-0.040052	0.997643
0.989523	-0.133137	-0.055853	0.135125	0.990264	0.033447	0.050856	-0.040644	0.997879
0.990387	-0.128544	-0.051085	0.130408	0.990843	0.034981	0.046121	-0.041306	0.998082
0.991115	-0.124289	-0.047365	0.126068	0.991345	0.036630	0.042402	-0.042276	0.998206
0.991726	-0.120156	-0.045181	0.121892	0.991821	0.037866	0.040262	-0.043060	0.998261
0.992178	-0.117059	-0.043349	0.118740	0.992180	0.038467	0.038507	-0.043314	0.998319
0.992514	-0.115002	-0.041122	0.116592	0.992428	0.038625	0.036369	-0.043131	0.998407
0.992722	-0.113521	-0.040206	0.115067	0.992611	0.038504	0.035537	-0.042850	0.998449
0.992855	-0.112546	-0.039648	0.114065	0.992731	0.038399	0.035038	-0.042647	0.998476
0.992846	-0.112869	-0.038945	0.114372	0.992679	0.038825	0.034277	-0.043002	0.998487
0.992717	-0.114058	-0.038769	0.115578	0.992512	0.039530	0.033970	-0.043723	0.998466
0.992512	-0.115755	-0.038997	0.117295	0.992298	0.039830	0.034086	-0.044105	0.998445
0.992359	-0.116980	-0.039235	0.118550	0.992126	0.040402	0.034199	-0.044745	0.998413
0.992301	-0.117246	-0.039904	0.118819	0.992125	0.039618	0.034945	-0.044055	0.998418
0.992170	-0.117871	-0.041288	0.119465	0.992090	0.038545	0.036418	-0.043176	0.998404
0.991897	-0.119703	-0.042556	0.121328	0.991889	0.037899	0.037674	-0.042755	0.998375
0.991539	-0.122316	-0.043459	0.123952	0.991592	0.037165	0.038548	-0.042238	0.998364
0.991275	-0.123881	-0.045021	0.125545	0.991426	0.036234	0.040147	-0.041570	0.998329
0.991058	-0.125426	-0.045526	0.127073	0.991266	0.035261	0.040705	-0.040731	0.998341
