0.976366	-0.215801	-0.011818	0.215897	0.976388	0.007491	0.009923	-0.009865	0.999902
0.976468	-0.215263	-0.013080	0.215373	0.976502	0.007678	0.011120	-0.010314	0.999885
0.976523	-0.214930	-0.014441	0.215055	0.976571	0.007766	0.012433	-0.010689	0.999866
0.976502	-0.214927	-0.015816	0.215067	0.976568	0.007769	0.013776	-0.010988	0.999845
0.976444	-0.215122	-0.016708	0.215272	0.976523	0.007771	0.014644	-0.011185	0.999830
0.976376	-0.215364	-0.017581	0.215525	0.976467	0.007827	0.015481	-0.011431	0.999815
0.976389	-0.215285	-0.017774	0.215449	0.976484	0.007828	0.015671	-0.011472	0.999811
0.976354	-0.215347	-0.018922	0.215521	0.976469	0.007685	0.016822	-0.011582	0.999791
0.976325	-0.215450	-0.019232	0.215622	0.976449	0.007348	0.017196	-0.011321	0.999788
0.976339	-0.215477	-0.018237	0.215633	0.976449	0.007045	0.016289	-0.010811	0.999809
0.976470	-0.214960	-0.017298	0.215102	0.976568	0.006798	0.015431	-0.010359	0.999827
0.976729	-0.213828	-0.016687	0.213962	0.976819	0.006661	0.014876	-0.010077	0.999839
0.976925	-0.212971	-0.016143	0.213100	0.977007	0.006715	0.014341	-0.010001	0.999847
0.976936	-0.212955	-0.015717	0.213085	0.977008	0.007106	0.013843	-0.010291	0.999851
0.976871	-0.213260	-0.015593	0.213397	0.976936	0.007665	0.013599	-0.010815	0.999849
0.976850	-0.213378	-0.015288	0.213517	0.976906	0.008086	0.013209	-0.011163	0.999850
0.976824	-0.213520	-0.014996	0.213653	0.976878	0.007901	0.012963	-0.010921	0.999856
0.976770	-0.213765	-0.015016	0.213892	0.976829	0.007378	0.013091	-0.010418	0.999860
0.976702	-0.214073	-0.015049	0.214196	0.976765	0.007055	0.013189	-0.010114	0.999862
0.976672	-0.214223	-0.014836	0.214342	0.976734	0.006923	0.013008	-0.009942	0.999866
0.976665	-0.214278	-0.014518	0.214396	0.976721	0.007145	0.012649	-0.010091	0.999869
0.976720	-0.214034	-0.014387	0.214153	0.976773	0.007283	0.012494	-0.010194	0.999870
0.976788	-0.213736	-0.014195	0.213853	0.976839	0.007314	0.012303	-0.010180	0.999873
0.976861	-0.213414	-0.014020	0.213527	0.976911	0.007106	0.012180	-0.009935	0.999876
0.976867	-0.213399	-0.013862	0.213509	0.976916	0.006998	0.012049	-0.009796	0.999879
