0.964104	-0.260197	-0.052915	0.229822	0.917546	-0.324487	0.132983	0.300678	0.944409
0.964824	-0.257501	-0.052994	0.228316	0.920645	-0.316677	0.130333	0.293438	0.947052
0.965478	-0.255052	-0.052922	0.227103	0.923700	-0.308550	0.127581	0.285880	0.949735
0.966132	-0.252631	-0.052591	0.225952	0.926650	-0.300442	0.124634	0.278384	0.952349
0.966830	-0.249968	-0.052499	0.224546	0.929771	-0.291727	0.121734	0.270262	0.955060
0.967583	-0.247086	-0.052258	0.222994	0.932989	-0.282498	0.118557	0.261687	0.957843
0.968451	-0.243881	-0.051225	0.221356	0.936286	-0.272708	0.114470	0.252766	0.960732
0.969244	-0.241097	-0.049374	0.220346	0.939519	-0.262204	0.109605	0.243260	0.963749
0.969995	-0.238479	-0.047313	0.219438	0.942533	-0.251950	0.104679	0.234008	0.966583
0.970723	-0.235964	-0.044910	0.218523	0.945165	-0.242714	0.099719	0.225794	0.969058
0.971449	-0.233486	-0.042072	0.217703	0.947779	-0.233069	0.094294	0.217255	0.971550
0.971953	-0.231723	-0.040141	0.217304	0.950182	-0.223458	0.089921	0.208468	0.973887
0.972376	-0.230267	-0.038226	0.217074	0.952282	-0.214566	0.085809	0.200341	0.975961
0.972946	-0.228237	-0.035825	0.216305	0.954387	-0.205808	0.081164	0.192491	0.977936
0.973589	-0.225940	-0.032802	0.215407	0.956655	-0.195985	0.075661	0.183743	0.980058
0.974353	-0.222972	-0.030314	0.213799	0.959330	-0.184328	0.070181	0.173120	0.982397
0.975121	-0.219842	-0.028438	0.211976	0.962286	-0.170506	0.064850	0.160236	0.984946
0.975865	-0.216757	-0.026525	0.210151	0.965181	-0.155762	0.059363	0.146428	0.987438
0.976366	-0.214705	-0.024705	0.209190	0.967575	-0.141555	0.054297	0.133041	0.989622
0.976824	-0.212926	-0.021848	0.208498	0.969629	-0.127860	0.048410	0.120341	0.991552
0.977275	-0.211146	-0.018740	0.207710	0.971504	-0.114178	0.042314	0.107691	0.993284
0.977636	-0.209707	-0.015866	0.207086	0.973074	-0.101206	0.036663	0.095657	0.994739
0.977954	-0.208406	-0.013150	0.206431	0.974343	-0.089682	0.031502	0.084990	0.995884
0.978317	-0.206814	-0.011129	0.205313	0.975480	-0.079285	0.027254	0.075281	0.996790
0.978797	-0.204574	-0.010252	0.203387	0.976612	-0.069728	0.024277	0.066164	0.997513
0.979367	-0.201820	-0.010428	0.200819	0.977690	-0.061598	0.022627	0.058233	0.998047
