0.991144	-0.132788	-0.000961	0.132791	0.991114	0.007728	-0.000074	-0.007787	0.999970
0.991042	-0.133538	-0.001952	0.133549	0.991011	0.007906	0.000878	-0.008095	0.999967
0.990968	-0.134078	-0.002295	0.134092	0.990941	0.007413	0.001281	-0.007654	0.999970
0.990923	-0.134419	-0.001779	0.134428	0.990900	0.006796	0.000850	-0.006973	0.999975
0.990961	-0.134141	-0.001369	0.134147	0.990939	0.006613	0.000469	-0.006737	0.999977
0.991078	-0.133280	-0.000871	0.133283	0.991057	0.006473	0.000001	-0.006531	0.999979
0.991204	-0.132342	-0.000306	0.132342	0.991183	0.006407	-0.000545	-0.006391	0.999979
0.991292	-0.131685	0.000237	0.131681	0.991270	0.006622	-0.001107	-0.006533	0.999978
0.991319	-0.131478	0.000336	0.131473	0.991295	0.007051	-0.001260	-0.006946	0.999975
0.991292	-0.131676	0.000846	0.131666	0.991266	0.007450	-0.001820	-0.007274	0.999972
0.991238	-0.132082	0.001031	0.132070	0.991210	0.007776	-0.002049	-0.007572	0.999969
0.991193	-0.132417	0.001173	0.132404	0.991165	0.007813	-0.002197	-0.007589	0.999969
0.991163	-0.132641	0.001306	0.132628	0.991137	0.007597	-0.002302	-0.007357	0.999970
0.991138	-0.132828	0.001602	0.132813	0.991113	0.007452	-0.002578	-0.007173	0.999971
0.991121	-0.132946	0.002018	0.132928	0.991098	0.007472	-0.002994	-0.007138	0.999970
0.991136	-0.132825	0.002457	0.132803	0.991113	0.007594	-0.003443	-0.007201	0.999968
0.991152	-0.132709	0.002558	0.132686	0.991128	0.007706	-0.003558	-0.007299	0.999967
0.991194	-0.132397	0.002408	0.132376	0.991171	0.007485	-0.003378	-0.007101	0.999969
0.991224	-0.132176	0.002261	0.132158	0.991204	0.006948	-0.003160	-0.006588	0.999973
0.991231	-0.132126	0.001726	0.132112	0.991212	0.006763	-0.002604	-0.006476	0.999976
0.991241	-0.132062	0.001121	0.132052	0.991219	0.006819	-0.002012	-0.006612	0.999976
0.991220	-0.132226	-0.000463	0.132226	0.991199	0.006453	-0.000395	-0.006457	0.999979
0.991128	-0.132903	-0.001657	0.132910	0.991111	0.005887	0.000860	-0.006055	0.999981
0.991017	-0.133724	-0.001797	0.133731	0.991003	0.005322	0.001070	-0.005514	0.999984
0.990986	-0.133955	-0.001902	0.133962	0.990975	0.004708	0.001254	-0.004921	0.999987
