0.998818	0.048088	-0.007064	-0.047304	0.928377	-0.368617	-0.011169	0.368515	0.929555
0.998751	0.049346	-0.007901	-0.048811	0.929315	-0.366049	-0.010721	0.365977	0.930562
0.998743	0.049395	-0.008480	-0.049096	0.930290	-0.363525	-0.010068	0.363484	0.931546
0.998756	0.048968	-0.009390	-0.049051	0.931174	-0.361260	-0.008947	0.361272	0.932418
0.998727	0.049123	-0.011423	-0.049943	0.931767	-0.359605	-0.007021	0.359717	0.933035
0.998652	0.050098	-0.013609	-0.051641	0.931844	-0.359165	-0.005312	0.359384	0.933175
0.998544	0.051935	-0.014567	-0.053702	0.931940	-0.358613	-0.005049	0.358873	0.933373
0.998529	0.052530	-0.013463	-0.053868	0.932285	-0.357690	-0.006239	0.357889	0.933743
0.998591	0.051693	-0.011998	-0.052565	0.932471	-0.357399	-0.007287	0.357527	0.933875
0.998629	0.051079	-0.011413	-0.051769	0.931942	-0.358892	-0.007696	0.358991	0.933309
0.998594	0.051701	-0.011722	-0.052445	0.931160	-0.360820	-0.007740	0.360927	0.932562
0.998540	0.052581	-0.012346	-0.053475	0.930310	-0.362855	-0.007593	0.362985	0.931764
0.998585	0.051449	-0.013452	-0.052809	0.929620	-0.364715	-0.006259	0.364910	0.931022
0.998662	0.050093	-0.012872	-0.051319	0.928776	-0.367071	-0.006432	0.367240	0.930104
0.998754	0.048649	-0.011153	-0.049323	0.927817	-0.369761	-0.007641	0.369850	0.929060
0.998808	0.047757	-0.010110	-0.048087	0.926957	-0.372072	-0.008398	0.372115	0.928149
0.998806	0.047722	-0.010401	-0.048146	0.926115	-0.374156	-0.008223	0.374210	0.927308
0.998762	0.048585	-0.010676	-0.049028	0.925159	-0.376399	-0.008410	0.376457	0.926396
0.998730	0.049052	-0.011486	-0.049754	0.924586	-0.377710	-0.007908	0.377802	0.925853
0.998718	0.049219	-0.011823	-0.050031	0.924328	-0.378304	-0.007691	0.378411	0.925606
0.998725	0.049217	-0.011239	-0.049803	0.924080	-0.378939	-0.008264	0.379016	0.925353
0.998751	0.048752	-0.010911	-0.049242	0.923806	-0.379681	-0.008431	0.379745	0.925053
0.998795	0.047881	-0.010746	-0.048363	0.923374	-0.380843	-0.008312	0.380904	0.924577
0.998869	0.046327	-0.010712	-0.046904	0.922981	-0.381978	-0.007809	0.382048	0.924109
0.998918	0.045213	-0.010913	-0.045944	0.922654	-0.382882	-0.007242	0.382969	0.923733
0.998931	0.044939	-0.010807	-0.045642	0.922210	-0.383986	-0.007290	0.384069	0.923276
