0.985133	-0.133679	-0.107899	0.129539	0.990573	-0.044540	0.112836	0.029900	0.993164
0.985037	-0.134089	-0.108266	0.129833	0.990492	-0.045480	0.113335	0.030743	0.993081
0.985038	-0.134478	-0.107773	0.130120	0.990406	-0.046535	0.112997	0.031816	0.993086
0.985045	-0.135015	-0.107039	0.130557	0.990295	-0.047653	0.112434	0.032966	0.993112
0.985076	-0.135163	-0.106562	0.130631	0.990246	-0.048449	0.112071	0.033805	0.993125
0.985080	-0.135220	-0.106457	0.130628	0.990219	-0.049018	0.112044	0.034381	0.993108
0.985112	-0.135311	-0.106040	0.130718	0.990200	-0.049157	0.111652	0.034564	0.993146
0.985101	-0.135622	-0.105752	0.131030	0.990154	-0.049255	0.111391	0.034665	0.993172
0.985147	-0.135741	-0.105170	0.131147	0.990128	-0.049459	0.110845	0.034931	0.993224
0.985174	-0.135903	-0.104706	0.131280	0.990090	-0.049876	0.110446	0.035391	0.993252
0.985156	-0.136128	-0.104582	0.131460	0.990043	-0.050337	0.110393	0.035841	0.993242
0.985146	-0.136418	-0.104293	0.131683	0.989977	-0.051045	0.110211	0.036554	0.993236
0.985129	-0.137278	-0.103321	0.132481	0.989822	-0.051968	0.109403	0.037507	0.993290
0.985156	-0.138158	-0.101885	0.133355	0.989673	-0.052572	0.108096	0.038205	0.993406
0.985221	-0.138297	-0.101061	0.133491	0.989637	-0.052896	0.107329	0.038624	0.993473
0.985334	-0.137785	-0.100654	0.132926	0.989680	-0.053517	0.106989	0.039353	0.993481
0.985447	-0.137612	-0.099790	0.132702	0.989667	-0.054301	0.106232	0.040268	0.993526
0.985536	-0.137572	-0.098953	0.132636	0.989644	-0.054879	0.105478	0.040960	0.993578
0.985570	-0.137690	-0.098456	0.132735	0.989610	-0.055256	0.105041	0.041390	0.993606
0.985446	-0.138363	-0.098751	0.133345	0.989500	-0.055753	0.105429	0.041774	0.993549
0.985434	-0.138806	-0.098244	0.133745	0.989411	-0.056376	0.105029	0.042416	0.993564
0.985505	-0.138998	-0.097264	0.133896	0.989344	-0.057180	0.104175	0.043327	0.993615
0.985586	-0.138733	-0.096818	0.133582	0.989349	-0.057825	0.103809	0.044059	0.993621
0.985655	-0.138362	-0.096644	0.133153	0.989371	-0.058448	0.103704	0.044741	0.993601
0.985697	-0.138282	-0.096330	0.133043	0.989360	-0.058870	0.103445	0.045212	0.993607
