0.988056	-0.108734	-0.109188	0.106126	0.993917	-0.029431	0.111724	0.017491	0.993585
0.988038	-0.108989	-0.109094	0.106418	0.993895	-0.029137	0.111603	0.017179	0.993604
0.988058	-0.109260	-0.108645	0.106721	0.993868	-0.028940	0.111141	0.017000	0.993659
0.988052	-0.109650	-0.108310	0.107101	0.993822	-0.029091	0.110830	0.017144	0.993691
0.988021	-0.110286	-0.107946	0.107727	0.993749	-0.029270	0.110499	0.017291	0.993726
0.987986	-0.110965	-0.107566	0.108402	0.993672	-0.029399	0.110147	0.017385	0.993763
0.987981	-0.111589	-0.106962	0.109028	0.993600	-0.029518	0.109572	0.017501	0.993825
0.988025	-0.111996	-0.106131	0.109454	0.993554	-0.029502	0.108751	0.017532	0.993914
0.988115	-0.111832	-0.105461	0.109304	0.993571	-0.029472	0.108079	0.017595	0.993987
0.988208	-0.111242	-0.105217	0.108736	0.993639	-0.029283	0.107805	0.017497	0.994018
0.988252	-0.110244	-0.105850	0.107730	0.993751	-0.029198	0.108407	0.017452	0.993953
0.988277	-0.108576	-0.107334	0.105996	0.993930	-0.029478	0.109883	0.017756	0.993786
0.988327	-0.107826	-0.107624	0.105180	0.994001	-0.029981	0.110211	0.018311	0.993740
0.988327	-0.107705	-0.107744	0.105046	0.994013	-0.030069	0.110338	0.018400	0.993724
0.988137	-0.108112	-0.109072	0.105409	0.993968	-0.030261	0.111685	0.018405	0.993573
0.988047	-0.108893	-0.109112	0.106161	0.993879	-0.030556	0.111772	0.018607	0.993560
0.988068	-0.109141	-0.108678	0.106372	0.993844	-0.030971	0.111389	0.019041	0.993594
0.988092	-0.108956	-0.108642	0.106143	0.993856	-0.031371	0.111392	0.019466	0.993586
0.988144	-0.108491	-0.108629	0.105653	0.993902	-0.031559	0.111391	0.019708	0.993581
0.988205	-0.108076	-0.108488	0.105270	0.993951	-0.031290	0.111213	0.019501	0.993605
0.988186	-0.108141	-0.108597	0.105377	0.993952	-0.030892	0.111281	0.019083	0.993606
0.988183	-0.108304	-0.108461	0.105559	0.993937	-0.030754	0.111135	0.018942	0.993625
0.988196	-0.108566	-0.108080	0.105816	0.993906	-0.030878	0.110773	0.019077	0.993663
0.988169	-0.108883	-0.108014	0.106102	0.993866	-0.031186	0.110747	0.019357	0.993660
