0.979896	-0.138406	-0.143693	0.121033	0.984955	-0.123348	0.158603	0.103477	0.981905
0.979955	-0.138321	-0.143372	0.120344	0.984537	-0.127297	0.158763	0.107491	0.981448
0.979922	-0.138612	-0.143315	0.119925	0.984006	-0.131721	0.159281	0.111889	0.980872
0.979759	-0.138777	-0.144267	0.119309	0.983522	-0.135829	0.160739	0.115868	0.980172
0.979614	-0.139083	-0.144956	0.118438	0.982688	-0.142465	0.162261	0.122392	0.979128
0.979304	-0.140483	-0.145701	0.118828	0.981825	-0.147983	0.163842	0.127607	0.978198
0.979018	-0.141403	-0.146727	0.119308	0.981490	-0.149811	0.165195	0.129162	0.977767
0.979092	-0.141019	-0.146604	0.118500	0.981188	-0.152408	0.165339	0.131849	0.977384
0.979326	-0.140355	-0.145673	0.117593	0.980955	-0.154593	0.164596	0.134267	0.977180
0.979520	-0.139817	-0.144886	0.116939	0.980822	-0.155928	0.163909	0.135792	0.977085
0.979655	-0.139854	-0.143936	0.116792	0.980536	-0.157825	0.163207	0.137804	0.976920
0.979791	-0.139865	-0.142992	0.116500	0.980145	-0.160449	0.162594	0.140547	0.976632
0.979965	-0.139651	-0.142007	0.116072	0.979842	-0.162596	0.161851	0.142856	0.976420
0.980048	-0.139615	-0.141467	0.115825	0.979578	-0.164350	0.161524	0.144685	0.976205
0.980192	-0.138969	-0.141105	0.114991	0.979430	-0.165815	0.161246	0.146304	0.976010
0.980302	-0.138449	-0.140857	0.114383	0.979372	-0.166574	0.161013	0.147181	0.975916
0.980368	-0.138467	-0.140376	0.114470	0.979359	-0.166592	0.160546	0.147253	0.975982
0.980354	-0.138627	-0.140318	0.114633	0.979333	-0.166631	0.160518	0.147272	0.975984
0.980359	-0.138937	-0.139971	0.115147	0.979431	-0.165700	0.160114	0.146328	0.976192
0.980422	-0.138560	-0.139910	0.115047	0.979718	-0.164066	0.159805	0.144758	0.976477
0.980558	-0.137856	-0.139646	0.114708	0.980088	-0.162080	0.159209	0.142910	0.976846
0.980657	-0.137513	-0.139290	0.114794	0.980459	-0.159755	0.158537	0.140675	0.977280
0.980839	-0.136933	-0.138583	0.114548	0.980722	-0.158315	0.157590	0.139407	0.977615
0.980819	-0.136532	-0.139118	0.114180	0.980873	-0.157642	0.157980	0.138734	0.977648
0.980935	-0.135916	-0.138901	0.113603	0.980948	-0.157591	0.157673	0.138807	0.977687
