0.998955	0.045690	-0.000609	-0.043769	0.952961	-0.299915	-0.013123	0.299628	0.953966
0.998998	0.044753	-0.000376	-0.042782	0.952473	-0.301604	-0.013140	0.301318	0.953433
0.999004	0.044627	-0.000118	-0.042561	0.951966	-0.303231	-0.013420	0.302934	0.952917
0.999022	0.044223	-0.000032	-0.042131	0.951542	-0.304619	-0.013441	0.304323	0.952474
0.999027	0.044110	0.000386	-0.041883	0.951273	-0.305493	-0.013842	0.305180	0.952194
0.999029	0.044056	0.000053	-0.041931	0.951207	-0.305692	-0.013518	0.305393	0.952130
0.999030	0.044042	0.000158	-0.041879	0.951065	-0.306139	-0.013634	0.305836	0.951987
0.999041	0.043787	0.000263	-0.041597	0.950902	-0.306684	-0.013679	0.306379	0.951811
0.999058	0.043395	0.000059	-0.041280	0.950776	-0.307116	-0.013384	0.306824	0.951672
0.999068	0.043158	0.000027	-0.041055	0.950589	-0.307727	-0.013306	0.307439	0.951475
0.999098	0.042462	-0.000065	-0.040414	0.950455	-0.308222	-0.013026	0.307947	0.951314
0.999117	0.042015	0.000111	-0.039928	0.950304	-0.308751	-0.013078	0.308474	0.951143
0.999117	0.042017	0.000302	-0.039864	0.950142	-0.309257	-0.013281	0.308972	0.950978
0.999108	0.042226	0.000510	-0.039991	0.949948	-0.309837	-0.013567	0.309540	0.950790
0.999098	0.042452	0.000838	-0.040099	0.949832	-0.310179	-0.013964	0.309866	0.950678
0.999070	0.043103	0.001280	-0.040576	0.949703	-0.310511	-0.014599	0.310171	0.950569
0.999050	0.043530	0.001844	-0.040803	0.949631	-0.310703	-0.015276	0.310333	0.950505
0.999083	0.042809	0.000986	-0.040387	0.949712	-0.310510	-0.014229	0.310186	0.950570
0.999107	0.042243	0.001010	-0.039843	0.949773	-0.310394	-0.014071	0.310077	0.950607
0.999110	0.042153	0.001629	-0.039562	0.949700	-0.310653	-0.014642	0.310312	0.950522
0.999105	0.042224	0.002461	-0.039365	0.949591	-0.311012	-0.015469	0.310636	0.950403
0.999099	0.042326	0.003012	-0.039286	0.949504	-0.311286	-0.016036	0.310887	0.950312
0.999113	0.041947	0.003710	-0.038722	0.949762	-0.310568	-0.016551	0.310149	0.950544
0.999151	0.041101	0.002729	-0.038243	0.950222	-0.309218	-0.015302	0.308851	0.950987
0.999164	0.040813	0.002547	-0.038036	0.950449	-0.308545	-0.015014	0.308190	0.951206
