0.965661	-0.181771	-0.185627	0.178180	0.983339	-0.035995	0.189077	0.001684	0.981961
0.965689	-0.182386	-0.184878	0.178646	0.983224	-0.036838	0.188495	0.002547	0.982071
0.965661	-0.183100	-0.184319	0.179218	0.983089	-0.037650	0.188096	0.003324	0.982145
0.965724	-0.183350	-0.183742	0.179375	0.983040	-0.038170	0.187624	0.003903	0.982233
0.965875	-0.183372	-0.182924	0.179346	0.983034	-0.038457	0.186872	0.004338	0.982375
0.965998	-0.183442	-0.182202	0.179370	0.983019	-0.038727	0.186212	0.004729	0.982498
0.965864	-0.183688	-0.182664	0.179561	0.982973	-0.039026	0.186723	0.004894	0.982400
0.965681	-0.184302	-0.183011	0.180121	0.982857	-0.039358	0.187127	0.005043	0.982323
0.965755	-0.184586	-0.182335	0.180358	0.982801	-0.039653	0.186519	0.005409	0.982437
0.965898	-0.184337	-0.181824	0.180065	0.982846	-0.039875	0.186056	0.005775	0.982522
0.966033	-0.183858	-0.181595	0.179602	0.982936	-0.039752	0.185805	0.005787	0.982570
0.966131	-0.183665	-0.181270	0.179450	0.982973	-0.039526	0.185443	0.005659	0.982639
0.966028	-0.184210	-0.181265	0.180083	0.982873	-0.039112	0.185365	0.005140	0.982656
0.965885	-0.184810	-0.181416	0.180828	0.982765	-0.038393	0.185385	0.004278	0.982657
0.965823	-0.185067	-0.181485	0.181236	0.982720	-0.037617	0.185311	0.003440	0.982674
0.965819	-0.185069	-0.181504	0.181309	0.982721	-0.037241	0.185260	0.003060	0.982685
0.965838	-0.184672	-0.181805	0.180950	0.982796	-0.037000	0.185510	0.002839	0.982638
0.965791	-0.184612	-0.182118	0.180912	0.982808	-0.036873	0.185794	0.002664	0.982585
0.965475	-0.185236	-0.183157	0.181550	0.982691	-0.036839	0.186811	0.002315	0.982393
0.965199	-0.185728	-0.184110	0.181962	0.982598	-0.037293	0.187832	0.002494	0.982198
0.965185	-0.185967	-0.183940	0.182134	0.982552	-0.037670	0.187736	0.002857	0.982215
0.965265	-0.185509	-0.183985	0.181617	0.982637	-0.037932	0.187828	0.003200	0.982197
0.965400	-0.184757	-0.184033	0.180860	0.982779	-0.037889	0.187864	0.003294	0.982189
0.965562	-0.183956	-0.183985	0.180050	0.982929	-0.037861	0.187809	0.003431	0.982200
0.965467	-0.183718	-0.184718	0.179721	0.982972	-0.038302	0.188610	0.003782	0.982045
