0.987873	-0.126556	-0.089951	0.128237	0.991657	0.013135	0.087539	-0.024511	0.995860
0.987969	-0.125994	-0.089679	0.127654	0.991734	0.012990	0.087301	-0.024281	0.995886
0.988146	-0.124372	-0.089989	0.125967	0.991959	0.012238	0.087744	-0.023428	0.995868
0.988250	-0.123578	-0.089946	0.125110	0.992075	0.011576	0.087803	-0.022693	0.995879
0.988250	-0.123531	-0.090012	0.125052	0.992084	0.011437	0.087886	-0.022559	0.995875
0.988208	-0.124028	-0.089790	0.125552	0.992020	0.011509	0.087646	-0.022647	0.995894
0.988148	-0.124626	-0.089618	0.126119	0.991952	0.011172	0.087504	-0.022342	0.995914
0.988074	-0.125142	-0.089721	0.126595	0.991897	0.010673	0.087659	-0.021904	0.995910
0.988011	-0.125524	-0.089874	0.126925	0.991862	0.010023	0.087884	-0.021310	0.995903
0.987984	-0.125817	-0.089767	0.127164	0.991837	0.009425	0.087848	-0.020726	0.995918
0.987986	-0.125828	-0.089726	0.127132	0.991845	0.008946	0.087869	-0.020246	0.995926
0.988014	-0.125648	-0.089671	0.126935	0.991872	0.008777	0.087839	-0.020054	0.995933
0.988074	-0.125293	-0.089511	0.126553	0.991923	0.008527	0.087720	-0.019754	0.995949
0.988144	-0.125017	-0.089124	0.126253	0.991963	0.008351	0.087364	-0.019504	0.995986
0.988227	-0.124635	-0.088737	0.125875	0.992010	0.008495	0.086970	-0.019564	0.996019
0.988183	-0.124530	-0.089371	0.125776	0.992023	0.008425	0.087608	-0.019566	0.995963
0.988081	-0.124825	-0.090082	0.126051	0.991991	0.008031	0.088358	-0.019290	0.995902
0.988084	-0.125167	-0.089569	0.126365	0.991953	0.007810	0.087871	-0.019036	0.995950
0.988090	-0.125230	-0.089414	0.126403	0.991950	0.007559	0.087748	-0.018772	0.995966
0.988146	-0.124836	-0.089344	0.125985	0.992005	0.007317	0.087716	-0.018487	0.995974
0.988192	-0.124364	-0.089501	0.125486	0.992071	0.007003	0.087921	-0.018151	0.995962
0.988219	-0.124280	-0.089316	0.125408	0.992080	0.007111	0.087724	-0.018228	0.995978
0.988224	-0.124263	-0.089283	0.125427	0.992074	0.007531	0.087640	-0.018641	0.995978
0.988228	-0.124410	-0.089039	0.125614	0.992047	0.008036	0.087331	-0.019126	0.995996
0.988187	-0.124790	-0.088964	0.126006	0.991996	0.008162	0.087233	-0.019276	0.996001
