0.994952	-0.092762	-0.038280	0.093039	0.995647	0.005531	0.037600	-0.009064	0.999252
0.995001	-0.092982	-0.036442	0.093305	0.995611	0.007248	0.035608	-0.010612	0.999309
0.994918	-0.094872	-0.033717	0.095234	0.995411	0.009300	0.032680	-0.012464	0.999388
0.994842	-0.096766	-0.030436	0.097165	0.995197	0.011901	0.029138	-0.014797	0.999466
0.994926	-0.097226	-0.025880	0.097598	0.995134	0.013530	0.024438	-0.015987	0.999573
0.995097	-0.096777	-0.020421	0.097055	0.995193	0.013118	0.019054	-0.015036	0.999705
0.995271	-0.095773	-0.016224	0.095982	0.995303	0.012658	0.014935	-0.014155	0.999788
0.995335	-0.095528	-0.013506	0.095687	0.995344	0.011599	0.012335	-0.012838	0.999842
0.995199	-0.096876	-0.013929	0.097031	0.995222	0.010897	0.012807	-0.012197	0.999844
0.994947	-0.099074	-0.016283	0.099263	0.994998	0.011230	0.015089	-0.012790	0.999804
0.994836	-0.099879	-0.018054	0.100094	0.994912	0.011433	0.016820	-0.013181	0.999772
0.994924	-0.098688	-0.019646	0.098927	0.995027	0.011619	0.018401	-0.013504	0.999739
0.995162	-0.096080	-0.020517	0.096337	0.995278	0.011897	0.019277	-0.013816	0.999719
0.995351	-0.093604	-0.022663	0.093891	0.995511	0.011943	0.021444	-0.014015	0.999672
0.995482	-0.091721	-0.024554	0.092018	0.995693	0.011282	0.023414	-0.013490	0.999635
0.995548	-0.090742	-0.025488	0.091029	0.995795	0.010330	0.024443	-0.012604	0.999622
0.995507	-0.090881	-0.026593	0.091156	0.995793	0.009315	0.025634	-0.011697	0.999603
0.995458	-0.091298	-0.026997	0.091552	0.995765	0.008335	0.026122	-0.010769	0.999601
0.995404	-0.091754	-0.027435	0.091986	0.995733	0.007318	0.026647	-0.009808	0.999597
0.995322	-0.092337	-0.028434	0.092547	0.995689	0.006158	0.027743	-0.008761	0.999577
0.995204	-0.093243	-0.029566	0.093438	0.995611	0.005296	0.028943	-0.008033	0.999549
0.995073	-0.094343	-0.030488	0.094517	0.995514	0.004335	0.029942	-0.007195	0.999526
0.994962	-0.095343	-0.030984	0.095490	0.995425	0.003303	0.030528	-0.006245	0.999514
0.994868	-0.096364	-0.030854	0.096479	0.995333	0.002237	0.030494	-0.005202	0.999521
0.994802	-0.097196	-0.030370	0.097285	0.995255	0.001477	0.030082	-0.004424	0.999538
0.994737	-0.097977	-0.029991	0.098053	0.995181	0.001057	0.029743	-0.003992	0.999550
