0.964801	-0.257719	-0.052353	0.257937	0.966158	-0.002667	0.051269	-0.010931	0.998625
0.964876	-0.257389	-0.052596	0.257609	0.966246	-0.002658	0.051505	-0.010985	0.998612
0.964901	-0.257247	-0.052815	0.257455	0.966286	-0.002950	0.051793	-0.010751	0.998600
0.964830	-0.257501	-0.052885	0.257708	0.966218	-0.003000	0.051871	-0.010735	0.998596
0.964741	-0.257788	-0.053102	0.258012	0.966138	-0.002707	0.052001	-0.011089	0.998585
0.964733	-0.257824	-0.053081	0.258072	0.966123	-0.002232	0.051859	-0.011545	0.998588
0.964595	-0.258220	-0.053662	0.258498	0.966010	-0.001807	0.052304	-0.012128	0.998558
0.964311	-0.259059	-0.054699	0.259344	0.965783	-0.001945	0.053331	-0.012310	0.998501
0.964080	-0.259945	-0.054579	0.260227	0.965546	-0.002001	0.053219	-0.012274	0.998507
0.963998	-0.260282	-0.054414	0.260565	0.965454	-0.001957	0.053044	-0.012292	0.998517
0.964126	-0.259826	-0.054334	0.260118	0.965575	-0.001751	0.052919	-0.012445	0.998521
0.964192	-0.259579	-0.054342	0.259876	0.965641	-0.001648	0.052902	-0.012533	0.998521
0.964200	-0.259530	-0.054435	0.259850	0.965648	-0.001227	0.052883	-0.012961	0.998517
0.964115	-0.259817	-0.054559	0.260187	0.965558	-0.000328	0.052765	-0.013880	0.998510
0.964055	-0.260017	-0.054675	0.260436	0.965491	0.000558	0.052643	-0.014777	0.998504
0.963941	-0.260478	-0.054498	0.260923	0.965359	0.001091	0.052326	-0.015272	0.998513
0.963743	-0.261178	-0.054646	0.261635	0.965166	0.001257	0.052415	-0.015509	0.998505
0.963521	-0.261850	-0.055333	0.262324	0.964979	0.001354	0.053040	-0.015820	0.998467
0.963307	-0.262527	-0.055853	0.263022	0.964788	0.001584	0.053470	-0.016217	0.998438
0.963118	-0.263101	-0.056405	0.263636	0.964620	0.002129	0.053849	-0.016921	0.998406
0.963056	-0.263181	-0.057094	0.263767	0.964582	0.002840	0.054324	-0.017794	0.998365
0.963119	-0.262768	-0.057918	0.263416	0.964675	0.003716	0.054895	-0.018835	0.998314
0.963325	-0.261911	-0.058376	0.262613	0.964891	0.004550	0.055135	-0.019714	0.998284
0.963524	-0.261089	-0.058781	0.261838	0.965097	0.005294	0.055348	-0.020492	0.998257
0.963625	-0.260633	-0.059137	0.261421	0.965207	0.005856	0.055553	-0.021103	0.998233
