0.993284	-0.100080	-0.058057	0.101901	0.994363	0.029294	0.054798	-0.035013	0.997883
0.993295	-0.101450	-0.055439	0.103138	0.994259	0.028473	0.052232	-0.034000	0.998056
0.993274	-0.102489	-0.053880	0.104120	0.994160	0.028383	0.050657	-0.033802	0.998144
0.993205	-0.103432	-0.053345	0.105069	0.994046	0.028852	0.050043	-0.034261	0.998159
0.993116	-0.103231	-0.055349	0.105017	0.994006	0.030390	0.051880	-0.035993	0.998004
0.993106	-0.101662	-0.058351	0.103657	0.994090	0.032239	0.054729	-0.038065	0.997775
0.993002	-0.100487	-0.062041	0.102736	0.994121	0.034192	0.058240	-0.040326	0.997488
0.992970	-0.099365	-0.064319	0.101763	0.994188	0.035148	0.060453	-0.041446	0.997310
0.993057	-0.098379	-0.064491	0.100757	0.994305	0.034725	0.060708	-0.040982	0.997314
0.993296	-0.096915	-0.063017	0.099155	0.994510	0.033439	0.059431	-0.039463	0.997452
0.993659	-0.094985	-0.060163	0.096992	0.994790	0.031376	0.056869	-0.037012	0.997695
0.993995	-0.093416	-0.056984	0.095165	0.995045	0.028782	0.054013	-0.034032	0.997960
0.994235	-0.092558	-0.054132	0.094102	0.995205	0.026699	0.051401	-0.031639	0.998177
0.994345	-0.092710	-0.051800	0.094129	0.995229	0.025669	0.049173	-0.030400	0.998328
0.994205	-0.095109	-0.050117	0.096450	0.995022	0.025055	0.047485	-0.029743	0.998429
0.993755	-0.099222	-0.051050	0.100586	0.994617	0.024879	0.048307	-0.029858	0.998386
0.993407	-0.101572	-0.053147	0.103038	0.994348	0.025599	0.050246	-0.030907	0.998259
0.993335	-0.101068	-0.055419	0.102672	0.994351	0.026901	0.052387	-0.032412	0.998101
0.993381	-0.099925	-0.056643	0.101591	0.994451	0.027315	0.053599	-0.032889	0.998021
0.993398	-0.100003	-0.056211	0.101656	0.994443	0.027360	0.053163	-0.032893	0.998044
0.993398	-0.100709	-0.054937	0.102339	0.994364	0.027695	0.051839	-0.033134	0.998106
0.993469	-0.100766	-0.053533	0.102351	0.994361	0.027744	0.050435	-0.033042	0.998181
0.993574	-0.100375	-0.052305	0.101949	0.994386	0.028335	0.049167	-0.033486	0.998229
0.993785	-0.098919	-0.051054	0.100463	0.994530	0.028602	0.047946	-0.033554	0.998286
0.993874	-0.097548	-0.051957	0.099110	0.994672	0.028372	0.048913	-0.033347	0.998246
