0.949400	-0.306876	-0.066836	0.297590	0.947007	-0.120907	0.100398	0.094899	0.990411
0.946737	-0.316267	-0.060526	0.308991	0.945177	-0.105661	0.090625	0.081331	0.992559
0.945607	-0.320601	-0.055154	0.314627	0.944405	-0.095440	0.082686	0.072896	0.993906
0.947719	-0.314799	-0.052261	0.309395	0.946565	-0.091047	0.078130	0.070117	0.994474
0.951119	-0.304524	-0.051349	0.299417	0.950038	-0.088189	0.075640	0.068504	0.994779
0.954006	-0.295195	-0.052282	0.290337	0.953215	-0.084174	0.074684	0.065123	0.995079
0.956174	-0.287664	-0.054599	0.283121	0.955898	-0.078114	0.074661	0.059233	0.995448
0.957633	-0.282509	-0.055920	0.278413	0.957825	-0.071116	0.073652	0.052535	0.995899
0.958782	-0.278075	-0.058406	0.274228	0.959393	-0.066060	0.074404	0.047320	0.996105
0.959684	-0.274231	-0.061674	0.270397	0.960628	-0.063868	0.076760	0.044616	0.996051
0.960500	-0.270745	-0.064314	0.266790	0.961637	-0.063861	0.079137	0.044180	0.995884
0.961386	-0.267340	-0.065313	0.263306	0.962571	-0.064239	0.080043	0.044561	0.995795
0.962334	-0.264176	-0.064228	0.260228	0.963443	-0.063711	0.078711	0.044597	0.995899
0.963045	-0.262238	-0.061441	0.258550	0.964011	-0.061926	0.075469	0.043752	0.996188
0.963614	-0.260930	-0.057990	0.257560	0.964421	-0.059618	0.071483	0.042512	0.996535
0.964245	-0.259213	-0.055132	0.256083	0.964919	-0.057899	0.068207	0.041711	0.996799
0.964767	-0.257806	-0.052539	0.254835	0.965295	-0.057143	0.065448	0.041741	0.996983
0.964888	-0.257728	-0.050680	0.254837	0.965296	-0.057116	0.063642	0.042195	0.997080
0.964921	-0.258173	-0.047694	0.255367	0.965114	-0.057808	0.060955	0.043600	0.997188
0.965149	-0.258051	-0.043546	0.255331	0.965019	-0.059529	0.057384	0.046336	0.997276
0.965670	-0.256758	-0.039460	0.254082	0.965176	-0.062269	0.054073	0.050105	0.997279
0.966342	-0.254758	-0.035805	0.252125	0.965503	-0.065101	0.051155	0.053882	0.997236
0.966780	-0.253419	-0.033393	0.250832	0.965721	-0.066834	0.049186	0.056237	0.997205
0.966836	-0.253167	-0.033670	0.250587	0.965814	-0.066398	0.049329	0.055759	0.997225
0.966799	-0.253106	-0.035176	0.250616	0.966038	-0.062946	0.049913	0.052040	0.997397
