0.983844	-0.166466	-0.065875	0.166302	0.986042	-0.008002	0.066287	-0.003083	0.997796
0.983713	-0.167119	-0.066187	0.166924	0.985933	-0.008496	0.066676	-0.002690	0.997771
0.983559	-0.167826	-0.066680	0.167606	0.985814	-0.008918	0.067231	-0.002405	0.997735
0.983438	-0.168329	-0.067192	0.168088	0.985728	-0.009269	0.067793	-0.002178	0.997697
0.983375	-0.168615	-0.067402	0.168356	0.985680	-0.009540	0.068045	-0.001966	0.997680
0.983334	-0.168902	-0.067273	0.168642	0.985631	-0.009564	0.067922	-0.001941	0.997689
0.983373	-0.168706	-0.067199	0.168462	0.985664	-0.009314	0.067807	-0.002161	0.997696
0.983343	-0.168575	-0.067964	0.168337	0.985686	-0.009250	0.068551	-0.002345	0.997645
0.983217	-0.168901	-0.068965	0.168654	0.985630	-0.009432	0.069567	-0.002357	0.997575
0.983159	-0.169421	-0.068527	0.169165	0.985541	-0.009553	0.069155	-0.002201	0.997604
0.983208	-0.169356	-0.067979	0.169102	0.985553	-0.009524	0.068610	-0.002131	0.997641
0.983353	-0.168632	-0.067675	0.168379	0.985677	-0.009462	0.068301	-0.002091	0.997663
0.983440	-0.168126	-0.067672	0.167871	0.985763	-0.009481	0.068302	-0.002036	0.997663
0.983429	-0.168295	-0.067407	0.168052	0.985734	-0.009298	0.068010	-0.002183	0.997682
0.983387	-0.168635	-0.067168	0.168406	0.985676	-0.009091	0.067739	-0.002372	0.997700
0.983396	-0.168745	-0.066768	0.168517	0.985657	-0.009072	0.067341	-0.002331	0.997727
0.983431	-0.168661	-0.066454	0.168404	0.985672	-0.009493	0.067103	-0.001856	0.997744
0.983436	-0.168748	-0.066166	0.168464	0.985658	-0.009889	0.066886	-0.001422	0.997760
0.983405	-0.169017	-0.065932	0.168719	0.985612	-0.010114	0.066693	-0.001178	0.997773
0.983368	-0.169331	-0.065682	0.169021	0.985559	-0.010287	0.066476	-0.000985	0.997788
0.983373	-0.169475	-0.065236	0.169160	0.985534	-0.010362	0.066049	-0.000845	0.997816
0.983412	-0.169376	-0.064903	0.169061	0.985551	-0.010363	0.065720	-0.000781	0.997838
0.983449	-0.169274	-0.064615	0.168952	0.985569	-0.010454	0.065453	-0.000636	0.997855
0.983481	-0.169355	-0.063912	0.169020	0.985555	-0.010658	0.064794	-0.000321	0.997899
0.983429	-0.170047	-0.062867	0.169732	0.985436	-0.010345	0.063711	-0.000497	0.997968
