0.986554	-0.147141	-0.071138	0.146302	0.989096	-0.016888	0.072848	0.006253	0.997324
0.986412	-0.147902	-0.071527	0.147049	0.988982	-0.017078	0.073265	0.006328	0.997292
0.986250	-0.148901	-0.071685	0.148033	0.988831	-0.017313	0.073462	0.006464	0.997277
0.986099	-0.149741	-0.072011	0.148855	0.988703	-0.017548	0.073825	0.006585	0.997249
0.985990	-0.150325	-0.072295	0.149419	0.988613	-0.017820	0.074150	0.006768	0.997224
0.985927	-0.150680	-0.072417	0.149739	0.988557	-0.018280	0.074343	0.007179	0.997207
0.985906	-0.150887	-0.072270	0.149903	0.988520	-0.018883	0.074289	0.007784	0.997206
0.985933	-0.150953	-0.071758	0.149931	0.988505	-0.019452	0.073870	0.008420	0.997232
0.985994	-0.150804	-0.071236	0.149739	0.988521	-0.020096	0.073449	0.009147	0.997257
0.986038	-0.150622	-0.071011	0.149555	0.988548	-0.020144	0.073232	0.009243	0.997272
0.986088	-0.150217	-0.071168	0.149155	0.988611	-0.020035	0.073367	0.009141	0.997263
0.986037	-0.150089	-0.072146	0.149008	0.988630	-0.020173	0.074353	0.009142	0.997190
0.985903	-0.150476	-0.073158	0.149389	0.988573	-0.020150	0.075354	0.008937	0.997117
0.985715	-0.150850	-0.074908	0.149792	0.988524	-0.019572	0.077000	0.008072	0.996998
0.985637	-0.150777	-0.076063	0.149705	0.988536	-0.019635	0.078151	0.007966	0.996910
0.985581	-0.150842	-0.076655	0.149757	0.988526	-0.019747	0.078754	0.007983	0.996862
0.985577	-0.150731	-0.076929	0.149645	0.988543	-0.019729	0.079022	0.007932	0.996841
0.985456	-0.151024	-0.077896	0.149920	0.988499	-0.019863	0.080000	0.007896	0.996764
0.985344	-0.151404	-0.078577	0.150253	0.988437	-0.020397	0.080757	0.008291	0.996699
0.985328	-0.151511	-0.078564	0.150335	0.988418	-0.020715	0.080793	0.008600	0.996694
0.985437	-0.150994	-0.078193	0.149826	0.988497	-0.020632	0.080409	0.008617	0.996725
0.985552	-0.150207	-0.078265	0.149043	0.988617	-0.020531	0.080458	0.008569	0.996721
0.985570	-0.149756	-0.078904	0.148614	0.988689	-0.020181	0.081034	0.008163	0.996678
0.985565	-0.149552	-0.079341	0.148443	0.988724	-0.019730	0.081397	0.007668	0.996652
0.985547	-0.149505	-0.079655	0.148423	0.988734	-0.019370	0.081653	0.007267	0.996634
