0.979671	-0.115891	-0.163751	0.103078	0.991059	-0.084716	0.172105	0.066115	0.982857
0.979796	-0.115315	-0.163411	0.102567	0.991136	-0.084439	0.171700	0.065973	0.982938
0.979933	-0.114575	-0.163106	0.101935	0.991247	-0.083891	0.171290	0.065581	0.983036
0.979864	-0.114303	-0.163713	0.101664	0.991297	-0.083631	0.171848	0.065303	0.982957
0.979948	-0.114100	-0.163348	0.101495	0.991320	-0.083563	0.171464	0.065308	0.983023
0.980201	-0.113685	-0.162118	0.101184	0.991365	-0.083413	0.170201	0.065357	0.983240
0.980454	-0.112493	-0.161419	0.100088	0.991506	-0.083051	0.169390	0.065272	0.983385
0.980667	-0.111284	-0.160960	0.098940	0.991643	-0.082793	0.168828	0.065267	0.983482
0.980831	-0.110530	-0.160477	0.098259	0.991735	-0.082506	0.168270	0.065156	0.983585
0.980934	-0.110391	-0.159943	0.098266	0.991788	-0.081857	0.167665	0.064579	0.983727
0.981088	-0.109952	-0.159299	0.097992	0.991877	-0.081107	0.166923	0.063963	0.983893
0.981295	-0.109406	-0.158397	0.097571	0.991953	-0.080684	0.165950	0.063720	0.984073
0.981514	-0.108777	-0.157477	0.096963	0.991997	-0.080875	0.165014	0.064110	0.984205
0.981752	-0.108757	-0.155999	0.096970	0.991962	-0.081293	0.163587	0.064682	0.984406
0.981903	-0.109096	-0.154805	0.097420	0.991931	-0.081128	0.162407	0.064579	0.984608
0.981962	-0.109217	-0.154344	0.097570	0.991915	-0.081144	0.161959	0.064621	0.984679
0.982022	-0.108833	-0.154235	0.097166	0.991943	-0.081283	0.161839	0.064835	0.984685
0.982148	-0.107789	-0.154166	0.096101	0.992040	-0.081373	0.161710	0.065104	0.984688
0.982287	-0.106969	-0.153848	0.095246	0.992098	-0.081670	0.161368	0.065570	0.984714
0.982404	-0.106551	-0.153391	0.094747	0.992091	-0.082330	0.160950	0.066348	0.984730
0.982462	-0.106284	-0.153207	0.094466	0.992106	-0.082472	0.160763	0.066553	0.984747
0.982473	-0.106006	-0.153327	0.094184	0.992137	-0.082428	0.160859	0.066542	0.984732
0.982336	-0.106242	-0.154040	0.094350	0.992108	-0.082577	0.161597	0.066585	0.984608
0.982349	-0.106467	-0.153803	0.094522	0.992055	-0.083015	0.161420	0.067012	0.984608
0.982507	-0.106141	-0.153018	0.094222	0.992072	-0.083163	0.160632	0.067290	0.984718
