0.987687	-0.104456	-0.116465	0.098176	0.993452	-0.058432	0.121806	0.046278	0.991474
0.987700	-0.104058	-0.116704	0.097758	0.993491	-0.058480	0.122029	0.046352	0.991444
0.987702	-0.103709	-0.117000	0.097400	0.993529	-0.058422	0.122301	0.046308	0.991412
0.987706	-0.103559	-0.117100	0.097286	0.993560	-0.058094	0.122362	0.045987	0.991419
0.987643	-0.103650	-0.117552	0.097423	0.993578	-0.057550	0.122762	0.045387	0.991398
0.987656	-0.103381	-0.117682	0.097198	0.993624	-0.057135	0.122838	0.044991	0.991406
0.987771	-0.102663	-0.117340	0.096557	0.993717	-0.056597	0.122413	0.044575	0.991478
0.987878	-0.101685	-0.117289	0.095679	0.993849	-0.055759	0.122237	0.043861	0.991531
0.987902	-0.101064	-0.117621	0.095120	0.993939	-0.055111	0.122478	0.043257	0.991528
0.987819	-0.101005	-0.118369	0.095064	0.993961	-0.054817	0.123191	0.042897	0.991455
0.987891	-0.100651	-0.118075	0.094723	0.993994	-0.054800	0.122881	0.042952	0.991491
0.988059	-0.099963	-0.117251	0.094055	0.994052	-0.054894	0.122041	0.043210	0.991584
0.988190	-0.098830	-0.117104	0.092918	0.994158	-0.054926	0.121849	0.043397	0.991600
0.988301	-0.097872	-0.116968	0.091987	0.994256	-0.054707	0.121651	0.043308	0.991628
0.988283	-0.098046	-0.116980	0.092192	0.994251	-0.054455	0.121646	0.043033	0.991640
0.988264	-0.098569	-0.116697	0.092754	0.994209	-0.054263	0.121370	0.042802	0.991684
0.988307	-0.098858	-0.116091	0.093087	0.994185	-0.054140	0.120768	0.042701	0.991762
0.988327	-0.099152	-0.115666	0.093373	0.994146	-0.054364	0.120379	0.042930	0.991799
0.988270	-0.100226	-0.115229	0.094421	0.994023	-0.054799	0.120032	0.043276	0.991826
0.988174	-0.101330	-0.115082	0.095513	0.993908	-0.054999	0.119954	0.043356	0.991832
0.988025	-0.101809	-0.115938	0.095949	0.993862	-0.055060	0.120832	0.043277	0.991729
0.987929	-0.101500	-0.117023	0.095509	0.993868	-0.055723	0.121961	0.043873	0.991565
0.987949	-0.101181	-0.117127	0.095021	0.993839	-0.057047	0.122178	0.045230	0.991477
0.987972	-0.101304	-0.116825	0.095068	0.993792	-0.057783	0.121953	0.045981	0.991470
