0.993421	-0.105132	-0.045420	0.104261	0.994325	-0.021131	0.047384	0.016256	0.998744
0.993291	-0.106299	-0.045544	0.105427	0.994202	-0.021153	0.047529	0.016210	0.998738
0.993113	-0.108028	-0.045352	0.107154	0.994015	-0.021287	0.047380	0.016281	0.998744
0.992853	-0.110350	-0.045443	0.109469	0.993759	-0.021447	0.047526	0.016319	0.998737
0.992698	-0.111471	-0.046101	0.110560	0.993629	-0.021877	0.048246	0.016620	0.998697
0.992684	-0.111167	-0.047114	0.110198	0.993651	-0.022680	0.049336	0.017323	0.998632
0.992701	-0.110899	-0.047387	0.109904	0.993674	-0.023103	0.049650	0.017727	0.998609
0.992743	-0.110544	-0.047347	0.109508	0.993697	-0.023955	0.049696	0.018596	0.998591
0.992695	-0.110671	-0.048041	0.109601	0.993677	-0.024366	0.050433	0.018923	0.998548
0.992688	-0.110566	-0.048443	0.109459	0.993678	-0.024940	0.050894	0.019455	0.998515
0.992756	-0.109984	-0.048359	0.108853	0.993732	-0.025448	0.050855	0.020000	0.998506
0.992919	-0.108700	-0.047922	0.107565	0.993867	-0.025669	0.050418	0.020333	0.998521
0.993074	-0.107493	-0.047423	0.106353	0.993990	-0.025935	0.049926	0.020712	0.998538
0.993156	-0.106998	-0.046834	0.105863	0.994039	-0.026075	0.049345	0.020939	0.998562
0.993142	-0.106878	-0.047382	0.105746	0.994059	-0.025784	0.049856	0.020596	0.998544
0.993073	-0.107292	-0.047906	0.106161	0.994020	-0.025568	0.050363	0.020305	0.998525
0.992975	-0.108362	-0.047512	0.107216	0.993894	-0.026048	0.050044	0.020771	0.998531
0.992833	-0.110016	-0.046678	0.108880	0.993709	-0.026227	0.049270	0.020957	0.998566
0.992757	-0.110872	-0.046265	0.109746	0.993614	-0.026218	0.048877	0.020950	0.998585
0.992699	-0.111280	-0.046539	0.110134	0.993563	-0.026506	0.049189	0.021187	0.998565
0.992576	-0.112358	-0.046563	0.111180	0.993429	-0.027164	0.049309	0.021786	0.998546
0.992488	-0.113446	-0.045794	0.112285	0.993304	-0.027169	0.048569	0.021823	0.998581
0.992534	-0.113371	-0.044986	0.112258	0.993325	-0.026529	0.047694	0.021281	0.998635
0.992631	-0.112651	-0.044655	0.111548	0.993406	-0.026476	0.047344	0.021300	0.998652
0.992762	-0.111742	-0.044015	0.110650	0.993505	-0.026535	0.046695	0.021473	0.998678
0.992751	-0.112049	-0.043474	0.110940	0.993457	-0.027129	0.046229	0.022109	0.998686
