0.999380	0.013552	-0.032491	-0.019828	0.979307	-0.201408	0.029089	0.201928	0.978968
0.999379	0.013196	-0.032672	-0.019508	0.979365	-0.201154	0.029343	0.201666	0.979015
0.999390	0.013046	-0.032383	-0.019278	0.979539	-0.200328	0.029107	0.200831	0.979194
0.999401	0.012950	-0.032082	-0.019112	0.979626	-0.199917	0.028840	0.200411	0.979287
0.999413	0.012615	-0.031849	-0.018736	0.979634	-0.199917	0.028678	0.200397	0.979295
0.999434	0.012073	-0.031389	-0.018121	0.979587	-0.200201	0.028331	0.200657	0.979252
0.999468	0.011193	-0.030642	-0.017108	0.979610	-0.200178	0.027776	0.200595	0.979280
0.999496	0.010543	-0.029960	-0.016329	0.979662	-0.199989	0.027242	0.200378	0.979340
0.999509	0.010390	-0.029569	-0.016100	0.979665	-0.199992	0.026890	0.200370	0.979351
0.999516	0.010386	-0.029314	-0.016049	0.979639	-0.200125	0.026639	0.200499	0.979332
0.999533	0.010298	-0.028777	-0.015859	0.979607	-0.200296	0.026127	0.200659	0.979313
0.999540	0.010201	-0.028574	-0.015723	0.979614	-0.200274	0.025948	0.200631	0.979323
0.999553	0.010438	-0.028006	-0.015843	0.979595	-0.200354	0.025344	0.200708	0.979323
0.999533	0.010087	-0.028840	-0.015665	0.979608	-0.200305	0.026231	0.200663	0.979309
0.999538	0.009724	-0.028810	-0.015302	0.979622	-0.200265	0.026276	0.200613	0.979318
0.999560	0.009489	-0.028091	-0.014926	0.979637	-0.200223	0.025619	0.200554	0.979348
0.999561	0.009836	-0.027946	-0.015240	0.979609	-0.200335	0.025405	0.200673	0.979329
0.999547	0.010373	-0.028251	-0.015835	0.979550	-0.200575	0.025593	0.200932	0.979271
0.999552	0.010435	-0.028051	-0.015851	0.979578	-0.200436	0.025387	0.200791	0.979305
0.999558	0.009941	-0.028015	-0.015352	0.979653	-0.200111	0.025455	0.200453	0.979373
0.999562	0.009739	-0.027944	-0.015134	0.979705	-0.199873	0.025430	0.200208	0.979423
0.999567	0.009730	-0.027778	-0.015098	0.979645	-0.200170	0.025265	0.200503	0.979367
0.999558	0.009526	-0.028149	-0.014978	0.979609	-0.200353	0.025667	0.200686	0.979319
0.999487	0.010233	-0.030360	-0.016127	0.979502	-0.200785	0.027683	0.201172	0.979165
