0.989720	-0.089790	-0.111316	0.088352	0.995930	-0.017790	0.112460	0.007772	0.993626
0.989746	-0.090011	-0.110909	0.088568	0.995910	-0.017880	0.112065	0.007874	0.993670
0.989815	-0.089769	-0.110485	0.088296	0.995929	-0.018157	0.111665	0.008217	0.993712
0.989928	-0.088836	-0.110234	0.087341	0.996010	-0.018329	0.111422	0.008517	0.993737
0.989966	-0.088181	-0.110415	0.086671	0.996067	-0.018409	0.111604	0.008654	0.993715
0.989986	-0.088021	-0.110359	0.086535	0.996083	-0.018196	0.111528	0.008464	0.993725
0.989933	-0.088215	-0.110679	0.086756	0.996068	-0.017939	0.111826	0.008157	0.993694
0.989925	-0.088195	-0.110767	0.086779	0.996073	-0.017550	0.111879	0.007760	0.993692
0.989929	-0.088239	-0.110703	0.086839	0.996070	-0.017414	0.111804	0.007625	0.993701
0.989891	-0.088412	-0.110903	0.087001	0.996054	-0.017508	0.112014	0.007683	0.993677
0.989833	-0.088718	-0.111176	0.087309	0.996028	-0.017485	0.112286	0.007601	0.993647
0.989776	-0.089110	-0.111369	0.087726	0.995995	-0.017277	0.112463	0.007331	0.993629
0.989750	-0.089371	-0.111394	0.088018	0.995974	-0.017013	0.112466	0.007034	0.993631
0.989759	-0.089338	-0.111338	0.088016	0.995978	-0.016741	0.112386	0.006770	0.993642
0.989782	-0.089136	-0.111297	0.087831	0.995997	-0.016577	0.112329	0.006633	0.993649
0.989796	-0.089053	-0.111233	0.087757	0.996005	-0.016500	0.112258	0.006571	0.993657
0.989798	-0.089010	-0.111249	0.087708	0.996009	-0.016549	0.112278	0.006623	0.993655
0.989800	-0.089096	-0.111169	0.087817	0.996002	-0.016365	0.112183	0.006435	0.993667
0.989805	-0.089261	-0.110986	0.088009	0.995989	-0.016142	0.111982	0.006209	0.993691
0.989823	-0.089222	-0.110858	0.087994	0.995994	-0.015929	0.111835	0.006012	0.993709
0.989712	-0.089480	-0.111641	0.088271	0.995972	-0.015736	0.112599	0.005720	0.993624
0.989571	-0.090018	-0.112457	0.088796	0.995924	-0.015844	0.113425	0.005693	0.993530
0.989568	-0.090329	-0.112235	0.089087	0.995895	-0.016039	0.113223	0.005873	0.993552
0.989603	-0.090113	-0.112099	0.088866	0.995914	-0.016080	0.113090	0.005951	0.993567
0.989702	-0.089237	-0.111927	0.087995	0.995992	-0.015997	0.112906	0.005984	0.993588
