0.968433	-0.248874	-0.014079	0.249185	0.968042	0.028300	0.006586	-0.030915	0.999500
0.968349	-0.249324	-0.011711	0.249564	0.967937	0.028579	0.004210	-0.030597	0.999523
0.968439	-0.249031	-0.010430	0.249224	0.968094	0.026098	0.003598	-0.027874	0.999605
0.968682	-0.248075	-0.010666	0.248257	0.968438	0.022263	0.004807	-0.024214	0.999695
0.969088	-0.246445	-0.011556	0.246636	0.968904	0.019904	0.006292	-0.022138	0.999735
0.969504	-0.244774	-0.012184	0.244980	0.969321	0.020022	0.006910	-0.022397	0.999725
0.969779	-0.243646	-0.012855	0.243882	0.969554	0.022079	0.007084	-0.024547	0.999674
0.969819	-0.243485	-0.012865	0.243740	0.969519	0.024976	0.006391	-0.027358	0.999605
0.969787	-0.243575	-0.013549	0.243866	0.969425	0.027297	0.006486	-0.029777	0.999536
0.969951	-0.242851	-0.014780	0.243192	0.969544	0.029037	0.007278	-0.031759	0.999469
0.970452	-0.240807	-0.015351	0.241177	0.970003	0.030465	0.007554	-0.033268	0.999418
0.971021	-0.238503	-0.015296	0.238884	0.970522	0.031955	0.007224	-0.034683	0.999372
0.971419	-0.236910	-0.014787	0.237284	0.970866	0.033398	0.006443	-0.035952	0.999333
0.971692	-0.235782	-0.014866	0.236168	0.971092	0.034722	0.006250	-0.037250	0.999286
0.972025	-0.234364	-0.015522	0.234786	0.971365	0.036413	0.006544	-0.039038	0.999216
0.972437	-0.232577	-0.016582	0.233055	0.971714	0.038164	0.007237	-0.040976	0.999134
0.972710	-0.231369	-0.017406	0.231895	0.971926	0.039812	0.007706	-0.042761	0.999056
0.972727	-0.231253	-0.017991	0.231817	0.971878	0.041393	0.007913	-0.044435	0.998981
0.972414	-0.232567	-0.017980	0.233141	0.971494	0.042940	0.007481	-0.045948	0.998916
0.971829	-0.234933	-0.018845	0.235553	0.970869	0.043919	0.007978	-0.047120	0.998857
0.971262	-0.237263	-0.018882	0.237885	0.970284	0.044269	0.007817	-0.047488	0.998841
0.970911	-0.238731	-0.018439	0.239329	0.969934	0.044159	0.007343	-0.047287	0.998854
0.970679	-0.239659	-0.018587	0.240263	0.969706	0.044090	0.007457	-0.047263	0.998855
0.970547	-0.240148	-0.019154	0.240773	0.969608	0.043451	0.008137	-0.046783	0.998872
0.970502	-0.240287	-0.019693	0.240927	0.969620	0.042324	0.008925	-0.045820	0.998910
