0.962201	-0.245452	-0.117998	0.249017	0.968363	0.016255	0.110275	-0.045024	0.992881
0.963490	-0.241625	-0.115343	0.245071	0.969365	0.016477	0.107828	-0.044143	0.993189
0.963717	-0.240777	-0.115220	0.244051	0.969647	0.014992	0.108113	-0.042568	0.993227
0.963643	-0.240446	-0.116523	0.243598	0.969784	0.013401	0.109780	-0.041299	0.993098
0.963812	-0.239360	-0.117357	0.242417	0.970094	0.012296	0.110904	-0.040301	0.993014
0.964052	-0.238499	-0.117136	0.241444	0.970348	0.011418	0.110939	-0.039290	0.993050
0.964008	-0.239266	-0.115930	0.242000	0.970226	0.009901	0.110109	-0.037600	0.993208
0.963755	-0.241310	-0.113778	0.243716	0.969818	0.007523	0.108528	-0.034980	0.993478
0.963583	-0.243055	-0.111503	0.245062	0.969497	0.004445	0.107021	-0.031608	0.993754
0.963661	-0.243616	-0.109583	0.245220	0.969467	0.001205	0.105944	-0.028033	0.993977
0.963702	-0.244504	-0.107219	0.245730	0.969337	-0.001834	0.104380	-0.024579	0.994234
0.963659	-0.245768	-0.104687	0.246718	0.969079	-0.003984	0.102429	-0.021989	0.994497
0.963675	-0.246451	-0.102923	0.247193	0.968949	-0.005676	0.101126	-0.019972	0.994673
0.963789	-0.246731	-0.101165	0.247318	0.968910	-0.006899	0.099722	-0.018370	0.994846
0.963830	-0.247280	-0.099420	0.247744	0.968794	-0.007849	0.098258	-0.017065	0.995015
0.964141	-0.246667	-0.097914	0.247042	0.968968	-0.008463	0.096963	-0.016029	0.995159
0.964518	-0.245574	-0.096947	0.245803	0.969271	-0.009761	0.096365	-0.014415	0.995242
0.964611	-0.244869	-0.097798	0.244906	0.969475	-0.011815	0.097706	-0.012555	0.995136
0.964747	-0.244109	-0.098352	0.243943	0.969690	-0.013897	0.098763	-0.010586	0.995055
0.965037	-0.242710	-0.098976	0.242317	0.970063	-0.016149	0.099933	-0.008399	0.994959
0.965331	-0.240918	-0.100477	0.240353	0.970521	-0.017867	0.101820	-0.006902	0.994779
0.965445	-0.240107	-0.101318	0.239351	0.970733	-0.019740	0.103093	-0.005193	0.994658
0.965551	-0.240363	-0.099686	0.239422	0.970678	-0.021475	0.101924	-0.003132	0.994787
0.965460	-0.241668	-0.097387	0.240605	0.970358	-0.022698	0.099986	-0.001518	0.994988
0.965149	-0.243639	-0.095540	0.242558	0.969865	-0.022950	0.098252	-0.001023	0.995161
