0.888460	0.053392	-0.455838	-0.075810	0.996639	-0.031024	0.452649	0.062121	0.889522
0.888228	0.053965	-0.456223	-0.076372	0.996603	-0.030806	0.453011	0.062205	0.889332
0.887940	0.054720	-0.456692	-0.077265	0.996534	-0.030822	0.453422	0.062654	0.889091
0.888011	0.054668	-0.456562	-0.077321	0.996522	-0.031066	0.453275	0.062889	0.889149
0.888882	0.053227	-0.455034	-0.075491	0.996668	-0.030884	0.451874	0.061804	0.889938
0.890614	0.050606	-0.451935	-0.072689	0.996853	-0.031623	0.448912	0.061014	0.891490
0.891656	0.049212	-0.450032	-0.071209	0.996946	-0.032070	0.447079	0.060642	0.892437
0.892119	0.048250	-0.449217	-0.070067	0.997027	-0.032059	0.446335	0.060076	0.892847
0.892213	0.047983	-0.449059	-0.069498	0.997083	-0.031541	0.446236	0.059350	0.892945
0.892073	0.048011	-0.449334	-0.069423	0.997097	-0.031287	0.446527	0.059104	0.892816
0.891785	0.048460	-0.449857	-0.069874	0.997071	-0.031107	0.447032	0.059174	0.892559
0.891502	0.049035	-0.450356	-0.070459	0.997035	-0.030918	0.447504	0.059295	0.892314
0.891272	0.049480	-0.450762	-0.070884	0.997012	-0.030715	0.447895	0.059327	0.892115
0.890933	0.049964	-0.451379	-0.071407	0.996978	-0.030587	0.448487	0.059483	0.891808
0.890687	0.050528	-0.451800	-0.072044	0.996934	-0.030534	0.448872	0.059746	0.891596
0.890458	0.051024	-0.452196	-0.072639	0.996890	-0.030554	0.449231	0.060054	0.891395
0.890231	0.051595	-0.452578	-0.073199	0.996856	-0.030340	0.449590	0.060138	0.891208
0.890069	0.051841	-0.452868	-0.073423	0.996844	-0.030195	0.449873	0.060126	0.891066
0.889830	0.051938	-0.453327	-0.073493	0.996843	-0.030048	0.450335	0.060054	0.890838
0.889869	0.052174	-0.453223	-0.073562	0.996849	-0.029678	0.450246	0.059749	0.890903
0.889719	0.052226	-0.453511	-0.073609	0.996847	-0.029615	0.450535	0.059732	0.890758
0.889563	0.052151	-0.453825	-0.073523	0.996855	-0.029562	0.450856	0.059663	0.890600
0.889375	0.052266	-0.454180	-0.073689	0.996842	-0.029585	0.451200	0.059780	0.890418
0.889296	0.052786	-0.454275	-0.074202	0.996809	-0.029432	0.451272	0.059882	0.890375
