0.890157	0.094512	-0.445743	-0.114683	0.993231	-0.018426	0.440985	0.067521	0.894971
0.890682	0.093205	-0.444970	-0.113157	0.993406	-0.018418	0.440319	0.066756	0.895356
0.891426	0.091691	-0.443794	-0.111302	0.993619	-0.018276	0.439286	0.065687	0.895943
0.892055	0.090433	-0.442787	-0.109899	0.993772	-0.018445	0.438361	0.065116	0.896437
0.892449	0.089278	-0.442227	-0.108813	0.993882	-0.018945	0.437830	0.065028	0.896703
0.892336	0.088954	-0.442520	-0.108621	0.993897	-0.019242	0.438108	0.065237	0.896552
0.891952	0.089366	-0.443211	-0.109256	0.993823	-0.019488	0.438732	0.065806	0.896205
0.891346	0.089856	-0.444328	-0.110085	0.993723	-0.019876	0.439753	0.066630	0.895644
0.890904	0.090358	-0.445113	-0.110964	0.993615	-0.020394	0.440428	0.067560	0.895242
0.890538	0.090989	-0.445717	-0.111880	0.993506	-0.020720	0.440937	0.068319	0.894934
0.890328	0.091462	-0.446040	-0.112410	0.993447	-0.020669	0.441226	0.068541	0.894774
0.890303	0.091662	-0.446047	-0.112591	0.993428	-0.020582	0.441229	0.068545	0.894773
0.890540	0.091279	-0.445654	-0.112202	0.993469	-0.020729	0.440851	0.068463	0.894965
0.891003	0.090557	-0.444874	-0.111345	0.993565	-0.020756	0.440131	0.068028	0.895353
0.891735	0.089723	-0.443575	-0.110223	0.993694	-0.020587	0.438930	0.067250	0.896001
0.892174	0.089288	-0.442778	-0.109765	0.993740	-0.020779	0.438151	0.067140	0.896390
0.891883	0.090168	-0.443187	-0.110603	0.993655	-0.020419	0.438534	0.067229	0.896197
0.890827	0.091998	-0.444930	-0.112527	0.993450	-0.019884	0.440187	0.067780	0.895344
0.889798	0.093822	-0.446606	-0.114505	0.993232	-0.019480	0.441756	0.068472	0.894519
0.889072	0.095235	-0.447752	-0.115948	0.993073	-0.019008	0.442840	0.068816	0.893956
0.888456	0.096405	-0.448723	-0.117191	0.992933	-0.018709	0.443748	0.069208	0.893475
0.887996	0.096901	-0.449526	-0.117824	0.992858	-0.018728	0.444501	0.069595	0.893071
0.888329	0.095815	-0.449101	-0.116801	0.992970	-0.019187	0.444105	0.069499	0.893275
0.889665	0.093073	-0.447027	-0.113931	0.993289	-0.019937	0.442171	0.068668	0.894298
0.890723	0.090716	-0.445401	-0.111531	0.993546	-0.020684	0.440650	0.068100	0.895092
