0.887428	0.087423	-0.452581	-0.107414	0.994040	-0.018605	0.448257	0.065124	0.891529
0.887394	0.087797	-0.452574	-0.107650	0.994022	-0.018241	0.448267	0.064906	0.891540
0.887150	0.088441	-0.452927	-0.108313	0.993953	-0.018069	0.448590	0.065087	0.891365
0.886799	0.089283	-0.453449	-0.109258	0.993851	-0.017986	0.449055	0.065493	0.891101
0.886705	0.089458	-0.453599	-0.109416	0.993835	-0.017885	0.449203	0.065490	0.891026
0.886571	0.089645	-0.453824	-0.109523	0.993828	-0.017645	0.449441	0.065348	0.890917
0.886400	0.090055	-0.454076	-0.109934	0.993785	-0.017508	0.449677	0.065438	0.890791
0.886281	0.090430	-0.454233	-0.110272	0.993751	-0.017320	0.449828	0.065440	0.890715
0.886417	0.090396	-0.453975	-0.110097	0.993774	-0.017092	0.449603	0.065132	0.890851
0.886829	0.090298	-0.453189	-0.109825	0.993807	-0.016896	0.448857	0.064755	0.891254
0.887106	0.089689	-0.452768	-0.109132	0.993883	-0.016943	0.448479	0.064442	0.891467
0.887558	0.088906	-0.452036	-0.108180	0.993988	-0.016911	0.447814	0.063911	0.891839
0.887818	0.088450	-0.451615	-0.107748	0.994031	-0.017135	0.447403	0.063874	0.892049
0.888103	0.088212	-0.451101	-0.107595	0.994042	-0.017444	0.446874	0.064028	0.892303
0.888235	0.088025	-0.450876	-0.107488	0.994049	-0.017683	0.446636	0.064170	0.892411
0.888342	0.087622	-0.450745	-0.107103	0.994088	-0.017837	0.446517	0.064122	0.892475
0.888308	0.087171	-0.450899	-0.106675	0.994132	-0.017966	0.446687	0.064059	0.892394
0.888158	0.087017	-0.451225	-0.106618	0.994135	-0.018143	0.446999	0.064222	0.892226
0.888106	0.086976	-0.451336	-0.106724	0.994118	-0.018428	0.447078	0.064535	0.892164
0.887930	0.087151	-0.451647	-0.106984	0.994089	-0.018507	0.447364	0.064752	0.892005
0.887871	0.087027	-0.451787	-0.106872	0.994100	-0.018538	0.447508	0.064742	0.891933
0.888029	0.086589	-0.451561	-0.106415	0.994147	-0.018640	0.447304	0.064606	0.892046
0.888132	0.086519	-0.451371	-0.106270	0.994164	-0.018538	0.447133	0.064431	0.892144
0.888232	0.086503	-0.451177	-0.106296	0.994159	-0.018658	0.446928	0.064531	0.892239
0.888116	0.086801	-0.451349	-0.106668	0.994119	-0.018706	0.447070	0.064757	0.892152
0.887858	0.087256	-0.451769	-0.107099	0.994077	-0.018483	0.447480	0.064794	0.891943
