0.898019	0.051930	-0.436880	-0.092515	0.993096	-0.072123	0.430119	0.105186	0.896624
0.897991	0.052155	-0.436911	-0.092819	0.993060	-0.072229	0.430112	0.105414	0.896600
0.897822	0.052419	-0.437227	-0.093173	0.993023	-0.072273	0.430388	0.105627	0.896443
0.897528	0.052656	-0.437802	-0.093537	0.992985	-0.072328	0.430922	0.105867	0.896158
0.897301	0.053087	-0.438215	-0.093970	0.992959	-0.072126	0.431300	0.105898	0.895972
0.897191	0.053642	-0.438372	-0.094482	0.992929	-0.071871	0.431417	0.105901	0.895915
0.896921	0.053845	-0.438900	-0.094852	0.992882	-0.072028	0.431898	0.106234	0.895644
0.896877	0.053653	-0.439013	-0.094703	0.992889	-0.072130	0.432022	0.106268	0.895581
0.896688	0.053854	-0.439374	-0.094965	0.992865	-0.072111	0.432356	0.106386	0.895405
0.896668	0.054275	-0.439363	-0.095366	0.992837	-0.071979	0.432309	0.106442	0.895421
0.896366	0.054739	-0.439923	-0.095955	0.992780	-0.071981	0.432807	0.106734	0.895146
0.896072	0.055364	-0.440442	-0.096726	0.992703	-0.072004	0.433242	0.107123	0.894889
0.895933	0.055826	-0.440667	-0.097098	0.992692	-0.071655	0.433447	0.106986	0.894806
0.895856	0.055765	-0.440831	-0.097033	0.992701	-0.071613	0.433620	0.106930	0.894729
0.896035	0.055274	-0.440529	-0.096453	0.992757	-0.071622	0.433380	0.106666	0.894877
0.896693	0.054605	-0.439273	-0.095385	0.992884	-0.071289	0.432254	0.105825	0.895521
0.898026	0.052843	-0.436758	-0.092987	0.993130	-0.071034	0.430004	0.104403	0.896770
0.898999	0.051064	-0.434963	-0.090847	0.993320	-0.071153	0.428424	0.103482	0.897633
0.899568	0.050077	-0.433900	-0.089583	0.993440	-0.071072	0.427495	0.102804	0.898153
0.899797	0.049714	-0.433468	-0.089114	0.993485	-0.071043	0.427112	0.102552	0.898365
0.899654	0.049978	-0.433733	-0.089388	0.993468	-0.070934	0.427354	0.102587	0.898245
0.899236	0.050603	-0.434527	-0.090289	0.993370	-0.071166	0.428044	0.103228	0.897843
0.898549	0.051268	-0.435868	-0.091509	0.993211	-0.071823	0.429227	0.104422	0.897140
0.898035	0.051864	-0.436855	-0.092474	0.993094	-0.072195	0.430094	0.105231	0.896630
0.897926	0.052091	-0.437053	-0.092885	0.993035	-0.072477	0.430234	0.105675	0.896511
