0.895025	0.051815	-0.442996	-0.083645	0.995106	-0.052604	0.438102	0.084136	0.894979
0.895088	0.052290	-0.442812	-0.084111	0.995072	-0.052514	0.437884	0.084250	0.895075
0.895114	0.052421	-0.442745	-0.084168	0.995076	-0.052348	0.437821	0.084122	0.895118
0.895364	0.051987	-0.442291	-0.083660	0.995116	-0.052393	0.437407	0.083913	0.895340
0.895114	0.051902	-0.442806	-0.083758	0.995093	-0.052677	0.437899	0.084240	0.895069
0.894666	0.052454	-0.443645	-0.084305	0.995063	-0.052362	0.438709	0.084248	0.894671
0.894274	0.051669	-0.444528	-0.083820	0.995072	-0.052964	0.439601	0.084624	0.894198
0.894449	0.050210	-0.444341	-0.082391	0.995169	-0.053397	0.439514	0.084371	0.894265
0.894576	0.050400	-0.444064	-0.082435	0.995180	-0.053115	0.439247	0.084122	0.894419
0.894411	0.051889	-0.444226	-0.083910	0.995078	-0.052714	0.439304	0.084423	0.894363
0.895012	0.052418	-0.442952	-0.084351	0.995042	-0.052684	0.437995	0.084516	0.894996
0.895558	0.052226	-0.441870	-0.084440	0.994989	-0.053537	0.436860	0.085257	0.895480
0.895265	0.053578	-0.442301	-0.085582	0.994936	-0.052705	0.437237	0.085038	0.895317
0.894521	0.055075	-0.443619	-0.086743	0.994904	-0.051393	0.438528	0.084453	0.894741
0.892446	0.057675	-0.447452	-0.089275	0.994759	-0.049839	0.442233	0.084425	0.892918
0.889741	0.060749	-0.452405	-0.092544	0.994529	-0.048459	0.446986	0.084984	0.890495
0.890484	0.059115	-0.451158	-0.090726	0.994683	-0.048738	0.445878	0.084332	0.891112
0.893118	0.053377	-0.446644	-0.085013	0.995070	-0.051076	0.441715	0.083588	0.893253
0.894329	0.049624	-0.444649	-0.081148	0.995338	-0.052132	0.439989	0.082705	0.894187
0.894529	0.049448	-0.444268	-0.080937	0.995352	-0.052181	0.439623	0.082635	0.894373
0.894828	0.049964	-0.443606	-0.081465	0.995307	-0.052226	0.438914	0.082872	0.894699
0.895485	0.049729	-0.442306	-0.080993	0.995354	-0.052068	0.437662	0.082450	0.895352
0.896341	0.049055	-0.440643	-0.080172	0.995410	-0.052267	0.436056	0.082176	0.896160
0.897080	0.048685	-0.439178	-0.079592	0.995458	-0.052227	0.434641	0.081807	0.896881
0.897665	0.047995	-0.438057	-0.078911	0.995491	-0.052635	0.433556	0.081816	0.897405
0.897833	0.047640	-0.437752	-0.078933	0.995440	-0.053561	0.433204	0.082642	0.897499
