0.895330	0.049222	-0.442675	-0.080125	0.995460	-0.051370	0.438136	0.081462	0.895210
0.895229	0.049330	-0.442868	-0.080189	0.995463	-0.051215	0.438332	0.081362	0.895123
0.895303	0.049427	-0.442708	-0.080173	0.995476	-0.050995	0.438185	0.081149	0.895215
0.895326	0.049038	-0.442703	-0.079820	0.995496	-0.051157	0.438200	0.081139	0.895208
0.895206	0.048751	-0.442978	-0.079687	0.995490	-0.051481	0.438470	0.081385	0.895053
0.895116	0.048722	-0.443164	-0.079745	0.995477	-0.051629	0.438644	0.081554	0.894953
0.894920	0.049248	-0.443500	-0.080313	0.995437	-0.051523	0.438939	0.081727	0.894792
0.894671	0.049738	-0.443948	-0.080991	0.995373	-0.051700	0.439322	0.082210	0.894560
0.894507	0.050131	-0.444233	-0.081476	0.995332	-0.051738	0.439566	0.082474	0.894416
0.894466	0.050587	-0.444265	-0.081871	0.995311	-0.051502	0.439577	0.082439	0.894414
0.894239	0.050857	-0.444692	-0.082248	0.995277	-0.051570	0.439969	0.082691	0.894198
0.894072	0.050898	-0.445022	-0.082375	0.995261	-0.051666	0.440283	0.082852	0.894028
0.893826	0.051403	-0.445458	-0.082847	0.995236	-0.051390	0.440695	0.082839	0.893827
0.893804	0.051919	-0.445442	-0.083334	0.995205	-0.051217	0.440647	0.082899	0.893845
0.893812	0.052174	-0.445397	-0.083604	0.995183	-0.051199	0.440580	0.082999	0.893868
0.893872	0.052002	-0.445295	-0.083525	0.995177	-0.051449	0.440472	0.083182	0.893904
0.893971	0.051766	-0.445124	-0.083326	0.995185	-0.051614	0.440309	0.083232	0.893980
0.893813	0.052006	-0.445413	-0.083552	0.995173	-0.051470	0.440587	0.083220	0.893844
0.893820	0.051908	-0.445412	-0.083464	0.995179	-0.051511	0.440591	0.083217	0.893843
0.893793	0.051946	-0.445462	-0.083459	0.995184	-0.051406	0.440646	0.083125	0.893824
0.893722	0.052088	-0.445587	-0.083491	0.995196	-0.051125	0.440784	0.082894	0.893777
0.893619	0.052196	-0.445781	-0.083556	0.995199	-0.050969	0.440980	0.082795	0.893690
0.893840	0.052080	-0.445351	-0.083437	0.995203	-0.051082	0.440554	0.082818	0.893898
0.893809	0.053733	-0.445216	-0.084833	0.995129	-0.050207	0.440350	0.082645	0.894014
0.895117	0.052991	-0.442671	-0.083826	0.995207	-0.050370	0.437880	0.082194	0.895268
0.895510	0.051829	-0.442013	-0.083269	0.995169	-0.052011	0.437182	0.083383	0.895499
