0.899081	0.073600	-0.431552	-0.102791	0.993699	-0.044677	0.425544	0.084528	0.900981
0.898812	0.074854	-0.431897	-0.104037	0.993586	-0.044306	0.425810	0.084756	0.900834
0.898961	0.075501	-0.431472	-0.104516	0.993554	-0.043899	0.425376	0.084559	0.901057
0.899188	0.075381	-0.431020	-0.104529	0.993534	-0.044308	0.424893	0.084895	0.901254
0.898672	0.075597	-0.432059	-0.105066	0.993460	-0.044709	0.425853	0.085573	0.900737
0.898268	0.075786	-0.432864	-0.105300	0.993441	-0.044584	0.426646	0.085629	0.900356
0.898390	0.075023	-0.432744	-0.104681	0.993483	-0.045085	0.426541	0.085804	0.900389
0.898959	0.073947	-0.431746	-0.103537	0.993589	-0.045405	0.425620	0.085519	0.900852
0.899459	0.072973	-0.430870	-0.102510	0.993682	-0.045702	0.424812	0.085275	0.901256
0.899790	0.072078	-0.430328	-0.101525	0.993777	-0.045830	0.424346	0.084927	0.901509
0.900072	0.071347	-0.429861	-0.100750	0.993848	-0.046001	0.423934	0.084713	0.901723
0.900169	0.070913	-0.429729	-0.100448	0.993859	-0.046407	0.423799	0.084940	0.901765
0.900355	0.070730	-0.429369	-0.100444	0.993836	-0.046908	0.423404	0.085362	0.901910
0.900511	0.070622	-0.429060	-0.100355	0.993839	-0.047042	0.423094	0.085420	0.902050
0.900623	0.070616	-0.428826	-0.100304	0.993846	-0.046999	0.422868	0.085341	0.902164
0.900761	0.070446	-0.428563	-0.100121	0.993861	-0.047069	0.422616	0.085307	0.902285
0.900831	0.070307	-0.428440	-0.100087	0.993851	-0.047351	0.422477	0.085537	0.902328
0.900825	0.070497	-0.428421	-0.100394	0.993810	-0.047563	0.422416	0.085857	0.902327
0.900885	0.070586	-0.428281	-0.100586	0.993780	-0.047794	0.422244	0.086136	0.902381
0.900649	0.071083	-0.428693	-0.101186	0.993718	-0.047812	0.422602	0.086439	0.902184
0.900440	0.071415	-0.429077	-0.101654	0.993664	-0.047943	0.422935	0.086787	0.901995
0.900312	0.071358	-0.429357	-0.101612	0.993669	-0.047922	0.423219	0.086773	0.901863
0.900304	0.071197	-0.429399	-0.101428	0.993689	-0.047900	0.423279	0.086678	0.901844
0.900409	0.071031	-0.429207	-0.101194	0.993716	-0.047835	0.423112	0.086504	0.901939
