0.892617	0.045570	-0.448506	-0.077545	0.995570	-0.053175	0.444096	0.082244	0.892197
0.892650	0.045157	-0.448483	-0.077068	0.995608	-0.053149	0.444113	0.082007	0.892210
0.892639	0.044904	-0.448530	-0.076800	0.995628	-0.053166	0.444181	0.081905	0.892185
0.892775	0.045052	-0.448245	-0.076926	0.995619	-0.053146	0.443887	0.081929	0.892330
0.892797	0.045111	-0.448196	-0.077018	0.995609	-0.053210	0.443827	0.082025	0.892350
0.892737	0.045115	-0.448314	-0.077046	0.995606	-0.053231	0.443942	0.082062	0.892290
0.892818	0.045115	-0.448152	-0.076940	0.995623	-0.053052	0.443797	0.081847	0.892382
0.892840	0.045174	-0.448103	-0.077032	0.995613	-0.053116	0.443738	0.081942	0.892403
0.892905	0.045073	-0.447984	-0.076917	0.995621	-0.053135	0.443627	0.081902	0.892461
0.892948	0.045081	-0.447897	-0.076760	0.995650	-0.052820	0.443567	0.081546	0.892524
0.892926	0.045189	-0.447929	-0.076718	0.995670	-0.052486	0.443618	0.081230	0.892527
0.892991	0.045088	-0.447810	-0.076603	0.995678	-0.052505	0.443507	0.081190	0.892586
0.892997	0.045047	-0.447803	-0.076686	0.995658	-0.052767	0.443482	0.081461	0.892574
0.892943	0.045233	-0.447892	-0.077019	0.995620	-0.053001	0.443533	0.081823	0.892515
0.892905	0.045520	-0.447939	-0.077361	0.995591	-0.053036	0.443550	0.082009	0.892490
0.892790	0.045878	-0.448130	-0.077773	0.995560	-0.053021	0.443708	0.082188	0.892395
0.892638	0.046300	-0.448390	-0.078304	0.995515	-0.053090	0.443921	0.082501	0.892260
0.892546	0.046439	-0.448560	-0.078415	0.995513	-0.052966	0.444087	0.082448	0.892182
0.892491	0.046514	-0.448660	-0.078405	0.995525	-0.052758	0.444198	0.082263	0.892144
0.892442	0.046492	-0.448759	-0.078307	0.995541	-0.052590	0.444314	0.082074	0.892104
0.892546	0.046327	-0.448571	-0.078072	0.995563	-0.052524	0.444147	0.081901	0.892203
0.892779	0.046352	-0.448104	-0.077879	0.995597	-0.052176	0.443712	0.081480	0.892457
0.893061	0.046175	-0.447561	-0.077561	0.995628	-0.052046	0.443201	0.081194	0.892738
0.893245	0.045619	-0.447250	-0.076947	0.995672	-0.052121	0.442936	0.080971	0.892889
0.893444	0.045108	-0.446903	-0.076171	0.995750	-0.051776	0.442668	0.080300	0.893083
