0.882195	0.089379	-0.462324	-0.105217	0.994413	-0.008526	0.458979	0.056166	0.886670
0.882225	0.089464	-0.462249	-0.105357	0.994397	-0.008623	0.458888	0.056309	0.886708
0.882279	0.089429	-0.462154	-0.105285	0.994405	-0.008572	0.458802	0.056221	0.886758
0.882322	0.089287	-0.462099	-0.105199	0.994413	-0.008725	0.458738	0.056311	0.886786
0.882344	0.089216	-0.462071	-0.105157	0.994417	-0.008801	0.458706	0.056356	0.886799
0.882407	0.089209	-0.461951	-0.105131	0.994420	-0.008783	0.458590	0.056315	0.886862
0.882524	0.089088	-0.461751	-0.105067	0.994425	-0.008949	0.458380	0.056413	0.886964
0.882782	0.088598	-0.461353	-0.104588	0.994474	-0.009146	0.457993	0.056326	0.887169
0.883460	0.086511	-0.460450	-0.102696	0.994661	-0.010163	0.457112	0.056265	0.887628
0.884674	0.083467	-0.458677	-0.099699	0.994954	-0.011240	0.455424	0.055674	0.888532
0.885113	0.082194	-0.458061	-0.098328	0.995088	-0.011442	0.454871	0.055168	0.888847
0.884894	0.082511	-0.458425	-0.098673	0.995055	-0.011370	0.455220	0.055295	0.888660
0.884582	0.083182	-0.458908	-0.099481	0.994974	-0.011409	0.455652	0.055745	0.888411
0.884152	0.084100	-0.459568	-0.100491	0.994874	-0.011272	0.456264	0.056148	0.888071
0.883676	0.085417	-0.460240	-0.101860	0.994738	-0.010958	0.456882	0.056563	0.887727
0.883036	0.087048	-0.461162	-0.103550	0.994568	-0.010546	0.457739	0.057066	0.887253
0.882721	0.088134	-0.461559	-0.104818	0.994435	-0.010576	0.458058	0.057715	0.887046
0.882447	0.089108	-0.461895	-0.105796	0.994334	-0.010299	0.458360	0.057955	0.886875
0.882400	0.089506	-0.461907	-0.106155	0.994298	-0.010122	0.458367	0.057966	0.886871
0.882347	0.089620	-0.461987	-0.106194	0.994296	-0.009938	0.458462	0.057829	0.886831
0.882303	0.089762	-0.462043	-0.106280	0.994288	-0.009785	0.458526	0.057739	0.886804
0.882270	0.089933	-0.462074	-0.106412	0.994275	-0.009665	0.458559	0.057697	0.886789
0.881990	0.090366	-0.462523	-0.106797	0.994236	-0.009402	0.459007	0.057689	0.886558
0.881873	0.090408	-0.462737	-0.106896	0.994225	-0.009470	0.459209	0.057816	0.886445
0.881842	0.090372	-0.462805	-0.106926	0.994221	-0.009597	0.459263	0.057949	0.886408
