0.891762	0.048178	-0.449934	-0.078816	0.995655	-0.049599	0.445589	0.079692	0.891684
0.891604	0.049217	-0.450133	-0.079844	0.995588	-0.049295	0.445721	0.079892	0.891600
0.891327	0.049872	-0.450610	-0.080653	0.995520	-0.049354	0.446129	0.080334	0.891356
0.891438	0.049610	-0.450419	-0.080329	0.995547	-0.049331	0.445966	0.080157	0.891453
0.891675	0.049297	-0.449985	-0.080034	0.995561	-0.049527	0.445546	0.080176	0.891662
0.892369	0.048611	-0.448680	-0.079034	0.995651	-0.049318	0.444332	0.079471	0.892331
0.893640	0.046722	-0.446346	-0.076816	0.995813	-0.049556	0.442162	0.078572	0.893487
0.893544	0.045951	-0.446617	-0.076244	0.995831	-0.050083	0.442454	0.078803	0.893322
0.893160	0.046574	-0.447321	-0.076727	0.995822	-0.049517	0.443146	0.078548	0.893002
0.893143	0.046864	-0.447324	-0.076991	0.995808	-0.049395	0.443134	0.078557	0.893007
0.892956	0.048037	-0.447573	-0.078101	0.995743	-0.048949	0.443316	0.078665	0.892907
0.893393	0.048290	-0.446674	-0.078227	0.995740	-0.048812	0.442414	0.078550	0.893364
0.893654	0.047772	-0.446208	-0.077886	0.995739	-0.049382	0.441947	0.078883	0.893566
0.892874	0.048650	-0.447672	-0.079164	0.995622	-0.049694	0.443294	0.079810	0.892816
0.891702	0.050914	-0.449751	-0.081352	0.995500	-0.048598	0.445253	0.079923	0.891831
0.891649	0.051285	-0.449812	-0.081528	0.995509	-0.048108	0.445325	0.079567	0.891827
0.891784	0.050858	-0.449594	-0.081075	0.995542	-0.048198	0.445139	0.079433	0.891932
0.891953	0.050127	-0.449341	-0.080487	0.995565	-0.048705	0.444907	0.079609	0.892032
0.892015	0.049731	-0.449261	-0.080186	0.995575	-0.049006	0.444836	0.079738	0.892055
0.891951	0.049553	-0.449409	-0.079907	0.995606	-0.048815	0.445015	0.079451	0.891992
0.891793	0.049570	-0.449721	-0.079910	0.995611	-0.048721	0.445331	0.079386	0.891840
0.891738	0.049646	-0.449821	-0.079901	0.995622	-0.048511	0.445444	0.079200	0.891800
0.891977	0.049629	-0.449348	-0.079792	0.995635	-0.048426	0.444983	0.079050	0.892043
0.891836	0.049633	-0.449628	-0.079925	0.995614	-0.048627	0.445242	0.079303	0.891891
0.891760	0.049537	-0.449789	-0.079942	0.995602	-0.048846	0.445391	0.079516	0.891798
