0.900976	0.073824	-0.427543	-0.103162	0.993608	-0.045831	0.421427	0.085399	0.902832
0.900757	0.073445	-0.428069	-0.102853	0.993635	-0.045947	0.421970	0.085415	0.902577
0.900828	0.072588	-0.428065	-0.102169	0.993679	-0.046508	0.421983	0.085630	0.902551
0.900794	0.072005	-0.428234	-0.101606	0.993731	-0.046640	0.422191	0.085524	0.902463
0.900576	0.071954	-0.428702	-0.101537	0.993744	-0.046506	0.422674	0.085411	0.902248
0.900217	0.072793	-0.429315	-0.102299	0.993689	-0.046021	0.423255	0.085347	0.901982
0.899652	0.074456	-0.430212	-0.103953	0.993544	-0.045436	0.424051	0.085599	0.901584
0.899157	0.076049	-0.430968	-0.105541	0.993401	-0.044899	0.424710	0.085856	0.901249
0.899065	0.076738	-0.431038	-0.106246	0.993332	-0.044766	0.424729	0.086043	0.901222
0.899041	0.077195	-0.431007	-0.106699	0.993288	-0.044662	0.424666	0.086142	0.901243
0.899053	0.077296	-0.430964	-0.106712	0.993295	-0.044463	0.424637	0.085964	0.901273
0.899048	0.077335	-0.430966	-0.106631	0.993316	-0.044201	0.424667	0.085693	0.901285
0.899260	0.077131	-0.430561	-0.106299	0.993357	-0.044063	0.424302	0.085392	0.901485
0.899612	0.077085	-0.429833	-0.106024	0.993401	-0.043746	0.423625	0.084927	0.901848
0.899764	0.076685	-0.429585	-0.105614	0.993439	-0.043870	0.423403	0.084843	0.901960
0.899802	0.076529	-0.429535	-0.105278	0.993490	-0.043533	0.423407	0.084391	0.902000
0.899699	0.076765	-0.429708	-0.105478	0.993476	-0.043366	0.423575	0.084341	0.901926
0.899555	0.077196	-0.429933	-0.105935	0.993431	-0.043274	0.423768	0.084472	0.901823
0.899466	0.077296	-0.430100	-0.106126	0.993405	-0.043411	0.423907	0.084692	0.901737
0.899335	0.077369	-0.430360	-0.106220	0.993396	-0.043380	0.424162	0.084726	0.901614
0.899293	0.077343	-0.430454	-0.106121	0.993414	-0.043212	0.424277	0.084541	0.901578
0.899115	0.077320	-0.430828	-0.106150	0.993409	-0.043244	0.424645	0.084614	0.901397
0.899087	0.077157	-0.430916	-0.106043	0.993415	-0.043380	0.424732	0.084698	0.901349
0.899023	0.077128	-0.431056	-0.106021	0.993418	-0.043369	0.424874	0.084691	0.901282
0.899061	0.077193	-0.430965	-0.106038	0.993420	-0.043275	0.424789	0.084606	0.901330
