0.887457	0.088454	-0.452322	-0.107525	0.994064	-0.016571	0.448171	0.063342	0.891701
0.887404	0.088694	-0.452380	-0.107701	0.994048	-0.016376	0.448235	0.063254	0.891675
0.887525	0.088888	-0.452105	-0.107754	0.994047	-0.016092	0.447984	0.062998	0.891820
0.887680	0.088784	-0.451821	-0.107537	0.994073	-0.015938	0.447728	0.062735	0.891966
0.887816	0.088697	-0.451570	-0.107193	0.994118	-0.015485	0.447540	0.062153	0.892101
0.887870	0.088609	-0.451481	-0.106951	0.994148	-0.015211	0.447491	0.061791	0.892151
0.887772	0.088498	-0.451697	-0.106788	0.994167	-0.015102	0.447725	0.061643	0.892044
0.887774	0.088369	-0.451718	-0.106651	0.994182	-0.015113	0.447754	0.061593	0.892033
0.887722	0.088481	-0.451797	-0.106690	0.994180	-0.014930	0.447846	0.061456	0.891996
0.887598	0.088697	-0.451998	-0.106844	0.994167	-0.014722	0.448055	0.061361	0.891898
0.887535	0.088832	-0.452095	-0.107006	0.994149	-0.014730	0.448142	0.061450	0.891848
0.887378	0.089142	-0.452342	-0.107326	0.994116	-0.014638	0.448376	0.061538	0.891724
0.887230	0.089481	-0.452565	-0.107693	0.994077	-0.014578	0.448581	0.061672	0.891612
0.887094	0.089721	-0.452785	-0.107970	0.994047	-0.014561	0.448784	0.061804	0.891501
0.887009	0.089926	-0.452911	-0.108175	0.994026	-0.014493	0.448902	0.061849	0.891438
0.886851	0.090237	-0.453159	-0.108496	0.993993	-0.014399	0.449137	0.061936	0.891314
0.886792	0.090190	-0.453283	-0.108351	0.994011	-0.014195	0.449288	0.061702	0.891254
0.886969	0.090091	-0.452956	-0.108058	0.994048	-0.013883	0.449009	0.061259	0.891425
0.886873	0.089852	-0.453193	-0.107758	0.994082	-0.013786	0.449272	0.061061	0.891306
0.886983	0.089395	-0.453067	-0.107203	0.994143	-0.013718	0.449187	0.060737	0.891371
0.886837	0.089606	-0.453311	-0.107433	0.994118	-0.013669	0.449420	0.060823	0.891248
0.886830	0.089993	-0.453248	-0.107844	0.994074	-0.013634	0.449335	0.060971	0.891280
0.886701	0.090391	-0.453422	-0.108305	0.994024	-0.013637	0.449480	0.061200	0.891191
0.886393	0.091041	-0.453894	-0.108993	0.993951	-0.013483	0.449921	0.061422	0.890954
