0.892878	0.022486	-0.449736	-0.046409	0.998029	-0.042237	0.447900	0.058585	0.892162
0.892514	0.023354	-0.450416	-0.047226	0.998008	-0.041832	0.448541	0.058607	0.891838
0.892288	0.024292	-0.450812	-0.047878	0.998012	-0.040985	0.448920	0.058154	0.891677
0.892117	0.024888	-0.451118	-0.048401	0.998000	-0.040657	0.449204	0.058106	0.891538
0.892052	0.025180	-0.451231	-0.048688	0.997990	-0.040562	0.449303	0.058153	0.891485
0.891910	0.025640	-0.451486	-0.049129	0.997976	-0.040378	0.449537	0.058195	0.891364
0.891760	0.026051	-0.451758	-0.049402	0.997979	-0.039969	0.449803	0.057961	0.891245
0.891717	0.026158	-0.451836	-0.049439	0.997984	-0.039792	0.449885	0.057822	0.891213
0.891653	0.026355	-0.451951	-0.049639	0.997976	-0.039736	0.449989	0.057866	0.891157
0.891619	0.027018	-0.451980	-0.050324	0.997947	-0.039618	0.449981	0.058070	0.891148
0.891743	0.027153	-0.451727	-0.050526	0.997931	-0.039757	0.449713	0.058277	0.891270
0.891614	0.027112	-0.451984	-0.050737	0.997901	-0.040229	0.449945	0.058801	0.891118
0.891726	0.026617	-0.451793	-0.050327	0.997910	-0.040542	0.449769	0.058889	0.891201
0.891856	0.025863	-0.451579	-0.049701	0.997922	-0.041006	0.449580	0.059015	0.891288
0.891818	0.024984	-0.451704	-0.049151	0.997914	-0.041844	0.449716	0.059519	0.891186
0.892152	0.024104	-0.451092	-0.048160	0.997959	-0.041923	0.449161	0.059126	0.891492
0.892286	0.023859	-0.450840	-0.047689	0.997997	-0.041569	0.448945	0.058591	0.891636
0.892334	0.023898	-0.450743	-0.047907	0.997971	-0.041931	0.448827	0.059010	0.891668
0.892418	0.024116	-0.450564	-0.048349	0.997932	-0.042350	0.448611	0.059579	0.891739
0.892313	0.024155	-0.450771	-0.048448	0.997924	-0.042430	0.448811	0.059700	0.891630
0.892500	0.023662	-0.450427	-0.047935	0.997943	-0.042557	0.448493	0.059573	0.891799
0.892578	0.023206	-0.450295	-0.047847	0.997911	-0.043413	0.448347	0.060295	0.891824
0.892836	0.022091	-0.449840	-0.047522	0.997842	-0.045317	0.447868	0.061838	0.891959
0.892975	0.021443	-0.449596	-0.047235	0.997814	-0.046227	0.447622	0.062516	0.892035
