0.888889	0.093909	-0.448393	-0.117264	0.992798	-0.024536	0.442860	0.074390	0.893500
0.889166	0.093152	-0.448003	-0.116637	0.992859	-0.025050	0.442471	0.074528	0.893681
0.889323	0.092553	-0.447815	-0.115993	0.992932	-0.025135	0.442323	0.074297	0.893773
0.889153	0.092962	-0.448069	-0.116405	0.992887	-0.024999	0.442558	0.074385	0.893650
0.889016	0.093491	-0.448231	-0.117006	0.992817	-0.024989	0.442675	0.074661	0.893569
0.888926	0.094116	-0.448278	-0.117672	0.992740	-0.024916	0.442679	0.074898	0.893547
0.888917	0.094376	-0.448240	-0.117947	0.992708	-0.024892	0.442623	0.074995	0.893566
0.888952	0.094571	-0.448130	-0.118102	0.992692	-0.024786	0.442511	0.074958	0.893625
0.889171	0.094548	-0.447700	-0.118077	0.992693	-0.024868	0.442077	0.074975	0.893838
0.889416	0.094325	-0.447261	-0.117871	0.992713	-0.025038	0.441641	0.074988	0.894053
0.889847	0.094106	-0.446448	-0.117383	0.992780	-0.024698	0.440900	0.074382	0.894469
0.890177	0.093463	-0.445926	-0.116615	0.992870	-0.024694	0.440438	0.073983	0.894729
0.890518	0.092721	-0.445400	-0.115758	0.992970	-0.024732	0.439976	0.073583	0.894990
0.890849	0.092239	-0.444837	-0.115176	0.993037	-0.024746	0.439457	0.073280	0.895269
0.891112	0.092021	-0.444355	-0.114894	0.993069	-0.024756	0.438998	0.073114	0.895508
0.891245	0.091709	-0.444152	-0.114650	0.993091	-0.025005	0.438790	0.073208	0.895602
0.891355	0.091595	-0.443956	-0.114586	0.993095	-0.025168	0.438585	0.073304	0.895695
0.891494	0.091517	-0.443692	-0.114492	0.993104	-0.025204	0.438326	0.073269	0.895825
0.891637	0.091309	-0.443448	-0.114261	0.993130	-0.025252	0.438096	0.073184	0.895944
0.891761	0.091183	-0.443225	-0.114325	0.993111	-0.025711	0.437827	0.073599	0.896042
0.891842	0.091183	-0.443061	-0.114223	0.993127	-0.025533	0.437688	0.073379	0.896128
0.891927	0.091053	-0.442917	-0.113984	0.993159	-0.025367	0.437577	0.073111	0.896204
0.891902	0.090962	-0.442986	-0.113843	0.993177	-0.025272	0.437665	0.072971	0.896172
0.891874	0.090724	-0.443092	-0.113768	0.993176	-0.025642	0.437742	0.073279	0.896109
0.891893	0.090581	-0.443083	-0.113759	0.993169	-0.025950	0.437706	0.073549	0.896105
