0.900777	0.057034	-0.430521	-0.096000	0.992965	-0.069314	0.423539	0.103767	0.899915
0.901285	0.056983	-0.429464	-0.095839	0.992976	-0.069379	0.422494	0.103690	0.900415
0.902007	0.057445	-0.427882	-0.095984	0.992986	-0.069030	0.420915	0.103335	0.901195
0.902699	0.056805	-0.426506	-0.095291	0.993026	-0.069424	0.419588	0.103311	0.901816
0.902815	0.056317	-0.426327	-0.094741	0.993077	-0.069447	0.419464	0.103088	0.901900
0.902153	0.057022	-0.427631	-0.095319	0.993075	-0.068669	0.420754	0.102712	0.901341
0.901335	0.058128	-0.429205	-0.096177	0.993074	-0.067481	0.422310	0.102102	0.900683
0.900361	0.059107	-0.431111	-0.097242	0.993007	-0.066942	0.424140	0.102194	0.899812
0.899716	0.059681	-0.432377	-0.098079	0.992918	-0.067036	0.425314	0.102720	0.899198
0.899378	0.059917	-0.433047	-0.098598	0.992842	-0.067403	0.425909	0.103318	0.898848
0.898877	0.060579	-0.433993	-0.099654	0.992707	-0.067835	0.426719	0.104224	0.898359
0.898554	0.061137	-0.434584	-0.100540	0.992590	-0.068242	0.427192	0.105013	0.898042
0.898292	0.061795	-0.435033	-0.101278	0.992522	-0.068142	0.427568	0.105271	0.897833
0.898232	0.062515	-0.435054	-0.101816	0.992504	-0.067597	0.427567	0.105013	0.897864
0.898009	0.062979	-0.435447	-0.102297	0.992466	-0.067422	0.427920	0.105091	0.897686
0.897917	0.062855	-0.435653	-0.102136	0.992490	-0.067318	0.428150	0.104942	0.897594
0.897975	0.062335	-0.435609	-0.101565	0.992547	-0.067337	0.428166	0.104710	0.897614
0.898122	0.062104	-0.435339	-0.101206	0.992594	-0.067191	0.427942	0.104405	0.897756
0.898368	0.061217	-0.434956	-0.100323	0.992663	-0.067498	0.427632	0.104274	0.897918
0.898744	0.059709	-0.434389	-0.098884	0.992764	-0.068130	0.427178	0.104186	0.898145
0.898800	0.059155	-0.434348	-0.098398	0.992793	-0.068406	0.427172	0.104223	0.898144
0.898713	0.059806	-0.434441	-0.099053	0.992739	-0.068245	0.427205	0.104365	0.898111
0.898831	0.060283	-0.434130	-0.099625	0.992670	-0.068423	0.426823	0.104751	0.898248
0.898735	0.060868	-0.434247	-0.100317	0.992595	-0.068489	0.426863	0.105116	0.898186
0.898612	0.061652	-0.434391	-0.101056	0.992542	-0.068183	0.426948	0.105168	0.898140
