0.889772	0.053249	-0.453289	-0.077002	0.996448	-0.034093	0.449863	0.065239	0.890711
0.890224	0.052673	-0.452467	-0.076206	0.996515	-0.033927	0.449103	0.064683	0.891136
0.890384	0.052153	-0.452212	-0.075589	0.996563	-0.033899	0.448890	0.064365	0.891266
0.890506	0.051696	-0.452024	-0.075092	0.996598	-0.033956	0.448731	0.064182	0.891359
0.890435	0.051450	-0.452192	-0.074849	0.996615	-0.033996	0.448912	0.064117	0.891272
0.890338	0.051295	-0.452401	-0.074772	0.996616	-0.034154	0.449118	0.064235	0.891160
0.890318	0.051289	-0.452442	-0.074849	0.996604	-0.034313	0.449146	0.064414	0.891133
0.890245	0.051712	-0.452537	-0.075274	0.996576	-0.034202	0.449219	0.064512	0.891089
0.890270	0.051843	-0.452472	-0.075331	0.996578	-0.034033	0.449159	0.064384	0.891129
0.890221	0.051878	-0.452564	-0.075404	0.996570	-0.034087	0.449244	0.064470	0.891080
0.890250	0.051838	-0.452512	-0.075408	0.996566	-0.034193	0.449186	0.064563	0.891102
0.890268	0.051546	-0.452510	-0.075144	0.996582	-0.034317	0.449195	0.064554	0.891099
0.890353	0.050929	-0.452414	-0.074543	0.996620	-0.034510	0.449127	0.064450	0.891140
0.890586	0.050262	-0.452029	-0.073894	0.996660	-0.034766	0.448772	0.064364	0.891325
0.890526	0.050044	-0.452172	-0.073698	0.996672	-0.034837	0.448924	0.064348	0.891250
0.890439	0.050140	-0.452331	-0.073889	0.996653	-0.034977	0.449064	0.064568	0.891164
0.890059	0.051133	-0.452969	-0.074979	0.996577	-0.034832	0.449638	0.064966	0.890845
0.889910	0.052649	-0.453088	-0.076497	0.996474	-0.034458	0.449677	0.065324	0.890800
0.889597	0.053718	-0.453576	-0.077778	0.996372	-0.034544	0.450074	0.066008	0.890548
0.889556	0.054228	-0.453596	-0.078343	0.996328	-0.034528	0.450058	0.066250	0.890538
0.889511	0.054388	-0.453664	-0.078550	0.996311	-0.034571	0.450110	0.066387	0.890502
0.889661	0.054338	-0.453376	-0.078502	0.996312	-0.034635	0.449822	0.066404	0.890646
0.889647	0.054235	-0.453416	-0.078491	0.996306	-0.034835	0.449852	0.066580	0.890618
0.889577	0.053988	-0.453584	-0.078249	0.996324	-0.034875	0.450033	0.066516	0.890531
