0.917536	-0.172902	0.358095	0.080273	0.962520	0.259060	-0.389465	-0.208951	0.897026
0.917477	-0.172985	0.358206	0.080345	0.962521	0.259033	-0.389590	-0.208877	0.896990
0.917488	-0.172650	0.358339	0.080117	0.962637	0.258672	-0.389610	-0.208620	0.897040
0.917587	-0.171852	0.358470	0.079571	0.962882	0.257928	-0.389490	-0.208147	0.897202
0.917318	-0.171879	0.359146	0.079585	0.962973	0.257585	-0.390121	-0.207705	0.897031
0.917320	-0.171886	0.359137	0.079681	0.963019	0.257383	-0.390097	-0.207486	0.897092
0.917396	-0.171423	0.359163	0.079144	0.963035	0.257487	-0.390026	-0.207792	0.897052
0.917457	-0.171099	0.359163	0.078852	0.963088	0.257377	-0.389943	-0.207812	0.897084
0.917384	-0.172031	0.358904	0.079856	0.962983	0.257462	-0.389910	-0.207531	0.897163
0.917380	-0.172569	0.358655	0.080162	0.962761	0.258196	-0.389856	-0.208114	0.897051
0.917461	-0.172271	0.358592	0.079909	0.962809	0.258094	-0.389718	-0.208137	0.897106
0.917610	-0.171180	0.358732	0.078550	0.962810	0.258509	-0.389643	-0.209032	0.896930
0.917459	-0.171649	0.358895	0.078784	0.962656	0.259011	-0.389952	-0.209357	0.896720
0.917399	-0.172219	0.358774	0.079393	0.962594	0.259055	-0.389968	-0.209173	0.896756
0.917307	-0.173284	0.358497	0.080546	0.962479	0.259128	-0.389948	-0.208825	0.896846
0.916934	-0.174622	0.358801	0.081809	0.962331	0.259281	-0.390562	-0.208390	0.896680
