0.926050	-0.104085	0.362764	-0.005002	0.957747	0.287570	-0.377367	-0.268119	0.886401
0.925952	-0.104126	0.363003	-0.005013	0.957762	0.287518	-0.377608	-0.268048	0.886320
0.926144	-0.101127	0.363361	-0.008153	0.957793	0.287343	-0.377082	-0.269084	0.886230
0.926166	-0.100172	0.363569	-0.009006	0.957926	0.286874	-0.377009	-0.268968	0.886296
0.926103	-0.099803	0.363829	-0.009341	0.958014	0.286570	-0.377154	-0.268792	0.886288
0.925933	-0.100015	0.364206	-0.009126	0.958095	0.286305	-0.377579	-0.268422	0.886219
0.925623	-0.101161	0.364676	-0.008246	0.957992	0.286677	-0.378357	-0.268361	0.885905
0.925324	-0.102210	0.365142	-0.007712	0.957712	0.287625	-0.379099	-0.268963	0.885405
0.925464	-0.103316	0.364476	-0.006556	0.957581	0.288088	-0.378780	-0.269005	0.885529
0.925505	-0.104488	0.364037	-0.005248	0.957560	0.288187	-0.378700	-0.268629	0.885678
0.925439	-0.106228	0.363701	-0.003365	0.957552	0.288241	-0.378882	-0.267974	0.885798
0.925345	-0.108250	0.363344	-0.001212	0.957522	0.288358	-0.379124	-0.267271	0.885907
0.925395	-0.108626	0.363103	-0.000997	0.957347	0.288940	-0.379002	-0.267746	0.885816
0.925514	-0.108501	0.362839	-0.001144	0.957276	0.289174	-0.378712	-0.268049	0.885848
0.925573	-0.108502	0.362688	-0.001084	0.957284	0.289147	-0.378568	-0.268020	0.885918
0.925691	-0.107979	0.362543	-0.001212	0.957543	0.288286	-0.378279	-0.267303	0.886258
0.925745	-0.107208	0.362633	-0.001502	0.957920	0.287032	-0.378145	-0.266263	0.886629
0.925696	-0.106501	0.362965	-0.002190	0.958021	0.286688	-0.378261	-0.266182	0.886604
0.925640	-0.105153	0.363501	-0.003418	0.958251	0.285907	-0.378389	-0.265889	0.886637
0.925562	-0.103991	0.364033	-0.004385	0.958528	0.284966	-0.378570	-0.265350	0.886721
0.925571	-0.103515	0.364146	-0.004643	0.958715	0.284331	-0.378545	-0.264859	0.886878
0.925671	-0.103214	0.363978	-0.004709	0.958848	0.283880	-0.378300	-0.264493	0.887092
0.925741	-0.102821	0.363912	-0.004874	0.959002	0.283359	-0.378127	-0.264091	0.887286
