0.917812	-0.169793	0.358876	0.075244	0.961943	0.262684	-0.389820	-0.214092	0.895659
0.917764	-0.169844	0.358975	0.075270	0.961939	0.262692	-0.389929	-0.214069	0.895617
0.917726	-0.169712	0.359134	0.075160	0.961991	0.262536	-0.390039	-0.213944	0.895599
0.917695	-0.169630	0.359250	0.075037	0.961995	0.262555	-0.390134	-0.213989	0.895547
0.917700	-0.169611	0.359248	0.074966	0.961968	0.262673	-0.390138	-0.214123	0.895513
0.917596	-0.169632	0.359504	0.074765	0.961885	0.263034	-0.390421	-0.214480	0.895304
0.917543	-0.169942	0.359493	0.075083	0.961854	0.263060	-0.390485	-0.214377	0.895301
0.917370	-0.170565	0.359640	0.075536	0.961716	0.263431	-0.390804	-0.214498	0.895133
0.917202	-0.171231	0.359750	0.075880	0.961484	0.264179	-0.391130	-0.215007	0.894868
0.916745	-0.172756	0.360185	0.076878	0.961096	0.265301	-0.392005	-0.215523	0.894361
0.916714	-0.172914	0.360188	0.076975	0.961045	0.265456	-0.392058	-0.215622	0.894314
0.916775	-0.173077	0.359956	0.077221	0.961036	0.265418	-0.391869	-0.215533	0.894418
0.917108	-0.172617	0.359327	0.077286	0.961275	0.264530	-0.391074	-0.214832	0.894935
0.917173	-0.172705	0.359118	0.077597	0.961355	0.264150	-0.390860	-0.214405	0.895131
0.917028	-0.173441	0.359134	0.078438	0.961333	0.263981	-0.391033	-0.213909	0.895174
0.916976	-0.173758	0.359114	0.078852	0.961347	0.263806	-0.391072	-0.213587	0.895234
0.917048	-0.173498	0.359056	0.078741	0.961449	0.263468	-0.390926	-0.213340	0.895356
0.917135	-0.173187	0.358984	0.078514	0.961519	0.263282	-0.390766	-0.213280	0.895440
0.917124	-0.173123	0.359043	0.078333	0.961471	0.263511	-0.390830	-0.213547	0.895349
0.917163	-0.173015	0.358996	0.078223	0.961474	0.263530	-0.390760	-0.213618	0.895362
0.917097	-0.173111	0.359118	0.078269	0.961455	0.263587	-0.390905	-0.213627	0.895297
0.916993	-0.173315	0.359286	0.078424	0.961432	0.263624	-0.391119	-0.213565	0.895218
0.916947	-0.173468	0.359330	0.078772	0.961529	0.263168	-0.391157	-0.213006	0.895335
