0.924358	-0.129342	0.358932	0.033613	0.964732	0.261080	-0.380042	-0.229267	0.896105
0.924720	-0.127910	0.358513	0.032163	0.964738	0.261240	-0.379287	-0.230043	0.896226
0.924724	-0.127927	0.358496	0.031892	0.964559	0.261934	-0.379299	-0.230784	0.896031
0.923970	-0.129904	0.359729	0.033042	0.964148	0.263302	-0.381035	-0.231397	0.895135
0.922799	-0.131841	0.362022	0.034151	0.963921	0.263989	-0.383766	-0.231246	0.894008
0.922624	-0.132133	0.362360	0.034503	0.963996	0.263669	-0.384153	-0.230765	0.893965
0.922956	-0.132160	0.361506	0.034979	0.964118	0.263160	-0.383313	-0.230239	0.894461
0.923466	-0.132434	0.360100	0.035755	0.964161	0.262898	-0.382011	-0.229902	0.895105
0.923413	-0.133250	0.359934	0.036710	0.964162	0.262761	-0.382047	-0.229424	0.895212
0.923473	-0.133814	0.359570	0.037490	0.964193	0.262540	-0.381827	-0.228969	0.895423
0.923333	-0.134054	0.359842	0.037600	0.964145	0.262698	-0.382156	-0.229028	0.895267
0.923182	-0.134300	0.360137	0.037590	0.964025	0.263139	-0.382520	-0.229388	0.895019
0.923108	-0.134340	0.360312	0.037551	0.964005	0.263219	-0.382703	-0.229449	0.894925
0.923138	-0.134441	0.360197	0.037744	0.964034	0.263086	-0.382612	-0.229269	0.895010
0.923196	-0.134445	0.360046	0.037802	0.964040	0.263055	-0.382465	-0.229241	0.895080
0.923165	-0.134427	0.360132	0.037643	0.963971	0.263329	-0.382556	-0.229540	0.894965
0.923622	-0.131519	0.360036	0.034502	0.964005	0.263634	-0.381750	-0.231076	0.894914
0.923986	-0.130087	0.359620	0.033052	0.964013	0.263793	-0.380994	-0.231855	0.895034
0.924081	-0.129600	0.359553	0.032537	0.964014	0.263854	-0.380810	-0.232123	0.895043
0.924210	-0.129030	0.359426	0.032077	0.964094	0.263616	-0.380535	-0.232107	0.895164
0.924293	-0.128755	0.359311	0.032206	0.964336	0.262713	-0.380323	-0.231252	0.895476
0.924339	-0.128936	0.359129	0.033110	0.964732	0.261142	-0.380134	-0.229493	0.896008
