0.922935	-0.127758	0.363137	0.019033	0.957313	0.288425	-0.384484	-0.259286	0.885970
0.922969	-0.126781	0.363394	0.018354	0.957613	0.287474	-0.384437	-0.258660	0.886173
0.923007	-0.126329	0.363454	0.018137	0.957803	0.286851	-0.384355	-0.258174	0.886351
0.923060	-0.125641	0.363558	0.017669	0.958003	0.286214	-0.384250	-0.257769	0.886514
0.923339	-0.123543	0.363569	0.015687	0.958175	0.285753	-0.383665	-0.258144	0.886658
0.923522	-0.121210	0.363888	0.013090	0.958159	0.285937	-0.383321	-0.259305	0.886468
0.923642	-0.119913	0.364014	0.011506	0.958041	0.286401	-0.383084	-0.260344	0.886266
0.923690	-0.119149	0.364142	0.010544	0.957962	0.286702	-0.382994	-0.260985	0.886116
0.923841	-0.118376	0.364011	0.009852	0.958017	0.286543	-0.382649	-0.261134	0.886222
0.923955	-0.118798	0.363586	0.010020	0.957738	0.287467	-0.382371	-0.261963	0.886097
0.923972	-0.120707	0.362913	0.010866	0.956792	0.290571	-0.382307	-0.264536	0.885360
0.923775	-0.124372	0.362175	0.013088	0.955489	0.294735	-0.382711	-0.267529	0.884285
0.923740	-0.124933	0.362073	0.014058	0.955730	0.293909	-0.382763	-0.266406	0.884602
0.923729	-0.125688	0.361838	0.015230	0.955937	0.293175	-0.382743	-0.265304	0.884942
0.923727	-0.126113	0.361696	0.015928	0.956078	0.292681	-0.382720	-0.264596	0.885163
0.923753	-0.125986	0.361674	0.016090	0.956278	0.292017	-0.382651	-0.263932	0.885392
0.923656	-0.125413	0.362120	0.015703	0.956527	0.291220	-0.382901	-0.263301	0.885471
0.923528	-0.126031	0.362232	0.016392	0.956574	0.291028	-0.383181	-0.262835	0.885489
0.923463	-0.126176	0.362349	0.016669	0.956684	0.290652	-0.383326	-0.262366	0.885565
0.923398	-0.125973	0.362583	0.016742	0.956931	0.289832	-0.383478	-0.261560	0.885737
