0.920673	-0.137260	0.365406	0.037300	0.962786	0.267678	-0.388549	-0.232814	0.891531
0.920662	-0.136784	0.365612	0.036955	0.962933	0.267198	-0.388608	-0.232488	0.891590
0.920577	-0.136521	0.365923	0.036734	0.963030	0.266879	-0.388829	-0.232241	0.891558
0.920488	-0.136359	0.366207	0.036615	0.963116	0.266584	-0.389051	-0.231979	0.891530
0.920409	-0.136164	0.366479	0.036452	0.963194	0.266323	-0.389254	-0.231767	0.891496
0.920396	-0.135492	0.366761	0.035780	0.963288	0.266077	-0.389347	-0.231774	0.891454
0.920715	-0.131864	0.367282	0.031958	0.963496	0.265808	-0.388925	-0.232996	0.891319
0.921217	-0.129274	0.366944	0.029282	0.963544	0.265943	-0.387946	-0.234246	0.891418
0.921517	-0.128190	0.366570	0.027977	0.963408	0.266574	-0.387329	-0.235397	0.891384
0.921489	-0.128251	0.366619	0.027410	0.963030	0.267995	-0.387436	-0.236906	0.890937
0.920965	-0.129332	0.367555	0.027324	0.962421	0.270185	-0.388686	-0.238788	0.889890
0.920405	-0.129691	0.368829	0.026921	0.962162	0.271144	-0.390039	-0.239633	0.889070
0.920370	-0.130288	0.368706	0.027694	0.962214	0.270883	-0.390067	-0.239101	0.889201
0.920835	-0.130606	0.367430	0.028844	0.962476	0.269831	-0.388884	-0.237872	0.890048
0.921151	-0.130775	0.366577	0.029447	0.962578	0.269401	-0.388089	-0.237365	0.890531
0.921254	-0.131257	0.366146	0.030380	0.962748	0.268690	-0.387774	-0.236408	0.890922
0.921103	-0.132297	0.366151	0.031559	0.962769	0.268475	-0.388038	-0.235738	0.890985
0.921152	-0.132631	0.365908	0.032095	0.962828	0.268202	-0.387878	-0.235311	0.891167
0.921093	-0.133179	0.365857	0.032662	0.962797	0.268245	-0.387971	-0.235129	0.891175
0.921043	-0.133143	0.365996	0.032559	0.962783	0.268309	-0.388098	-0.235207	0.891099
0.921096	-0.132658	0.366038	0.032298	0.962956	0.267716	-0.387994	-0.234769	0.891260
0.921093	-0.132677	0.366039	0.032369	0.962987	0.267599	-0.387995	-0.234635	0.891295
0.921095	-0.132848	0.365971	0.032531	0.962958	0.267681	-0.387976	-0.234654	0.891298
