0.920317	-0.143263	0.363996	0.040537	0.960440	0.275521	-0.389068	-0.238811	0.889716
0.920474	-0.142439	0.363921	0.039757	0.960511	0.275386	-0.388776	-0.239017	0.889789
0.920573	-0.141979	0.363851	0.039409	0.960599	0.275129	-0.388577	-0.238937	0.889897
0.920655	-0.142038	0.363619	0.039770	0.960738	0.274592	-0.388345	-0.238344	0.890157
0.920414	-0.143441	0.363679	0.041507	0.960854	0.273928	-0.388735	-0.237032	0.890337
0.920219	-0.144538	0.363739	0.043025	0.961041	0.273036	-0.389033	-0.235603	0.890587
0.920111	-0.144750	0.363927	0.043620	0.961290	0.272065	-0.389220	-0.234455	0.890808
0.920092	-0.144700	0.363995	0.043978	0.961551	0.271082	-0.389225	-0.233413	0.891079
0.920074	-0.144428	0.364148	0.043840	0.961679	0.270651	-0.389283	-0.233055	0.891148
0.920053	-0.143808	0.364448	0.043282	0.961815	0.270257	-0.389397	-0.232877	0.891145
0.920106	-0.142722	0.364741	0.042407	0.962072	0.269479	-0.389368	-0.232481	0.891261
0.920138	-0.141953	0.364959	0.041816	0.962273	0.268854	-0.389355	-0.232122	0.891360
0.920176	-0.141679	0.364970	0.041641	0.962354	0.268592	-0.389284	-0.231954	0.891434
0.920134	-0.141826	0.365020	0.041892	0.962413	0.268339	-0.389358	-0.231616	0.891490
0.920223	-0.141423	0.364951	0.041754	0.962589	0.267730	-0.389161	-0.231133	0.891701
0.920814	-0.137135	0.365097	0.036924	0.962590	0.268436	-0.388251	-0.233698	0.891429
0.920774	-0.136681	0.365367	0.036214	0.962514	0.268803	-0.388412	-0.234276	0.891208
0.920737	-0.137316	0.365222	0.036784	0.962406	0.269113	-0.388446	-0.234348	0.891174
0.920521	-0.139507	0.364936	0.038583	0.961970	0.270417	-0.388783	-0.234844	0.890896
0.920557	-0.141198	0.364193	0.040005	0.961557	0.271677	-0.388553	-0.235525	0.890817
0.920568	-0.141616	0.364006	0.040484	0.961531	0.271698	-0.388480	-0.235381	0.890887
0.920353	-0.142042	0.364382	0.041111	0.961689	0.271044	-0.388922	-0.234476	0.890932
