0.922011	-0.128084	0.365363	0.026952	0.962637	0.269451	-0.386224	-0.238590	0.891014
0.922055	-0.128265	0.365187	0.027396	0.962756	0.268979	-0.386087	-0.238009	0.891228
0.921942	-0.128791	0.365288	0.027834	0.962691	0.269169	-0.386326	-0.237991	0.891130
0.921895	-0.129117	0.365293	0.028125	0.962651	0.269281	-0.386418	-0.237975	0.891094
0.921888	-0.129536	0.365161	0.028730	0.962718	0.268979	-0.386389	-0.237477	0.891240
0.921953	-0.129932	0.364856	0.029444	0.962835	0.268481	-0.386180	-0.236784	0.891515
0.921905	-0.130531	0.364765	0.030000	0.962757	0.268699	-0.386254	-0.236772	0.891486
0.921862	-0.130400	0.364921	0.029889	0.962805	0.268540	-0.386365	-0.236649	0.891470
0.921887	-0.130240	0.364913	0.029792	0.962851	0.268384	-0.386311	-0.236548	0.891520
0.921877	-0.130354	0.364897	0.029870	0.962819	0.268491	-0.386329	-0.236616	0.891495
0.921908	-0.130347	0.364821	0.029864	0.962807	0.268534	-0.386255	-0.236669	0.891513
0.921917	-0.130505	0.364742	0.030051	0.962801	0.268534	-0.386219	-0.236605	0.891545
0.921851	-0.130812	0.364800	0.030399	0.962818	0.268437	-0.386350	-0.236369	0.891551
0.921729	-0.131122	0.364997	0.030783	0.962880	0.268169	-0.386611	-0.235944	0.891550
0.921735	-0.131324	0.364909	0.031207	0.962987	0.267736	-0.386563	-0.235394	0.891717
0.921660	-0.131474	0.365046	0.031367	0.963009	0.267639	-0.386729	-0.235221	0.891690
0.921649	-0.131169	0.365182	0.031184	0.963125	0.267240	-0.386769	-0.234914	0.891754
0.921613	-0.131024	0.365326	0.031099	0.963195	0.266998	-0.386863	-0.234707	0.891768
0.921594	-0.131088	0.365350	0.031188	0.963211	0.266930	-0.386901	-0.234606	0.891778
0.921635	-0.130966	0.365290	0.031104	0.963232	0.266866	-0.386810	-0.234591	0.891821
0.921878	-0.130226	0.364942	0.030505	0.963301	0.266685	-0.386279	-0.234718	0.892018
0.922063	-0.129844	0.364611	0.030242	0.963338	0.266582	-0.385858	-0.234779	0.892184
0.922139	-0.129949	0.364379	0.030276	0.963248	0.266902	-0.385671	-0.235089	0.892183
0.922177	-0.130405	0.364122	0.030424	0.962987	0.267826	-0.385570	-0.235905	0.892012
