0.915811	-0.174265	0.361831	0.079378	0.961722	0.262277	-0.393687	-0.211475	0.894589
0.916001	-0.173624	0.361658	0.079073	0.961949	0.261536	-0.393305	-0.210970	0.894876
0.916040	-0.173364	0.361684	0.078872	0.962014	0.261357	-0.393255	-0.210887	0.894917
0.916048	-0.173263	0.361713	0.078769	0.962029	0.261335	-0.393258	-0.210903	0.894912
0.916190	-0.172642	0.361651	0.078225	0.962131	0.261122	-0.393036	-0.210947	0.894999
0.917185	-0.167778	0.361418	0.072794	0.962320	0.261996	-0.391756	-0.213990	0.894838
0.917392	-0.166408	0.361524	0.071035	0.962267	0.262672	-0.391593	-0.215293	0.894597
0.917561	-0.165716	0.361414	0.069956	0.962108	0.263542	-0.391392	-0.216533	0.894385
0.917675	-0.165777	0.361097	0.069841	0.961953	0.264136	-0.391146	-0.217172	0.894338
0.917739	-0.166187	0.360745	0.070404	0.961940	0.264035	-0.390894	-0.216917	0.894510
0.917637	-0.166246	0.360978	0.070565	0.962028	0.263673	-0.391105	-0.216484	0.894523
0.917673	-0.166163	0.360924	0.070623	0.962105	0.263374	-0.391010	-0.216201	0.894633
0.917607	-0.166588	0.360895	0.071018	0.962040	0.263507	-0.391092	-0.216166	0.894606
0.917672	-0.166853	0.360607	0.071586	0.962135	0.263006	-0.390836	-0.215539	0.894869
0.917656	-0.167321	0.360430	0.072182	0.962127	0.262870	-0.390764	-0.215208	0.894980
0.917643	-0.167676	0.360300	0.072480	0.962038	0.263113	-0.390740	-0.215330	0.894961
0.917702	-0.167833	0.360077	0.072630	0.961982	0.263277	-0.390574	-0.215458	0.895003
0.917718	-0.167877	0.360015	0.072739	0.962004	0.263167	-0.390515	-0.215326	0.895060
0.917832	-0.167913	0.359706	0.073024	0.962088	0.262780	-0.390194	-0.214921	0.895298
0.917842	-0.168210	0.359543	0.073328	0.962035	0.262891	-0.390114	-0.214928	0.895331
0.917836	-0.168375	0.359480	0.073394	0.961953	0.263172	-0.390115	-0.215165	0.895273
0.917853	-0.168330	0.359458	0.073374	0.961968	0.263123	-0.390078	-0.215133	0.895297
0.917870	-0.168134	0.359508	0.073264	0.962044	0.262876	-0.390061	-0.214947	0.895349
0.917927	-0.167988	0.359430	0.073231	0.962110	0.262644	-0.389932	-0.214767	0.895449
