0.923329	-0.128218	0.361971	0.033421	0.965865	0.256879	-0.382552	-0.225087	0.896097
0.922986	-0.129767	0.362295	0.034576	0.965588	0.257767	-0.383277	-0.225389	0.895711
0.922352	-0.132894	0.362775	0.038016	0.965641	0.257085	-0.384475	-0.223332	0.895713
0.922450	-0.133534	0.362291	0.038478	0.965415	0.257861	-0.384195	-0.223924	0.895686
0.922551	-0.132596	0.362378	0.037095	0.965233	0.258746	-0.384088	-0.225264	0.895395
0.922531	-0.132355	0.362518	0.036658	0.965157	0.259091	-0.384179	-0.225730	0.895239
0.922501	-0.131834	0.362783	0.036203	0.965274	0.258718	-0.384293	-0.225534	0.895239
0.922595	-0.130719	0.362948	0.035467	0.965597	0.257612	-0.384137	-0.224799	0.895491
0.922687	-0.130023	0.362963	0.034992	0.965774	0.257013	-0.383958	-0.224441	0.895657
0.922789	-0.128876	0.363113	0.034211	0.966087	0.255940	-0.383784	-0.223756	0.895904
0.923299	-0.125387	0.363039	0.030454	0.966135	0.256233	-0.382873	-0.225524	0.895850
0.923528	-0.124763	0.362670	0.029930	0.966171	0.256160	-0.382360	-0.225716	0.896021
