0.921066	-0.133137	0.365940	0.033901	0.963585	0.265245	-0.387929	-0.231902	0.892038
0.920901	-0.134275	0.365940	0.034526	0.963204	0.266545	-0.388265	-0.232827	0.891651
0.920881	-0.135054	0.365704	0.034305	0.962510	0.269070	-0.388333	-0.235236	0.890989
0.920974	-0.135039	0.365475	0.033821	0.962185	0.270290	-0.388155	-0.236569	0.890714
0.921419	-0.133567	0.364893	0.032412	0.962212	0.270366	-0.387216	-0.237293	0.890930
0.921241	-0.136345	0.364315	0.035631	0.962200	0.270004	-0.387358	-0.235757	0.891276
0.920584	-0.139181	0.364903	0.038510	0.962139	0.269823	-0.388641	-0.234342	0.891090
0.920423	-0.139345	0.365245	0.038810	0.962270	0.269315	-0.388992	-0.233708	0.891104
0.920631	-0.138638	0.364992	0.038729	0.962650	0.267965	-0.388509	-0.232561	0.891614
0.920740	-0.138005	0.364954	0.038435	0.962890	0.267142	-0.388278	-0.231941	0.891876
0.920848	-0.137537	0.364859	0.038208	0.963049	0.266601	-0.388045	-0.231559	0.892077
0.920933	-0.137211	0.364769	0.038007	0.963131	0.266333	-0.387864	-0.231411	0.892194
0.920940	-0.136886	0.364873	0.037971	0.963344	0.265569	-0.387851	-0.230718	0.892379
0.920901	-0.136423	0.365144	0.037729	0.963552	0.264845	-0.387966	-0.230120	0.892484
0.920931	-0.135679	0.365346	0.037305	0.963828	0.263902	-0.387937	-0.229406	0.892680
0.920962	-0.134998	0.365519	0.036844	0.964033	0.263216	-0.387906	-0.228945	0.892812
0.920987	-0.133967	0.365836	0.035963	0.964244	0.262566	-0.387930	-0.228664	0.892873
0.921123	-0.133429	0.365690	0.035766	0.964457	0.261810	-0.387625	-0.228079	0.893155
0.921089	-0.133347	0.365805	0.035643	0.964457	0.261825	-0.387717	-0.228126	0.893104
0.921069	-0.132687	0.366096	0.034945	0.964527	0.261662	-0.387828	-0.228215	0.893032
0.921340	-0.130385	0.366242	0.032562	0.964652	0.261509	-0.387393	-0.229013	0.893017
