0.995675	0.089261	-0.025768	-0.085035	0.987292	0.134253	0.037425	-0.131481	0.990612
0.995519	0.091055	-0.025515	-0.086855	0.987162	0.134044	0.037393	-0.131228	0.990647
0.995409	0.092244	-0.025553	-0.088035	0.987080	0.133880	0.037573	-0.131016	0.990668
0.995282	0.093438	-0.026145	-0.089125	0.986922	0.134317	0.038353	-0.131353	0.990593
0.995111	0.094909	-0.027326	-0.090407	0.986734	0.134842	0.039762	-0.131713	0.990490
0.995009	0.095871	-0.027659	-0.091312	0.986633	0.134972	0.040229	-0.131772	0.990463
0.994930	0.096603	-0.027979	-0.092027	0.986671	0.134209	0.040571	-0.130954	0.990558
0.994815	0.097641	-0.028466	-0.093006	0.986623	0.133885	0.041158	-0.130543	0.990588
0.994753	0.098201	-0.028681	-0.093529	0.986559	0.133991	0.041453	-0.130605	0.990567
0.994744	0.098319	-0.028591	-0.093679	0.986614	0.133483	0.041332	-0.130103	0.990639
0.994717	0.098640	-0.028422	-0.094026	0.986602	0.133322	0.041192	-0.129946	0.990665
0.994750	0.098530	-0.027635	-0.094020	0.986605	0.133309	0.040399	-0.130011	0.990689
0.994873	0.097827	-0.025652	-0.093589	0.986677	0.133075	0.038329	-0.129992	0.990774
0.994999	0.096975	-0.023948	-0.093001	0.986860	0.132133	0.036447	-0.129245	0.990943
0.995056	0.096524	-0.023363	-0.092646	0.986952	0.131693	0.035770	-0.128878	0.991015
0.995104	0.096026	-0.023380	-0.092151	0.987006	0.131635	0.035716	-0.128836	0.991022
0.995176	0.095298	-0.023294	-0.091459	0.987137	0.131136	0.035492	-0.128373	0.991091
0.995264	0.094342	-0.023432	-0.090511	0.987293	0.130612	0.035456	-0.127873	0.991157
0.995281	0.094085	-0.023731	-0.090219	0.987323	0.130591	0.035717	-0.127834	0.991152
0.995242	0.094327	-0.024429	-0.090369	0.987309	0.130593	0.036437	-0.127764	0.991135
0.995213	0.094429	-0.025180	-0.090389	0.987359	0.130197	0.037156	-0.127298	0.991168
0.995267	0.093870	-0.025123	-0.089851	0.987440	0.129959	0.037007	-0.127086	0.991201
0.995342	0.093146	-0.024847	-0.089179	0.987537	0.129681	0.036617	-0.126861	0.991244
0.995373	0.092882	-0.024607	-0.088945	0.987551	0.129737	0.036351	-0.126948	0.991243
0.995364	0.092959	-0.024671	-0.089013	0.987545	0.129734	0.036424	-0.126936	0.991242
