0.998169	0.004108	-0.060353	0.000889	0.996588	0.082535	0.060486	-0.082437	0.994759
0.998181	0.004972	-0.060088	0.000042	0.996536	0.083159	0.060293	-0.083010	0.994723
0.998198	0.005293	-0.059778	-0.000309	0.996544	0.083066	0.060011	-0.082898	0.994749
0.998154	0.004772	-0.060544	0.000249	0.996579	0.082646	0.060731	-0.082509	0.994738
0.998078	0.003357	-0.061886	0.001718	0.996649	0.081776	0.061953	-0.081725	0.994727
0.997955	0.002385	-0.063874	0.002800	0.996713	0.080961	0.063857	-0.080974	0.994669
0.997815	0.002612	-0.066024	0.002727	0.996738	0.080655	0.066019	-0.080659	0.994553
0.997727	0.003077	-0.067317	0.002336	0.996777	0.080187	0.067346	-0.080162	0.994504
0.997732	0.003860	-0.067196	0.001553	0.996769	0.080307	0.067289	-0.080229	0.994503
0.997770	0.004040	-0.066619	0.001311	0.996787	0.080091	0.066729	-0.079999	0.994559
0.997797	0.003487	-0.066254	0.001837	0.996784	0.080118	0.066320	-0.080063	0.994581
0.997806	0.003227	-0.066124	0.002104	0.996760	0.080405	0.066169	-0.080368	0.994567
0.997799	0.003208	-0.066228	0.002178	0.996704	0.081092	0.066269	-0.081057	0.994504
0.997777	0.003729	-0.066534	0.001767	0.996602	0.082354	0.066615	-0.082288	0.994380
0.997856	0.004448	-0.065301	0.000945	0.996605	0.082327	0.065446	-0.082212	0.994464
0.997876	0.004207	-0.065011	0.001096	0.996686	0.081332	0.065137	-0.081230	0.994565
0.997881	0.004219	-0.064928	0.001109	0.996649	0.081794	0.065056	-0.081692	0.994532
0.997877	0.004061	-0.064999	0.001321	0.996588	0.082531	0.065113	-0.082442	0.994467
0.997894	0.003656	-0.064762	0.001706	0.996585	0.082550	0.064842	-0.082487	0.994480
0.997842	0.003688	-0.065552	0.001684	0.996656	0.081697	0.065634	-0.081631	0.994499
0.997826	0.003192	-0.065832	0.002189	0.996669	0.081518	0.065873	-0.081485	0.994495
0.997893	0.002365	-0.064836	0.002968	0.996625	0.082033	0.064811	-0.082053	0.994518
0.997902	0.002014	-0.064708	0.003315	0.996615	0.082139	0.064654	-0.082181	0.994518
0.997920	0.001513	-0.064454	0.003801	0.996604	0.082254	0.064359	-0.082328	0.994525
0.997915	0.001172	-0.064528	0.004172	0.996572	0.082628	0.064403	-0.082725	0.994489
