0.995366	0.092996	-0.024462	-0.089082	0.987558	0.129590	0.036208	-0.126811	0.991266
0.995352	0.093141	-0.024465	-0.089224	0.987540	0.129626	0.036234	-0.126841	0.991261
0.995335	0.093260	-0.024701	-0.089315	0.987544	0.129534	0.036474	-0.126723	0.991267
0.995325	0.093293	-0.025008	-0.089308	0.987538	0.129584	0.036786	-0.126745	0.991253
0.995321	0.093306	-0.025099	-0.089307	0.987532	0.129631	0.036882	-0.126783	0.991245
0.995322	0.093239	-0.025317	-0.089219	0.987563	0.129459	0.037073	-0.126595	0.991261
0.995369	0.092850	-0.024873	-0.088888	0.987585	0.129519	0.036590	-0.126708	0.991265
0.995430	0.092371	-0.024207	-0.088507	0.987659	0.129216	0.035844	-0.126483	0.991321
0.995486	0.091906	-0.023700	-0.088108	0.987686	0.129279	0.035289	-0.126607	0.991325
0.995531	0.091409	-0.023696	-0.087590	0.987639	0.129991	0.035286	-0.127334	0.991232
0.995608	0.090585	-0.023658	-0.086780	0.987721	0.129906	0.035135	-0.127283	0.991244
0.995633	0.090223	-0.023970	-0.086383	0.987758	0.129891	0.035396	-0.127253	0.991238
0.995649	0.090000	-0.024162	-0.086134	0.987772	0.129955	0.035562	-0.127308	0.991225
0.995662	0.089866	-0.024092	-0.086005	0.987764	0.130098	0.035489	-0.127462	0.991208
0.995658	0.089974	-0.023891	-0.086130	0.987725	0.130313	0.035322	-0.127690	0.991185
0.995601	0.090640	-0.023745	-0.086794	0.987607	0.130766	0.035303	-0.128130	0.991129
0.995523	0.091472	-0.023818	-0.087592	0.987471	0.131259	0.035526	-0.128585	0.991062
0.995495	0.091839	-0.023562	-0.088001	0.987481	0.130912	0.035290	-0.128249	0.991114
0.995469	0.092057	-0.023819	-0.088191	0.987489	0.130723	0.035555	-0.128030	0.991133
0.995463	0.092066	-0.024011	-0.088165	0.987454	0.130999	0.035770	-0.128288	0.991092
0.995467	0.091966	-0.024248	-0.088028	0.987441	0.131193	0.036009	-0.128463	0.991060
0.995446	0.092131	-0.024467	-0.088163	0.987424	0.131233	0.036250	-0.128478	0.991050
0.995437	0.092191	-0.024630	-0.088211	0.987455	0.130961	0.036394	-0.128190	0.991082
0.995427	0.092295	-0.024617	-0.088316	0.987447	0.130954	0.036395	-0.128181	0.991083
