0.997470	0.053785	-0.046477	-0.046878	0.989226	0.138690	0.053436	-0.136160	0.989245
0.997497	0.053458	-0.046274	-0.046576	0.989225	0.138795	0.053195	-0.136293	0.989239
0.997475	0.053887	-0.046259	-0.046982	0.989152	0.139183	0.053258	-0.136658	0.989186
0.997470	0.054233	-0.045950	-0.047357	0.989104	0.139393	0.053009	-0.136865	0.989170
0.997478	0.054669	-0.045270	-0.047879	0.989069	0.139464	0.052399	-0.136945	0.989192
0.997457	0.055191	-0.045087	-0.048434	0.989077	0.139214	0.052278	-0.136676	0.989235
0.997461	0.055065	-0.045148	-0.048297	0.989070	0.139310	0.052326	-0.136776	0.989219
0.997481	0.054461	-0.045455	-0.047654	0.989098	0.139338	0.052548	-0.136821	0.989201
0.997471	0.054059	-0.046135	-0.047148	0.989087	0.139582	0.053177	-0.137054	0.989135
0.997481	0.053995	-0.046010	-0.047093	0.989064	0.139766	0.053054	-0.137247	0.989115
0.997472	0.054080	-0.046089	-0.047181	0.989099	0.139491	0.053130	-0.136964	0.989150
0.997479	0.054058	-0.045980	-0.047161	0.989068	0.139718	0.053030	-0.137197	0.989123
0.997489	0.054347	-0.045406	-0.047513	0.989014	0.139976	0.052515	-0.137467	0.989113
0.997469	0.054945	-0.045130	-0.048150	0.989000	0.139858	0.052319	-0.137331	0.989142
0.997477	0.055257	-0.044559	-0.048549	0.989008	0.139663	0.051787	-0.137148	0.989196
0.997485	0.055166	-0.044511	-0.048455	0.988987	0.139848	0.051736	-0.137340	0.989172
0.997494	0.055011	-0.044495	-0.048292	0.988962	0.140082	0.051710	-0.137582	0.989140
0.997486	0.054418	-0.045392	-0.047603	0.989055	0.139657	0.052495	-0.137145	0.989159
0.997507	0.054217	-0.045175	-0.047452	0.989112	0.139305	0.052236	-0.136814	0.989219
0.997496	0.054434	-0.045161	-0.047684	0.989140	0.139023	0.052238	-0.136522	0.989259
0.997444	0.054672	-0.045999	-0.047798	0.989118	0.139147	0.053106	-0.136593	0.989203
0.997408	0.054904	-0.046498	-0.047975	0.989149	0.138864	0.053617	-0.136274	0.989219
0.997304	0.055193	-0.048363	-0.048026	0.989193	0.138532	0.055487	-0.135836	0.989176
0.997239	0.055389	-0.049451	-0.048063	0.989167	0.138702	0.056598	-0.135942	0.989099
0.997207	0.055578	-0.049887	-0.048189	0.989156	0.138738	0.057057	-0.135947	0.989072
