0.989534	0.133488	-0.054799	-0.128298	0.987710	0.089272	0.066042	-0.081307	0.994499
0.989531	0.133611	-0.054552	-0.128421	0.987666	0.089577	0.065848	-0.081634	0.994485
0.989479	0.134101	-0.054298	-0.128921	0.987587	0.089724	0.065656	-0.081779	0.994485
0.989440	0.134488	-0.054051	-0.129317	0.987522	0.089876	0.065464	-0.081937	0.994485
0.989414	0.134703	-0.054000	-0.129531	0.987487	0.089953	0.065441	-0.082006	0.994481
0.989394	0.134796	-0.054122	-0.129605	0.987465	0.090090	0.065587	-0.082120	0.994462
0.989388	0.134786	-0.054251	-0.129575	0.987455	0.090233	0.065733	-0.082246	0.994442
0.989409	0.134671	-0.054167	-0.129470	0.987473	0.090191	0.065635	-0.082223	0.994450
0.989434	0.134477	-0.054180	-0.129287	0.987513	0.090019	0.065609	-0.082063	0.994465
0.989467	0.134331	-0.053952	-0.129175	0.987548	0.089789	0.065341	-0.081874	0.994498
0.989513	0.133882	-0.054221	-0.128711	0.987618	0.089688	0.065557	-0.081768	0.994493
0.989563	0.133493	-0.054266	-0.128303	0.987648	0.089942	0.065602	-0.082040	0.994468
0.989568	0.133555	-0.054023	-0.128400	0.987657	0.089699	0.065336	-0.081827	0.994503
0.989529	0.133876	-0.053946	-0.128762	0.987658	0.089173	0.065218	-0.081293	0.994554
0.989574	0.133626	-0.053725	-0.128545	0.987707	0.088949	0.064950	-0.081116	0.994586
0.989588	0.133552	-0.053656	-0.128476	0.987715	0.088951	0.064877	-0.081131	0.994590
0.989542	0.133942	-0.053538	-0.128868	0.987654	0.089062	0.064806	-0.081231	0.994586
0.989512	0.133987	-0.053976	-0.128888	0.987667	0.088891	0.065220	-0.081002	0.994578
0.989579	0.133459	-0.054048	-0.128360	0.987741	0.088833	0.065241	-0.080970	0.994579
0.989613	0.133070	-0.054387	-0.127938	0.987788	0.088914	0.065555	-0.081032	0.994553
0.989556	0.133153	-0.055226	-0.127957	0.987792	0.088847	0.066382	-0.080852	0.994513
0.989530	0.133177	-0.055629	-0.127929	0.987770	0.089136	0.066819	-0.081086	0.994465
0.989503	0.133450	-0.055445	-0.128172	0.987678	0.089802	0.066746	-0.081753	0.994415
0.989446	0.134188	-0.054678	-0.128961	0.987561	0.089962	0.066069	-0.081961	0.994443
0.989416	0.134779	-0.053756	-0.129655	0.987509	0.089526	0.065151	-0.081609	0.994533
