0.992144	0.124329	-0.013902	-0.121895	0.985719	0.116191	0.028150	-0.113584	0.993130
0.992067	0.124883	-0.014421	-0.122404	0.985722	0.115625	0.028654	-0.112943	0.993188
0.992022	0.125203	-0.014737	-0.122682	0.985673	0.115751	0.029019	-0.113020	0.993169
0.991982	0.125494	-0.014970	-0.122937	0.985610	0.116013	0.029313	-0.113242	0.993135
0.991957	0.125652	-0.015285	-0.123050	0.985564	0.116288	0.029676	-0.113472	0.993098
0.992008	0.125219	-0.015486	-0.122595	0.985610	0.116375	0.029835	-0.113546	0.993085
0.992098	0.124496	-0.015574	-0.121852	0.985647	0.116843	0.029897	-0.114022	0.993028
0.992112	0.124337	-0.015952	-0.121644	0.985648	0.117053	0.030277	-0.114189	0.992998
0.992108	0.124322	-0.016277	-0.121595	0.985663	0.116976	0.030586	-0.114074	0.993001
0.992099	0.124424	-0.016048	-0.121729	0.985670	0.116777	0.030348	-0.113901	0.993029
0.992064	0.124724	-0.015930	-0.122043	0.985640	0.116704	0.030257	-0.113834	0.993039
0.992033	0.125027	-0.015459	-0.122389	0.985564	0.116980	0.029862	-0.114156	0.993014
0.992006	0.125291	-0.015072	-0.122701	0.985551	0.116762	0.029484	-0.113979	0.993046
0.991994	0.125422	-0.014769	-0.122872	0.985554	0.116557	0.029175	-0.113809	0.993074
0.991989	0.125495	-0.014456	-0.122982	0.985548	0.116492	0.028866	-0.113781	0.993086
0.992033	0.125174	-0.014199	-0.122688	0.985562	0.116687	0.028600	-0.114016	0.993067
0.992117	0.124515	-0.014143	-0.122045	0.985668	0.116461	0.028442	-0.113817	0.993095
0.992195	0.123928	-0.013835	-0.121497	0.985732	0.116492	0.028074	-0.113902	0.993095
0.992199	0.123904	-0.013715	-0.121480	0.985708	0.116716	0.027981	-0.114140	0.993071
0.992164	0.124204	-0.013598	-0.121793	0.985678	0.116643	0.027890	-0.114073	0.993081
0.992146	0.124354	-0.013509	-0.121958	0.985681	0.116446	0.027796	-0.113884	0.993105
0.992146	0.124354	-0.013509	-0.121958	0.985681	0.116446	0.027796	-0.113884	0.993105
0.992110	0.124676	-0.013193	-0.122315	0.985641	0.116408	0.027516	-0.113876	0.993114
0.992071	0.124945	-0.013564	-0.122543	0.985624	0.116313	0.027901	-0.113728	0.993120
0.992097	0.124775	-0.013218	-0.122413	0.985640	0.116310	0.027541	-0.113773	0.993125
