0.997809	0.000309	-0.066163	0.005235	0.996485	0.083609	0.065956	-0.083772	0.994300
0.997834	0.000787	-0.065778	0.004671	0.996557	0.082782	0.065617	-0.082910	0.994395
0.997879	0.001476	-0.065081	0.003883	0.996613	0.082142	0.064981	-0.082221	0.994493
0.997921	0.003490	-0.064358	0.001801	0.996633	0.081970	0.064427	-0.081916	0.994555
0.997888	0.005593	-0.064721	-0.000296	0.996667	0.081576	0.064962	-0.081385	0.994563
0.997869	0.006372	-0.064936	-0.001085	0.996703	0.081134	0.065239	-0.080890	0.994586
0.997831	0.006479	-0.065508	-0.001189	0.996756	0.080470	0.065816	-0.080217	0.994602
0.997734	0.007001	-0.066917	-0.001558	0.996708	0.081055	0.067264	-0.080767	0.994461
0.997694	0.006634	-0.067546	-0.001175	0.996751	0.080541	0.067861	-0.080276	0.994460
0.997708	0.005489	-0.067442	-0.000043	0.996756	0.080484	0.067665	-0.080297	0.994472
0.997764	0.003924	-0.066717	0.001404	0.996823	0.079631	0.066817	-0.079547	0.994589
0.997847	0.002599	-0.065531	0.002632	0.996822	0.079614	0.065530	-0.079615	0.994669
0.997798	0.001660	-0.066309	0.003630	0.996823	0.079569	0.066230	-0.079634	0.994622
0.997765	0.000727	-0.066821	0.004594	0.996829	0.079440	0.066667	-0.079569	0.994598
0.997757	0.000018	-0.066938	0.005347	0.996784	0.079961	0.066724	-0.080139	0.994548
0.997801	-0.001495	-0.066257	0.006795	0.996784	0.079841	0.065924	-0.080116	0.994603
0.997831	-0.002559	-0.065780	0.007838	0.996755	0.080116	0.065361	-0.080458	0.994613
0.997846	-0.002186	-0.065570	0.007529	0.996657	0.081354	0.065173	-0.081673	0.994526
0.997928	-0.001430	-0.064328	0.006771	0.996535	0.082892	0.063986	-0.083156	0.994480
0.997954	-0.000349	-0.063939	0.005667	0.996532	0.083013	0.063689	-0.083205	0.994495
0.997940	0.000960	-0.064149	0.004369	0.996550	0.082877	0.064008	-0.082986	0.994493
0.997926	0.001282	-0.064355	0.004058	0.996561	0.082769	0.064240	-0.082858	0.994489
0.997975	0.000927	-0.063593	0.004280	0.996648	0.081701	0.063456	-0.081808	0.994626
0.998077	0.001757	-0.061965	0.003236	0.996758	0.080396	0.061906	-0.080442	0.994835
0.998126	0.003256	-0.061113	0.001693	0.996733	0.080746	0.061176	-0.080698	0.994859
