0.997051	0.061410	-0.046016	-0.054961	0.989954	0.130274	0.053554	-0.127361	0.990410
0.997060	0.061453	-0.045769	-0.055037	0.989956	0.130226	0.053312	-0.127324	0.990427
0.997077	0.061982	-0.044672	-0.055687	0.989881	0.130515	0.052309	-0.127646	0.990439
0.997086	0.062219	-0.044148	-0.055988	0.989860	0.130547	0.051822	-0.127695	0.990459
0.997006	0.062992	-0.044849	-0.056702	0.989907	0.129877	0.052577	-0.126945	0.990515
0.996855	0.064064	-0.046646	-0.057527	0.989836	0.130058	0.054504	-0.126966	0.990408
0.996661	0.065071	-0.049315	-0.058179	0.989779	0.130201	0.057283	-0.126897	0.990260
0.996517	0.065850	-0.051168	-0.058675	0.989658	0.130896	0.059258	-0.127437	0.990075
0.996422	0.066485	-0.052180	-0.059132	0.989532	0.131640	0.060385	-0.128084	0.989923
0.996370	0.067013	-0.052499	-0.059613	0.989501	0.131662	0.060771	-0.128055	0.989903
0.996367	0.067242	-0.052269	-0.059869	0.989481	0.131697	0.060574	-0.128089	0.989911
0.996396	0.067472	-0.051409	-0.060173	0.989385	0.132272	0.059788	-0.128702	0.989879
0.996663	0.065690	-0.048453	-0.058758	0.989406	0.132752	0.056660	-0.129462	0.989964
0.996883	0.064006	-0.046122	-0.057487	0.989719	0.130966	0.054030	-0.127907	0.990313
0.996928	0.063632	-0.045668	-0.057180	0.989752	0.130847	0.053526	-0.127833	0.990350
0.996926	0.064055	-0.045110	-0.057646	0.989662	0.131323	0.053055	-0.128319	0.990313
0.996876	0.065138	-0.044673	-0.058764	0.989562	0.131586	0.052778	-0.128549	0.990298
0.996794	0.065975	-0.045266	-0.059480	0.989427	0.132273	0.053514	-0.129156	0.990179
0.996787	0.066565	-0.044560	-0.060148	0.989361	0.132467	0.052903	-0.129361	0.990185
0.996766	0.067236	-0.044019	-0.060912	0.989385	0.131932	0.052422	-0.128824	0.990281
0.996733	0.067757	-0.043950	-0.061439	0.989356	0.131906	0.052420	-0.128775	0.990287
0.996729	0.067859	-0.043885	-0.061530	0.989303	0.132263	0.052391	-0.129130	0.990243
0.996714	0.068116	-0.043841	-0.061784	0.989271	0.132386	0.052388	-0.129242	0.990228
0.996707	0.068339	-0.043644	-0.062034	0.989263	0.132328	0.052219	-0.129185	0.990245
0.996684	0.068388	-0.044098	-0.062039	0.989299	0.132057	0.052657	-0.128883	0.990261
