0.997909	0.047677	-0.043636	-0.041286	0.989687	0.137170	0.049726	-0.135081	0.989586
0.997898	0.048192	-0.043327	-0.041849	0.989691	0.136966	0.049481	-0.134865	0.989628
0.997897	0.048345	-0.043188	-0.042024	0.989697	0.136869	0.049360	-0.134766	0.989647
0.997876	0.048583	-0.043391	-0.042247	0.989727	0.136586	0.049581	-0.134463	0.989677
0.997858	0.048795	-0.043562	-0.042460	0.989788	0.136078	0.049757	-0.133936	0.989740
0.997855	0.048746	-0.043686	-0.042390	0.989778	0.136170	0.049877	-0.134026	0.989722
0.997880	0.048448	-0.043453	-0.042139	0.989824	0.135913	0.049596	-0.133794	0.989767
0.997925	0.048223	-0.042662	-0.042008	0.989791	0.136198	0.048794	-0.134123	0.989763
0.997945	0.047674	-0.042815	-0.041441	0.989811	0.136223	0.048873	-0.134169	0.989753
0.997966	0.046971	-0.043108	-0.040699	0.989825	0.136345	0.049074	-0.134313	0.989723
0.998006	0.046381	-0.042813	-0.040100	0.989702	0.137414	0.048745	-0.135423	0.989588
0.998033	0.046232	-0.042349	-0.039997	0.989654	0.137785	0.048280	-0.135820	0.989556
0.998053	0.045915	-0.042208	-0.039728	0.989738	0.137258	0.048077	-0.135313	0.989636
0.998087	0.045467	-0.041883	-0.039306	0.989696	0.137687	0.047712	-0.135777	0.989590
0.998095	0.045532	-0.041621	-0.039381	0.989617	0.138228	0.047483	-0.136325	0.989526
0.998081	0.045802	-0.041668	-0.039635	0.989584	0.138396	0.047573	-0.136479	0.989500
0.998094	0.045580	-0.041606	-0.039424	0.989597	0.138361	0.047480	-0.136457	0.989507
0.998100	0.045268	-0.041807	-0.039094	0.989627	0.138239	0.047631	-0.136342	0.989516
0.998106	0.044978	-0.041961	-0.038795	0.989669	0.138026	0.047736	-0.136137	0.989539
0.998091	0.044847	-0.042472	-0.038597	0.989682	0.137984	0.048222	-0.136082	0.989523
0.998075	0.044593	-0.043091	-0.038276	0.989737	0.137676	0.048788	-0.135762	0.989540
0.998078	0.044421	-0.043214	-0.038109	0.989799	0.137276	0.048871	-0.135366	0.989590
0.998041	0.045095	-0.043370	-0.038746	0.989748	0.137471	0.049124	-0.135521	0.989556
0.998001	0.046114	-0.043216	-0.039758	0.989651	0.137877	0.049127	-0.135883	0.989506
0.997964	0.046900	-0.043217	-0.040534	0.989612	0.137931	0.049237	-0.135899	0.989499
