0.994765	0.098206	-0.028244	-0.093733	0.987003	0.130534	0.040696	-0.127204	0.991041
0.994792	0.097845	-0.028555	-0.093336	0.987043	0.130520	0.040955	-0.127175	0.991034
0.994806	0.097733	-0.028442	-0.093238	0.987045	0.130569	0.040834	-0.127239	0.991031
0.994820	0.097689	-0.028111	-0.093227	0.987017	0.130790	0.040523	-0.127492	0.991011
0.994841	0.097532	-0.027926	-0.093080	0.986982	0.131158	0.040354	-0.127882	0.990968
0.994828	0.097594	-0.028157	-0.093109	0.986973	0.131205	0.040595	-0.127905	0.990955
0.994871	0.097237	-0.027862	-0.092784	0.986972	0.131447	0.040280	-0.128188	0.990932
0.994925	0.096908	-0.027074	-0.092548	0.986957	0.131720	0.039486	-0.128546	0.990917
0.994909	0.097263	-0.026381	-0.092991	0.986921	0.131679	0.038843	-0.128556	0.990941
0.994879	0.097525	-0.026554	-0.093243	0.986947	0.131304	0.039013	-0.128156	0.990986
0.994871	0.097433	-0.027162	-0.093091	0.987019	0.130873	0.039561	-0.127673	0.991027
0.994818	0.097805	-0.027785	-0.093353	0.986905	0.131545	0.040287	-0.128270	0.990921
0.994744	0.098390	-0.028351	-0.093830	0.986759	0.132294	0.040992	-0.128938	0.990805
0.994705	0.098746	-0.028489	-0.094169	0.986742	0.132184	0.041164	-0.128802	0.990816
0.994675	0.098951	-0.028815	-0.094347	0.986774	0.131817	0.041477	-0.128397	0.990855
0.994549	0.100052	-0.029356	-0.095343	0.986594	0.132443	0.042214	-0.128922	0.990756
0.994544	0.100376	-0.028422	-0.095775	0.986522	0.132669	0.041356	-0.129223	0.990753
0.994512	0.100835	-0.027888	-0.096367	0.986682	0.131039	0.040730	-0.127632	0.990985
0.994426	0.101758	-0.027612	-0.097276	0.986457	0.132061	0.040676	-0.128639	0.990857
0.994464	0.101492	-0.027213	-0.097056	0.986454	0.132248	0.040266	-0.128875	0.990843
0.994455	0.101630	-0.027016	-0.097255	0.986557	0.131327	0.039999	-0.127972	0.990971
0.994545	0.100718	-0.027144	-0.096322	0.986610	0.131616	0.040036	-0.128283	0.990929
0.994602	0.100058	-0.027490	-0.095603	0.986612	0.132121	0.040342	-0.128779	0.990852
