0.996469	0.070224	-0.046028	-0.063322	0.988507	0.137277	0.055139	-0.133877	0.989463
0.996436	0.070619	-0.046124	-0.063684	0.988442	0.137575	0.055306	-0.134147	0.989417
0.996365	0.071348	-0.046552	-0.064342	0.988379	0.137723	0.055837	-0.134227	0.989376
0.996357	0.071528	-0.046444	-0.064528	0.988349	0.137849	0.055763	-0.134350	0.989364
0.996390	0.071304	-0.046066	-0.064344	0.988328	0.138084	0.055374	-0.134621	0.989349
0.996382	0.071284	-0.046267	-0.064298	0.988337	0.138041	0.055568	-0.134567	0.989345
0.996370	0.071452	-0.046275	-0.064488	0.988383	0.137626	0.055571	-0.134142	0.989403
0.996373	0.071426	-0.046247	-0.064478	0.988415	0.137400	0.055525	-0.133920	0.989435
0.996359	0.071731	-0.046080	-0.064801	0.988390	0.137430	0.055403	-0.133943	0.989439
0.996308	0.072544	-0.045909	-0.065641	0.988359	0.137252	0.055332	-0.133732	0.989472
0.996272	0.073213	-0.045632	-0.066366	0.988372	0.136810	0.055117	-0.133271	0.989546
0.996248	0.073630	-0.045472	-0.066815	0.988376	0.136562	0.054998	-0.133011	0.989587
0.996246	0.073957	-0.044999	-0.067211	0.988370	0.136405	0.054564	-0.132869	0.989631
0.996247	0.073939	-0.044990	-0.067222	0.988438	0.135908	0.054519	-0.132374	0.989699
0.996325	0.073294	-0.044330	-0.066677	0.988496	0.135754	0.053770	-0.132299	0.989750
0.996380	0.073028	-0.043516	-0.066510	0.988476	0.135987	0.052946	-0.132600	0.989754
0.996414	0.072801	-0.043116	-0.066361	0.988547	0.135542	0.052490	-0.132195	0.989833
0.996473	0.072263	-0.042652	-0.065924	0.988666	0.134886	0.051916	-0.131599	0.989943
0.996438	0.072499	-0.043071	-0.066093	0.988631	0.135059	0.052373	-0.131731	0.989901
0.996366	0.073148	-0.043647	-0.066628	0.988512	0.135665	0.053069	-0.132264	0.989793
0.996312	0.073411	-0.044409	-0.066782	0.988484	0.135794	0.053866	-0.132328	0.989741
0.996337	0.073103	-0.044366	-0.066456	0.988441	0.136262	0.053814	-0.132814	0.989679
0.996338	0.072934	-0.044620	-0.066227	0.988387	0.136770	0.054077	-0.133314	0.989597
0.996329	0.072664	-0.045252	-0.065881	0.988426	0.136653	0.054658	-0.133170	0.989585
0.996348	0.072339	-0.045358	-0.065553	0.988470	0.136489	0.054708	-0.133017	0.989603
