0.997294	0.006462	-0.073232	0.001460	0.994192	0.107609	0.073502	-0.107424	0.991493
0.997229	0.006299	-0.074128	0.001679	0.994249	0.107081	0.074376	-0.106909	0.991483
0.997178	0.006341	-0.074805	0.001723	0.994232	0.107240	0.075053	-0.107066	0.991415
0.997172	0.006404	-0.074884	0.001681	0.994213	0.107418	0.075139	-0.107240	0.991390
0.997157	0.006288	-0.075088	0.001802	0.994237	0.107186	0.075330	-0.107017	0.991399
0.997234	0.005405	-0.074134	0.002587	0.994225	0.107285	0.074285	-0.107180	0.991461
0.997387	0.003899	-0.072135	0.003923	0.994145	0.107983	0.072133	-0.107983	0.991532
0.997416	0.003408	-0.071759	0.004351	0.994175	0.107688	0.071708	-0.107722	0.991592
0.997420	0.003407	-0.071701	0.004392	0.994105	0.108329	0.071647	-0.108364	0.991526
0.997446	0.003526	-0.071341	0.004261	0.994065	0.108703	0.071301	-0.108729	0.991511
0.997460	0.004143	-0.071103	0.003642	0.994034	0.109014	0.071130	-0.108997	0.991494
0.997433	0.004342	-0.071480	0.003500	0.994011	0.109225	0.071526	-0.109195	0.991444
0.997431	0.004279	-0.071512	0.003570	0.994006	0.109271	0.071551	-0.109245	0.991436
0.997417	0.004360	-0.071700	0.003506	0.994012	0.109217	0.071746	-0.109186	0.991429
0.997396	0.004546	-0.071982	0.003364	0.993994	0.109385	0.072047	-0.109342	0.991390
0.997381	0.004970	-0.072153	0.002973	0.993977	0.109551	0.072263	-0.109479	0.991359
0.997385	0.005634	-0.072056	0.002322	0.993945	0.109857	0.072239	-0.109737	0.991332
0.997396	0.006598	-0.071815	0.001353	0.993918	0.110114	0.072105	-0.109924	0.991321
0.997393	0.007410	-0.071777	0.000519	0.993951	0.109821	0.072156	-0.109572	0.991356
0.997423	0.007683	-0.071333	0.000172	0.993991	0.109463	0.071745	-0.109193	0.991428
0.997414	0.008043	-0.071425	-0.000178	0.993992	0.109451	0.071876	-0.109155	0.991423
0.997366	0.008466	-0.072035	-0.000544	0.994010	0.109284	0.072528	-0.108957	0.991397
0.997318	0.007919	-0.072759	0.000053	0.994052	0.108910	0.073189	-0.108622	0.991385
0.997319	0.007208	-0.072826	0.000763	0.994060	0.108835	0.073177	-0.108598	0.991389
0.997267	0.007204	-0.073532	0.000825	0.994087	0.108584	0.073880	-0.108348	0.991364
