0.993523	0.112446	-0.016386	-0.109766	0.986979	0.117574	0.029393	-0.115014	0.992929
0.993538	0.112334	-0.016209	-0.109684	0.987021	0.117302	0.029176	-0.114766	0.992964
0.993521	0.112507	-0.016077	-0.109879	0.987033	0.117012	0.029034	-0.114487	0.993000
0.993447	0.113206	-0.015765	-0.110602	0.986927	0.117223	0.028830	-0.114711	0.992980
0.993368	0.113987	-0.015071	-0.111449	0.986793	0.117551	0.028271	-0.115091	0.992953
0.993335	0.114407	-0.014045	-0.111980	0.986714	0.117709	0.027326	-0.115352	0.992949
0.993317	0.114645	-0.013317	-0.112305	0.986699	0.117527	0.026614	-0.115246	0.992980
0.993317	0.114698	-0.012851	-0.112406	0.986658	0.117778	0.026188	-0.115547	0.992957
0.993355	0.114379	-0.012756	-0.112097	0.986685	0.117844	0.026065	-0.115631	0.992950
0.993387	0.114081	-0.012972	-0.111786	0.986765	0.117464	0.026201	-0.115238	0.992992
0.993406	0.113902	-0.013075	-0.111600	0.986801	0.117345	0.026269	-0.115112	0.993005
0.993405	0.113902	-0.013137	-0.111584	0.986764	0.117666	0.026366	-0.115424	0.992966
0.993388	0.114057	-0.013074	-0.111740	0.986721	0.117880	0.026346	-0.115640	0.992942
0.993292	0.114810	-0.013757	-0.112412	0.986659	0.117759	0.027094	-0.115423	0.992947
0.993224	0.115340	-0.014212	-0.112887	0.986607	0.117738	0.027602	-0.115336	0.992943
0.993115	0.116093	-0.015628	-0.113484	0.986588	0.117327	0.029039	-0.114746	0.992970
0.993019	0.116739	-0.016860	-0.113969	0.986472	0.117828	0.030388	-0.115084	0.992891
0.992978	0.116971	-0.017656	-0.114100	0.986428	0.118070	0.031227	-0.115226	0.992848
0.992911	0.117461	-0.018159	-0.114521	0.986349	0.118327	0.031810	-0.115408	0.992809
0.992869	0.117864	-0.017871	-0.114953	0.986292	0.118378	0.031578	-0.115479	0.992808
0.992855	0.118045	-0.017414	-0.115171	0.986210	0.118848	0.031204	-0.115993	0.992760
0.992869	0.118034	-0.016689	-0.115250	0.986226	0.118638	0.030463	-0.115869	0.992797
0.992883	0.118011	-0.016034	-0.115315	0.986265	0.118250	0.029768	-0.115560	0.992854
0.992918	0.117776	-0.015555	-0.115131	0.986265	0.118431	0.029289	-0.115801	0.992840
0.993066	0.116607	-0.014908	-0.114041	0.986374	0.118582	0.028533	-0.116060	0.992832
