0.995627	0.089815	-0.025690	-0.085665	0.987487	0.132404	0.037260	-0.129625	0.990863
0.995553	0.090414	-0.026435	-0.086148	0.987399	0.132746	0.038104	-0.129879	0.990797
0.995474	0.091154	-0.026870	-0.086801	0.987255	0.133390	0.038687	-0.130454	0.990699
0.995375	0.092125	-0.027238	-0.087695	0.987103	0.133927	0.039225	-0.130919	0.990617
0.995311	0.092849	-0.027097	-0.088419	0.986996	0.134241	0.039209	-0.131215	0.990578
0.995306	0.092985	-0.026819	-0.088582	0.986953	0.134452	0.038971	-0.131445	0.990557
0.995381	0.092564	-0.025465	-0.088333	0.986939	0.134718	0.037602	-0.131847	0.990557
0.995501	0.091642	-0.024060	-0.087608	0.987019	0.134607	0.036084	-0.131894	0.990607
0.995579	0.090975	-0.023376	-0.087050	0.987120	0.134226	0.035286	-0.131597	0.990675
0.995558	0.091180	-0.023453	-0.087236	0.987074	0.134441	0.035409	-0.131798	0.990644
0.995523	0.091373	-0.024182	-0.087311	0.986993	0.134990	0.036201	-0.132274	0.990552
0.995511	0.091298	-0.024948	-0.087138	0.987017	0.134922	0.036943	-0.132142	0.990542
0.995550	0.090731	-0.025443	-0.086516	0.987090	0.134788	0.037344	-0.131987	0.990548
0.995583	0.090389	-0.025399	-0.086176	0.987099	0.134944	0.037269	-0.132159	0.990528
0.995565	0.090575	-0.025417	-0.086355	0.987072	0.135023	0.037318	-0.132230	0.990516
0.995570	0.090584	-0.025195	-0.086382	0.987027	0.135335	0.037128	-0.132559	0.990480
0.995575	0.090593	-0.024973	-0.086409	0.986982	0.135646	0.036937	-0.132888	0.990443
0.995554	0.090726	-0.025300	-0.086499	0.986981	0.135600	0.037273	-0.132809	0.990441
0.995556	0.090637	-0.025561	-0.086379	0.987002	0.135521	0.037512	-0.132711	0.990445
0.995565	0.090500	-0.025682	-0.086230	0.987026	0.135442	0.037606	-0.132626	0.990452
0.995559	0.090585	-0.025611	-0.086329	0.987037	0.135299	0.037535	-0.132487	0.990474
0.995540	0.090882	-0.025325	-0.086659	0.986999	0.135364	0.037298	-0.132566	0.990472
0.995521	0.091157	-0.025084	-0.086958	0.986951	0.135522	0.037110	-0.132734	0.990457
0.995505	0.091347	-0.025000	-0.087163	0.986953	0.135373	0.037040	-0.132585	0.990479
0.995509	0.091300	-0.025018	-0.087119	0.986975	0.135240	0.037039	-0.132453	0.990497
