0.691668	-0.719279	-0.065063	0.722020	0.686570	0.085494	-0.016824	-0.106110	0.994212
0.690566	-0.720389	-0.064488	0.723067	0.685512	0.085138	-0.017125	-0.105422	0.994280
0.689623	-0.721350	-0.063838	0.723960	0.684623	0.084689	-0.017385	-0.104620	0.994360
0.688831	-0.722129	-0.063579	0.724713	0.683871	0.084329	-0.017417	-0.104165	0.994407
0.687952	-0.722985	-0.063367	0.725544	0.683015	0.084122	-0.017538	-0.103847	0.994439
0.687115	-0.723775	-0.063430	0.726339	0.682196	0.083910	-0.017460	-0.103728	0.994452
0.686457	-0.724380	-0.063643	0.726965	0.681549	0.083740	-0.017284	-0.103750	0.994453
0.686006	-0.724787	-0.063877	0.727395	0.681104	0.083629	-0.017107	-0.103834	0.994448
0.686006	-0.724787	-0.063877	0.727395	0.681104	0.083629	-0.017107	-0.103834	0.994448
0.686006	-0.724787	-0.063877	0.727395	0.681104	0.083629	-0.017107	-0.103834	0.994448
0.686006	-0.724787	-0.063877	0.727395	0.681104	0.083629	-0.017107	-0.103834	0.994448
0.686006	-0.724787	-0.063877	0.727395	0.681104	0.083629	-0.017107	-0.103834	0.994448
0.687038	-0.723764	-0.064377	0.726428	0.682107	0.083863	-0.016785	-0.104382	0.994396
0.688626	-0.722193	-0.065057	0.724932	0.683644	0.084288	-0.016396	-0.105205	0.994315
0.689862	-0.720980	-0.065409	0.723760	0.684849	0.084577	-0.016183	-0.105687	0.994268
0.690510	-0.720346	-0.065557	0.723145	0.685489	0.084647	-0.016036	-0.105857	0.994252
0.690510	-0.720346	-0.065557	0.723145	0.685489	0.084647	-0.016036	-0.105857	0.994252
0.690510	-0.720346	-0.065557	0.723145	0.685489	0.084647	-0.016036	-0.105857	0.994252
0.690112	-0.720723	-0.065599	0.723526	0.685103	0.084517	-0.015971	-0.105788	0.994260
0.689625	-0.721216	-0.065304	0.723987	0.684634	0.084380	-0.016147	-0.105470	0.994291
0.689248	-0.721606	-0.064982	0.724344	0.684287	0.084131	-0.016243	-0.105057	0.994334
0.689248	-0.721606	-0.064982	0.724344	0.684287	0.084131	-0.016243	-0.105057	0.994334
0.688902	-0.721938	-0.064966	0.724671	0.683938	0.084146	-0.016316	-0.105047	0.994333
0.688902	-0.721938	-0.064966	0.724671	0.683938	0.084146	-0.016316	-0.105047	0.994333
0.688544	-0.722236	-0.065439	0.725020	0.683591	0.083959	-0.015905	-0.105254	0.994318
