0.679076	-0.732154	-0.052972	0.733626	0.674394	0.083580	-0.025470	-0.095618	0.995092
0.679076	-0.732154	-0.052972	0.733626	0.674394	0.083580	-0.025470	-0.095618	0.995092
0.679556	-0.731748	-0.052420	0.733163	0.674865	0.083840	-0.025974	-0.095406	0.995100
0.679556	-0.731748	-0.052420	0.733163	0.674865	0.083840	-0.025974	-0.095406	0.995100
0.680077	-0.731302	-0.051892	0.732668	0.675389	0.083954	-0.026348	-0.095115	0.995117
0.680077	-0.731302	-0.051892	0.732668	0.675389	0.083954	-0.026348	-0.095115	0.995117
0.680077	-0.731302	-0.051892	0.732668	0.675389	0.083954	-0.026348	-0.095115	0.995117
0.680172	-0.731136	-0.052970	0.732595	0.675417	0.084363	-0.025904	-0.096187	0.995026
0.680172	-0.731136	-0.052970	0.732595	0.675417	0.084363	-0.025904	-0.096187	0.995026
0.680550	-0.730774	-0.053117	0.732224	0.675698	0.085328	-0.026465	-0.096964	0.994936
0.680550	-0.730774	-0.053117	0.732224	0.675698	0.085328	-0.026465	-0.096964	0.994936
0.679184	-0.731983	-0.053952	0.733500	0.674287	0.085525	-0.026224	-0.097661	0.994874
0.677978	-0.733070	-0.054351	0.734599	0.672998	0.086249	-0.026648	-0.098401	0.994790
0.676691	-0.734233	-0.054695	0.735800	0.671747	0.085757	-0.026225	-0.098276	0.994814
0.675418	-0.735390	-0.054880	0.736998	0.670585	0.084555	-0.025379	-0.097556	0.994906
0.674168	-0.736551	-0.054687	0.738152	0.669415	0.083759	-0.025084	-0.096835	0.994984
0.673365	-0.737283	-0.054707	0.738884	0.668621	0.083644	-0.025091	-0.096745	0.994993
0.673365	-0.737283	-0.054707	0.738884	0.668621	0.083644	-0.025091	-0.096745	0.994993
0.673365	-0.737283	-0.054707	0.738884	0.668621	0.083644	-0.025091	-0.096745	0.994993
0.673801	-0.736853	-0.055130	0.738511	0.669098	0.083116	-0.024357	-0.096718	0.995014
0.674173	-0.736497	-0.055341	0.738191	0.669519	0.082567	-0.023759	-0.096517	0.995048
0.674578	-0.736151	-0.055010	0.737829	0.669986	0.082017	-0.023521	-0.095915	0.995112
0.674578	-0.736151	-0.055010	0.737829	0.669986	0.082017	-0.023521	-0.095915	0.995112
0.675478	-0.735370	-0.054417	0.737005	0.670938	0.081646	-0.023530	-0.095256	0.995175
0.676472	-0.734450	-0.054485	0.736100	0.671942	0.081550	-0.023283	-0.095273	0.995179
