0.939554	-0.325674	-0.105706	0.334037	0.939648	0.074037	0.075215	-0.104872	0.991637
0.939554	-0.325674	-0.105706	0.334037	0.939648	0.074037	0.075215	-0.104872	0.991637
0.939420	-0.325951	-0.106045	0.334345	0.939542	0.073981	0.075520	-0.104955	0.991605
0.939420	-0.325951	-0.106045	0.334345	0.939542	0.073981	0.075520	-0.104955	0.991605
0.939189	-0.326551	-0.106247	0.334956	0.939336	0.073838	0.075689	-0.104936	0.991594
0.939189	-0.326551	-0.106247	0.334956	0.939336	0.073838	0.075689	-0.104936	0.991594
0.939189	-0.326551	-0.106247	0.334956	0.939336	0.073838	0.075689	-0.104936	0.991594
0.939189	-0.326551	-0.106247	0.334956	0.939336	0.073838	0.075689	-0.104936	0.991594
0.939189	-0.326551	-0.106247	0.334956	0.939336	0.073838	0.075689	-0.104936	0.991594
0.939372	-0.325798	-0.106941	0.334252	0.939610	0.073539	0.076524	-0.104826	0.991542
0.939372	-0.325798	-0.106941	0.334252	0.939610	0.073539	0.076524	-0.104826	0.991542
0.939372	-0.325798	-0.106941	0.334252	0.939610	0.073539	0.076524	-0.104826	0.991542
0.939372	-0.325798	-0.106941	0.334252	0.939610	0.073539	0.076524	-0.104826	0.991542
0.939372	-0.325798	-0.106941	0.334252	0.939610	0.073539	0.076524	-0.104826	0.991542
0.939035	-0.326781	-0.106901	0.335143	0.939382	0.072390	0.076765	-0.103804	0.991631
0.938842	-0.327428	-0.106617	0.335736	0.939195	0.072069	0.076537	-0.103456	0.991685
0.938842	-0.327428	-0.106617	0.335736	0.939195	0.072069	0.076537	-0.103456	0.991685
0.938622	-0.328153	-0.106321	0.336423	0.938956	0.071980	0.076210	-0.103330	0.991723
0.938622	-0.328153	-0.106321	0.336423	0.938956	0.071980	0.076210	-0.103330	0.991723
0.938622	-0.328153	-0.106321	0.336423	0.938956	0.071980	0.076210	-0.103330	0.991723
0.938931	-0.326956	-0.107281	0.335359	0.939304	0.072406	0.077096	-0.103962	0.991589
0.938931	-0.326956	-0.107281	0.335359	0.939304	0.072406	0.077096	-0.103962	0.991589
0.938931	-0.326956	-0.107281	0.335359	0.939304	0.072406	0.077096	-0.103962	0.991589
0.939317	-0.325784	-0.107465	0.334223	0.939692	0.072627	0.077323	-0.104137	0.991553
0.939565	-0.325077	-0.107438	0.333537	0.939912	0.072932	0.077274	-0.104359	0.991533
