0.721563	-0.686616	-0.088912	0.692314	0.714253	0.102684	-0.006999	-0.135648	0.990732
0.722785	-0.685336	-0.088858	0.691034	0.715378	0.103476	-0.007348	-0.136195	0.990655
0.723276	-0.684802	-0.088985	0.690520	0.715838	0.103721	-0.007329	-0.136465	0.990618
0.723045	-0.684982	-0.089472	0.690769	0.715664	0.103264	-0.006702	-0.136469	0.990622
0.722764	-0.685175	-0.090263	0.691070	0.715437	0.102821	-0.005873	-0.136693	0.990596
0.722151	-0.685745	-0.090841	0.691716	0.714891	0.102277	-0.005195	-0.136695	0.990600
0.721233	-0.686703	-0.090896	0.692676	0.714063	0.101563	-0.004838	-0.136212	0.990668
0.720380	-0.687621	-0.090723	0.693563	0.713276	0.101032	-0.004761	-0.135704	0.990738
0.719567	-0.688446	-0.090911	0.694409	0.712524	0.100529	-0.004433	-0.135467	0.990772
0.718601	-0.689459	-0.090879	0.695409	0.711622	0.099999	-0.004274	-0.135057	0.990829
0.717862	-0.690261	-0.090632	0.696173	0.710937	0.099560	-0.004289	-0.134566	0.990895
0.717550	-0.690628	-0.090304	0.696493	0.710656	0.099325	-0.004421	-0.134167	0.990949
0.717550	-0.690628	-0.090304	0.696493	0.710656	0.099325	-0.004421	-0.134167	0.990949
0.717550	-0.690628	-0.090304	0.696493	0.710656	0.099325	-0.004421	-0.134167	0.990949
0.718012	-0.690130	-0.090437	0.696016	0.711088	0.099571	-0.004408	-0.134439	0.990912
0.718537	-0.689537	-0.090787	0.695476	0.711592	0.099753	-0.004180	-0.134816	0.990862
0.719029	-0.688978	-0.091142	0.694969	0.712065	0.099904	-0.003933	-0.135175	0.990814
0.719418	-0.688545	-0.091339	0.694566	0.712431	0.100095	-0.003847	-0.135451	0.990777
0.719418	-0.688545	-0.091339	0.694566	0.712431	0.100095	-0.003847	-0.135451	0.990777
0.719418	-0.688545	-0.091339	0.694566	0.712431	0.100095	-0.003847	-0.135451	0.990777
0.719418	-0.688545	-0.091339	0.694566	0.712431	0.100095	-0.003847	-0.135451	0.990777
0.719087	-0.688968	-0.090756	0.694905	0.712040	0.100532	-0.004641	-0.135358	0.990786
0.718908	-0.689192	-0.090482	0.695087	0.711808	0.100918	-0.005146	-0.135443	0.990772
0.718908	-0.689192	-0.090482	0.695087	0.711808	0.100918	-0.005146	-0.135443	0.990772
0.719241	-0.688807	-0.090757	0.694742	0.712102	0.101214	-0.005089	-0.135850	0.990716
