0.926727	-0.359654	-0.108750	0.368161	0.927003	0.071581	0.075067	-0.106374	0.991489
0.926487	-0.360342	-0.108513	0.368829	0.926731	0.071653	0.074743	-0.106409	0.991509
0.926487	-0.360342	-0.108513	0.368829	0.926731	0.071653	0.074743	-0.106409	0.991509
0.926320	-0.360873	-0.108173	0.369296	0.926574	0.071277	0.074508	-0.105973	0.991574
0.926320	-0.360873	-0.108173	0.369296	0.926574	0.071277	0.074508	-0.105973	0.991574
0.926249	-0.361242	-0.107553	0.369599	0.926454	0.071279	0.073894	-0.105773	0.991641
0.926202	-0.361528	-0.106995	0.369785	0.926421	0.070731	0.073551	-0.105076	0.991740
0.926304	-0.361437	-0.106418	0.369607	0.926519	0.070379	0.073161	-0.104525	0.991828
0.926834	-0.360422	-0.105234	0.368560	0.926837	0.071668	0.071704	-0.105209	0.991862
0.927525	-0.359135	-0.103539	0.367222	0.927226	0.073482	0.069614	-0.106178	0.991907
0.928361	-0.357355	-0.102195	0.365381	0.927859	0.074663	0.068141	-0.106654	0.991958
0.929385	-0.354855	-0.101593	0.362855	0.928806	0.075206	0.067673	-0.106759	0.991979
0.930409	-0.351956	-0.102306	0.360062	0.929860	0.075602	0.068521	-0.107178	0.991876
0.930946	-0.350377	-0.102838	0.358591	0.930370	0.076311	0.068940	-0.107919	0.991767
0.931001	-0.350245	-0.102792	0.358502	0.930347	0.077014	0.068658	-0.108551	0.991717
0.931135	-0.349870	-0.102847	0.358211	0.930366	0.078126	0.068351	-0.109586	0.991624
0.931276	-0.349385	-0.103225	0.357808	0.930471	0.078718	0.068545	-0.110243	0.991538
0.931276	-0.349385	-0.103225	0.357808	0.930471	0.078718	0.068545	-0.110243	0.991538
0.931276	-0.349385	-0.103225	0.357808	0.930471	0.078718	0.068545	-0.110243	0.991538
0.931099	-0.349765	-0.103537	0.358248	0.930271	0.079085	0.068656	-0.110728	0.991476
0.930774	-0.350659	-0.103427	0.359152	0.929895	0.079410	0.068331	-0.111059	0.991462
0.930388	-0.351599	-0.103712	0.360125	0.929516	0.079440	0.068471	-0.111259	0.991430
0.930184	-0.351820	-0.104791	0.360483	0.929356	0.079686	0.069353	-0.111898	0.991297
0.929888	-0.352332	-0.105695	0.361106	0.929104	0.079800	0.070086	-0.112372	0.991192
0.929437	-0.353410	-0.106057	0.362179	0.928740	0.079175	0.070518	-0.112000	0.991203
