0.844698	-0.520698	-0.123935	0.532826	0.840014	0.102336	0.050821	-0.152478	0.986999
0.844698	-0.520698	-0.123935	0.532826	0.840014	0.102336	0.050821	-0.152478	0.986999
0.844698	-0.520698	-0.123935	0.532826	0.840014	0.102336	0.050821	-0.152478	0.986999
0.844698	-0.520698	-0.123935	0.532826	0.840014	0.102336	0.050821	-0.152478	0.986999
0.844698	-0.520698	-0.123935	0.532826	0.840014	0.102336	0.050821	-0.152478	0.986999
0.844698	-0.520698	-0.123935	0.532826	0.840014	0.102336	0.050821	-0.152478	0.986999
0.844698	-0.520698	-0.123935	0.532826	0.840014	0.102336	0.050821	-0.152478	0.986999
0.845105	-0.520140	-0.123503	0.532225	0.840345	0.102744	0.050344	-0.152561	0.987011
0.845105	-0.520140	-0.123503	0.532225	0.840345	0.102744	0.050344	-0.152561	0.987011
0.845326	-0.519741	-0.123669	0.531861	0.840557	0.102893	0.050473	-0.152753	0.986975
0.845326	-0.519741	-0.123669	0.531861	0.840557	0.102893	0.050473	-0.152753	0.986975
0.845326	-0.519741	-0.123669	0.531861	0.840557	0.102893	0.050473	-0.152753	0.986975
0.845326	-0.519741	-0.123669	0.531861	0.840557	0.102893	0.050473	-0.152753	0.986975
0.845001	-0.520127	-0.124263	0.532328	0.840284	0.102716	0.050991	-0.152944	0.986919
0.845001	-0.520127	-0.124263	0.532328	0.840284	0.102716	0.050991	-0.152944	0.986919
0.845001	-0.520127	-0.124263	0.532328	0.840284	0.102716	0.050991	-0.152944	0.986919
0.845001	-0.520127	-0.124263	0.532328	0.840284	0.102716	0.050991	-0.152944	0.986919
0.845001	-0.520127	-0.124263	0.532328	0.840284	0.102716	0.050991	-0.152944	0.986919
0.845001	-0.520127	-0.124263	0.532328	0.840284	0.102716	0.050991	-0.152944	0.986919
0.845001	-0.520127	-0.124263	0.532328	0.840284	0.102716	0.050991	-0.152944	0.986919
0.845001	-0.520127	-0.124263	0.532328	0.840284	0.102716	0.050991	-0.152944	0.986919
0.845001	-0.520127	-0.124263	0.532328	0.840284	0.102716	0.050991	-0.152944	0.986919
0.845001	-0.520127	-0.124263	0.532328	0.840284	0.102716	0.050991	-0.152944	0.986919
0.845001	-0.520127	-0.124263	0.532328	0.840284	0.102716	0.050991	-0.152944	0.986919
