0.755078	-0.646898	-0.106676	0.655542	0.747651	0.106223	0.011041	-0.150137	0.988603
0.755102	-0.646785	-0.107195	0.655510	0.747656	0.106381	0.011340	-0.150596	0.988530
0.755102	-0.646785	-0.107195	0.655510	0.747656	0.106381	0.011340	-0.150596	0.988530
0.754799	-0.647054	-0.107700	0.655849	0.747395	0.106125	0.011826	-0.150738	0.988503
0.754248	-0.647678	-0.107812	0.656481	0.746882	0.105834	0.011977	-0.150601	0.988522
0.753667	-0.648333	-0.107936	0.657144	0.746345	0.105503	0.012156	-0.150444	0.988544
0.752873	-0.649285	-0.107750	0.658056	0.745582	0.105215	0.012022	-0.150119	0.988595
0.751967	-0.650491	-0.106808	0.659106	0.744679	0.105040	0.011210	-0.149384	0.988716
0.751295	-0.651420	-0.105872	0.659883	0.744034	0.104727	0.010551	-0.148544	0.988850
0.751295	-0.651420	-0.105872	0.659883	0.744034	0.104727	0.010551	-0.148544	0.988850
0.751660	-0.650927	-0.106311	0.659467	0.744315	0.105350	0.010554	-0.149296	0.988736
0.750894	-0.651856	-0.106029	0.660346	0.743518	0.105470	0.010083	-0.149213	0.988754
0.749920	-0.653023	-0.105738	0.661458	0.742538	0.105408	0.009681	-0.148989	0.988791
0.749530	-0.653460	-0.105803	0.661901	0.742128	0.105514	0.009571	-0.149117	0.988773
0.749530	-0.653460	-0.105803	0.661901	0.742128	0.105514	0.009571	-0.149117	0.988773
0.749842	-0.652940	-0.106803	0.661533	0.742496	0.105231	0.010591	-0.149560	0.988696
0.750766	-0.651627	-0.108322	0.660462	0.743433	0.105342	0.011886	-0.150630	0.988519
0.751786	-0.650122	-0.110267	0.659268	0.744477	0.105446	0.013539	-0.151968	0.988293
0.752328	-0.649230	-0.111816	0.658621	0.745054	0.105418	0.014868	-0.152953	0.988122
0.752582	-0.648726	-0.113024	0.658304	0.745362	0.105217	0.015987	-0.153589	0.988005
0.752892	-0.648182	-0.114081	0.657926	0.745709	0.105126	0.016931	-0.154205	0.987894
0.752873	-0.648078	-0.114794	0.657928	0.745756	0.104782	0.017701	-0.154413	0.987848
0.752405	-0.648610	-0.114858	0.658455	0.745361	0.104273	0.017978	-0.154085	0.987894
0.752405	-0.648610	-0.114858	0.658455	0.745361	0.104273	0.017978	-0.154085	0.987894
0.751913	-0.649178	-0.114868	0.659019	0.744876	0.104183	0.017929	-0.154037	0.987902
