0.738549	-0.668068	-0.090720	0.674199	0.731592	0.101141	-0.001199	-0.135861	0.990727
0.738549	-0.668068	-0.090720	0.674199	0.731592	0.101141	-0.001199	-0.135861	0.990727
0.738935	-0.667713	-0.090193	0.673775	0.731990	0.101083	-0.001474	-0.135464	0.990781
0.738935	-0.667713	-0.090193	0.673775	0.731990	0.101083	-0.001474	-0.135464	0.990781
0.738935	-0.667713	-0.090193	0.673775	0.731990	0.101083	-0.001474	-0.135464	0.990781
0.739480	-0.667071	-0.090476	0.673177	0.732544	0.101056	-0.001134	-0.135635	0.990758
0.739965	-0.666495	-0.090748	0.672644	0.733033	0.101055	-0.000831	-0.135818	0.990733
0.740380	-0.665971	-0.091216	0.672189	0.733450	0.101060	-0.000401	-0.136137	0.990690
0.740703	-0.665541	-0.091734	0.671833	0.733782	0.101017	0.000082	-0.136453	0.990647
0.740972	-0.665176	-0.092208	0.671536	0.734059	0.100976	0.000520	-0.136741	0.990607
0.740972	-0.665176	-0.092208	0.671536	0.734059	0.100976	0.000520	-0.136741	0.990607
0.741269	-0.664785	-0.092637	0.671208	0.734347	0.101065	0.000841	-0.137095	0.990558
0.741269	-0.664785	-0.092637	0.671208	0.734347	0.101065	0.000841	-0.137095	0.990558
0.741581	-0.664419	-0.092764	0.670863	0.734638	0.101242	0.000880	-0.137311	0.990528
0.741581	-0.664419	-0.092764	0.670863	0.734638	0.101242	0.000880	-0.137311	0.990528
0.741581	-0.664419	-0.092764	0.670863	0.734638	0.101242	0.000880	-0.137311	0.990528
0.741316	-0.664639	-0.093307	0.671156	0.734355	0.101353	0.001158	-0.137758	0.990465
0.741316	-0.664639	-0.093307	0.671156	0.734355	0.101353	0.001158	-0.137758	0.990465
0.741316	-0.664639	-0.093307	0.671156	0.734355	0.101353	0.001158	-0.137758	0.990465
0.741316	-0.664639	-0.093307	0.671156	0.734355	0.101353	0.001158	-0.137758	0.990465
0.741451	-0.664599	-0.092514	0.671007	0.734414	0.101913	0.000212	-0.137641	0.990482
0.741450	-0.664653	-0.092126	0.671008	0.734385	0.102111	-0.000213	-0.137528	0.990498
0.741450	-0.664653	-0.092126	0.671008	0.734385	0.102111	-0.000213	-0.137528	0.990498
0.741220	-0.664938	-0.091927	0.671262	0.734145	0.102170	-0.000449	-0.137437	0.990510
0.741220	-0.664938	-0.091927	0.671262	0.734145	0.102170	-0.000449	-0.137437	0.990510
