0.826479	-0.549488	-0.122457	0.561221	0.821309	0.102384	0.044316	-0.153343	0.987179
0.827739	-0.547400	-0.123293	0.559311	0.822514	0.103163	0.044939	-0.154351	0.986994
0.828439	-0.546227	-0.123793	0.558234	0.823216	0.103392	0.045433	-0.154759	0.986907
0.828845	-0.545499	-0.124287	0.557600	0.823612	0.103661	0.045818	-0.155221	0.986817
0.828887	-0.545320	-0.124792	0.557494	0.823702	0.103515	0.046342	-0.155373	0.986768
0.828887	-0.545320	-0.124792	0.557494	0.823702	0.103515	0.046342	-0.155373	0.986768
0.828619	-0.545607	-0.125309	0.557857	0.823465	0.103446	0.046747	-0.155622	0.986710
0.828619	-0.545607	-0.125309	0.557857	0.823465	0.103446	0.046747	-0.155622	0.986710
0.828234	-0.546262	-0.125008	0.558470	0.823024	0.103648	0.046265	-0.155658	0.986727
0.827791	-0.547115	-0.124210	0.559184	0.822562	0.103463	0.045564	-0.155102	0.986847
0.827472	-0.547741	-0.123573	0.559703	0.822220	0.103379	0.044980	-0.154707	0.986936
0.827472	-0.547741	-0.123573	0.559703	0.822220	0.103379	0.044980	-0.154707	0.986936
0.826997	-0.548494	-0.123411	0.560441	0.821674	0.103720	0.044514	-0.154940	0.986920
0.826997	-0.548494	-0.123411	0.560441	0.821674	0.103720	0.044514	-0.154940	0.986920
0.826997	-0.548494	-0.123411	0.560441	0.821674	0.103720	0.044514	-0.154940	0.986920
0.826997	-0.548494	-0.123411	0.560441	0.821674	0.103720	0.044514	-0.154940	0.986920
0.826997	-0.548494	-0.123411	0.560441	0.821674	0.103720	0.044514	-0.154940	0.986920
0.826753	-0.548927	-0.123120	0.560848	0.821333	0.104215	0.043916	-0.155212	0.986905
0.826374	-0.549524	-0.123006	0.561422	0.820946	0.104182	0.043731	-0.155151	0.986922
0.826041	-0.550002	-0.123100	0.561902	0.820647	0.103946	0.043851	-0.155034	0.986935
0.826041	-0.550002	-0.123100	0.561902	0.820647	0.103946	0.043851	-0.155034	0.986935
0.826130	-0.549714	-0.123793	0.561712	0.820807	0.103705	0.044602	-0.155210	0.986874
0.826130	-0.549714	-0.123793	0.561712	0.820807	0.103705	0.044602	-0.155210	0.986874
0.826734	-0.548731	-0.124113	0.560785	0.821445	0.103673	0.045063	-0.155310	0.986837
