0.791312	-0.601112	-0.111756	0.611010	0.784097	0.108894	0.022170	-0.154453	0.987751
0.790458	-0.602458	-0.110549	0.612160	0.783179	0.109041	0.020887	-0.153866	0.987871
0.790458	-0.602458	-0.110549	0.612160	0.783179	0.109041	0.020887	-0.153866	0.987871
0.790975	-0.601529	-0.111899	0.611473	0.783563	0.110136	0.021430	-0.155538	0.987597
0.791052	-0.601217	-0.113025	0.611330	0.783737	0.109691	0.022634	-0.155866	0.987519
0.790996	-0.601062	-0.114239	0.611354	0.783793	0.109157	0.023929	-0.156183	0.987438
0.791019	-0.600823	-0.115327	0.611287	0.783848	0.109135	0.024828	-0.156826	0.987314
0.791019	-0.600823	-0.115327	0.611287	0.783848	0.109135	0.024828	-0.156826	0.987314
0.791019	-0.600823	-0.115327	0.611287	0.783848	0.109135	0.024828	-0.156826	0.987314
0.790544	-0.601397	-0.115590	0.611883	0.783465	0.108548	0.025281	-0.156539	0.987348
0.790544	-0.601397	-0.115590	0.611883	0.783465	0.108548	0.025281	-0.156539	0.987348
0.790544	-0.601397	-0.115590	0.611883	0.783465	0.108548	0.025281	-0.156539	0.987348
0.790544	-0.601397	-0.115590	0.611883	0.783465	0.108548	0.025281	-0.156539	0.987348
0.790544	-0.601397	-0.115590	0.611883	0.783465	0.108548	0.025281	-0.156539	0.987348
0.791224	-0.600472	-0.115751	0.610990	0.784165	0.108520	0.025605	-0.156586	0.987332
0.791224	-0.600472	-0.115751	0.610990	0.784165	0.108520	0.025605	-0.156586	0.987332
0.791641	-0.599956	-0.115575	0.610452	0.784584	0.108524	0.025569	-0.156464	0.987353
0.791641	-0.599956	-0.115575	0.610452	0.784584	0.108524	0.025569	-0.156464	0.987353
0.792171	-0.599174	-0.116003	0.609743	0.785133	0.108531	0.026049	-0.156707	0.987302
0.792171	-0.599174	-0.116003	0.609743	0.785133	0.108531	0.026049	-0.156707	0.987302
0.792383	-0.598786	-0.116550	0.609436	0.785419	0.108183	0.026762	-0.156752	0.987275
0.792953	-0.597935	-0.117042	0.608674	0.785990	0.108327	0.027221	-0.157139	0.987201
0.793492	-0.597102	-0.117640	0.607948	0.786530	0.108490	0.027748	-0.157605	0.987112
0.793665	-0.596768	-0.118168	0.607697	0.786739	0.108379	0.028290	-0.157826	0.987062
0.793665	-0.596768	-0.118168	0.607697	0.786739	0.108379	0.028290	-0.157826	0.987062
0.792996	-0.597605	-0.118430	0.608558	0.786119	0.108047	0.028530	-0.157753	0.987066
