0.647553	-0.756402	-0.092366	0.761884	0.640369	0.097263	-0.014421	-0.133355	0.990963
0.647553	-0.756402	-0.092366	0.761884	0.640369	0.097263	-0.014421	-0.133355	0.990963
0.647553	-0.756402	-0.092366	0.761884	0.640369	0.097263	-0.014421	-0.133355	0.990963
0.647553	-0.756402	-0.092366	0.761884	0.640369	0.097263	-0.014421	-0.133355	0.990963
0.647553	-0.756402	-0.092366	0.761884	0.640369	0.097263	-0.014421	-0.133355	0.990963
0.647553	-0.756402	-0.092366	0.761884	0.640369	0.097263	-0.014421	-0.133355	0.990963
0.646886	-0.757015	-0.092015	0.762453	0.639793	0.096591	-0.014250	-0.132640	0.991062
0.646789	-0.757203	-0.091145	0.762525	0.639710	0.096574	-0.014820	-0.131964	0.991144
0.646726	-0.757326	-0.090572	0.762569	0.639635	0.096722	-0.015318	-0.131620	0.991182
0.646726	-0.757326	-0.090572	0.762569	0.639635	0.096722	-0.015318	-0.131620	0.991182
0.646726	-0.757326	-0.090572	0.762569	0.639635	0.096722	-0.015318	-0.131620	0.991182
0.646726	-0.757326	-0.090572	0.762569	0.639635	0.096722	-0.015318	-0.131620	0.991182
0.646726	-0.757326	-0.090572	0.762569	0.639635	0.096722	-0.015318	-0.131620	0.991182
0.646050	-0.757877	-0.090780	0.763136	0.638904	0.097086	-0.015580	-0.132000	0.991127
0.646050	-0.757877	-0.090780	0.763136	0.638904	0.097086	-0.015580	-0.132000	0.991127
0.646050	-0.757877	-0.090780	0.763136	0.638904	0.097086	-0.015580	-0.132000	0.991127
0.646050	-0.757877	-0.090780	0.763136	0.638904	0.097086	-0.015580	-0.132000	0.991127
0.646050	-0.757877	-0.090780	0.763136	0.638904	0.097086	-0.015580	-0.132000	0.991127
0.646050	-0.757877	-0.090780	0.763136	0.638904	0.097086	-0.015580	-0.132000	0.991127
0.646050	-0.757877	-0.090780	0.763136	0.638904	0.097086	-0.015580	-0.132000	0.991127
0.646050	-0.757877	-0.090780	0.763136	0.638904	0.097086	-0.015580	-0.132000	0.991127
0.645544	-0.758253	-0.091242	0.763562	0.638329	0.097522	-0.015704	-0.132624	0.991042
0.645544	-0.758253	-0.091242	0.763562	0.638329	0.097522	-0.015704	-0.132624	0.991042
0.645544	-0.758253	-0.091242	0.763562	0.638329	0.097522	-0.015704	-0.132624	0.991042
0.645544	-0.758253	-0.091242	0.763562	0.638329	0.097522	-0.015704	-0.132624	0.991042
0.645544	-0.758253	-0.091242	0.763562	0.638329	0.097522	-0.015704	-0.132624	0.991042
