0.879364	-0.463449	-0.109247	0.473367	0.875674	0.095487	0.051411	-0.135682	0.989418
0.878847	-0.464428	-0.109246	0.474313	0.875223	0.094932	0.051525	-0.135247	0.989471
0.878847	-0.464428	-0.109246	0.474313	0.875223	0.094932	0.051525	-0.135247	0.989471
0.878452	-0.465110	-0.109526	0.475007	0.874894	0.094493	0.051874	-0.135034	0.989482
0.878292	-0.465381	-0.109654	0.475277	0.874785	0.094147	0.052109	-0.134804	0.989501
0.878292	-0.465381	-0.109654	0.475277	0.874785	0.094147	0.052109	-0.134804	0.989501
0.878292	-0.465381	-0.109654	0.475277	0.874785	0.094147	0.052109	-0.134804	0.989501
0.878292	-0.465381	-0.109654	0.475277	0.874785	0.094147	0.052109	-0.134804	0.989501
0.878292	-0.465381	-0.109654	0.475277	0.874785	0.094147	0.052109	-0.134804	0.989501
0.878292	-0.465381	-0.109654	0.475277	0.874785	0.094147	0.052109	-0.134804	0.989501
0.878292	-0.465381	-0.109654	0.475277	0.874785	0.094147	0.052109	-0.134804	0.989501
0.878292	-0.465381	-0.109654	0.475277	0.874785	0.094147	0.052109	-0.134804	0.989501
0.878641	-0.464759	-0.109495	0.474627	0.875157	0.093970	0.052152	-0.134535	0.989536
0.879043	-0.464054	-0.109261	0.473899	0.875538	0.094091	0.051999	-0.134489	0.989550
0.879551	-0.463017	-0.109564	0.472908	0.876073	0.094094	0.052419	-0.134575	0.989516
0.880084	-0.461823	-0.110327	0.471821	0.876660	0.094083	0.053270	-0.134856	0.989432
0.880555	-0.460594	-0.111693	0.470782	0.877220	0.094067	0.054652	-0.135414	0.989281
0.880748	-0.460042	-0.112445	0.470344	0.877436	0.094246	0.055306	-0.135894	0.989178
0.880748	-0.460042	-0.112445	0.470344	0.877436	0.094246	0.055306	-0.135894	0.989178
0.880687	-0.460354	-0.111648	0.470518	0.877397	0.093737	0.054808	-0.135085	0.989317
0.880628	-0.460730	-0.110556	0.470742	0.877284	0.093680	0.053828	-0.134540	0.989445
0.880471	-0.461249	-0.109638	0.471140	0.877057	0.093800	0.052894	-0.134243	0.989536
0.880318	-0.461640	-0.109216	0.471480	0.876861	0.093925	0.052408	-0.134177	0.989571
0.880318	-0.461640	-0.109216	0.471480	0.876861	0.093925	0.052408	-0.134177	0.989571
0.880318	-0.461640	-0.109216	0.471480	0.876861	0.093925	0.052408	-0.134177	0.989571
