0.894050	-0.437605	-0.095798	0.445929	0.889771	0.097237	0.042687	-0.129654	0.990640
0.894050	-0.437605	-0.095798	0.445929	0.889771	0.097237	0.042687	-0.129654	0.990640
0.893600	-0.438467	-0.096045	0.446802	0.889379	0.096813	0.042971	-0.129426	0.990658
0.892861	-0.440013	-0.095853	0.448283	0.888716	0.096058	0.042919	-0.128735	0.990750
0.892269	-0.441124	-0.096261	0.449412	0.888218	0.095385	0.043424	-0.128370	0.990775
0.891668	-0.442334	-0.096269	0.450591	0.887684	0.094788	0.043528	-0.127898	0.990832
0.891081	-0.443570	-0.096022	0.451765	0.887148	0.094219	0.043393	-0.127336	0.990910
0.890715	-0.444314	-0.095981	0.452479	0.886838	0.093711	0.043482	-0.126900	0.990962
0.890715	-0.444314	-0.095981	0.452479	0.886838	0.093711	0.043482	-0.126900	0.990962
0.890453	-0.444800	-0.096160	0.452978	0.886600	0.093552	0.043643	-0.126862	0.990960
0.890191	-0.445285	-0.096338	0.453477	0.886361	0.093392	0.043804	-0.126824	0.990958
0.890191	-0.445285	-0.096338	0.453477	0.886361	0.093392	0.043804	-0.126824	0.990958
0.890191	-0.445285	-0.096338	0.453477	0.886361	0.093392	0.043804	-0.126824	0.990958
0.890279	-0.445018	-0.096761	0.453251	0.886509	0.093088	0.044354	-0.126731	0.990945
0.890301	-0.444865	-0.097260	0.453157	0.886571	0.092955	0.044876	-0.126832	0.990909
0.890301	-0.444865	-0.097260	0.453157	0.886571	0.092955	0.044876	-0.126832	0.990909
0.890394	-0.444550	-0.097844	0.452914	0.886703	0.092879	0.045469	-0.127014	0.990858
0.890684	-0.443885	-0.098225	0.452307	0.886997	0.093033	0.045829	-0.127291	0.990806
0.891243	-0.442666	-0.098657	0.451164	0.887545	0.093358	0.046236	-0.127715	0.990733
0.891650	-0.441798	-0.098871	0.450337	0.887941	0.093579	0.046449	-0.127965	0.990690
0.891454	-0.442248	-0.098618	0.450757	0.887720	0.093654	0.046127	-0.127941	0.990709
0.890234	-0.444871	-0.097838	0.453240	0.886521	0.093032	0.045348	-0.127164	0.990844
0.888428	-0.448792	-0.096335	0.456888	0.884799	0.091568	0.044142	-0.125366	0.991128
0.887627	-0.450462	-0.095923	0.458446	0.884116	0.090364	0.044102	-0.124185	0.991279
0.887979	-0.449810	-0.095732	0.457783	0.884435	0.090606	0.043913	-0.124281	0.991275
0.889041	-0.447747	-0.095542	0.455773	0.885313	0.092149	0.043325	-0.125470	0.991151
