0.998401	-0.052119	0.021871	0.038063	0.906028	0.421502	-0.041784	-0.419996	0.906564
0.998354	-0.052936	0.022081	0.038786	0.906695	0.419999	-0.042253	-0.418451	0.907256
0.998261	-0.054432	0.022615	0.040003	0.907430	0.418295	-0.043290	-0.416663	0.908030
0.998153	-0.056165	0.023165	0.041418	0.908015	0.416885	-0.044449	-0.415155	0.908664
0.998114	-0.056756	0.023393	0.041902	0.908380	0.416042	-0.044863	-0.414277	0.909045
0.998138	-0.056330	0.023379	0.041532	0.908501	0.415814	-0.044663	-0.414069	0.909149
0.998201	-0.055317	0.023103	0.040702	0.908329	0.416270	-0.044012	-0.414581	0.908947
0.998268	-0.054304	0.022641	0.039934	0.907988	0.417089	-0.043208	-0.415463	0.908583
0.998304	-0.053695	0.022507	0.039392	0.907589	0.418009	-0.042872	-0.416413	0.908164
0.998326	-0.053393	0.022230	0.039200	0.907273	0.418712	-0.042525	-0.417140	0.907847
0.998353	-0.053073	0.021761	0.039092	0.907154	0.418979	-0.041977	-0.417438	0.907735
0.998373	-0.052781	0.021557	0.038922	0.907261	0.418764	-0.041661	-0.417244	0.907839
0.998393	-0.052292	0.021841	0.038374	0.907430	0.418447	-0.041700	-0.416936	0.907979
0.998425	-0.051417	0.022425	0.037334	0.907469	0.418456	-0.041866	-0.416960	0.907960
0.998481	-0.050015	0.023124	0.035738	0.907234	0.419105	-0.041940	-0.417642	0.907643
0.998546	-0.048563	0.023417	0.034254	0.906860	0.420037	-0.041634	-0.418624	0.907205
0.998605	-0.047218	0.023613	0.032922	0.906622	0.420658	-0.041271	-0.419294	0.906912
0.998642	-0.046170	0.024151	0.031733	0.906555	0.420893	-0.041327	-0.419555	0.906789
0.998680	-0.044997	0.024762	0.030428	0.906755	0.420559	-0.041378	-0.419251	0.906927
0.998762	-0.043809	0.023580	0.029882	0.907166	0.419711	-0.039778	-0.418487	0.907351
0.998839	-0.042670	0.022344	0.029417	0.907736	0.418509	-0.038140	-0.417366	0.907938
0.998888	-0.041883	0.021633	0.029066	0.908516	0.416838	-0.037112	-0.415746	0.908723
0.998883	-0.041732	0.022162	0.028775	0.909267	0.415218	-0.037479	-0.414116	0.909452
0.998850	-0.041881	0.023341	0.028466	0.909741	0.414199	-0.038582	-0.413059	0.909887
0.998860	-0.041414	0.023728	0.027893	0.909887	0.413918	-0.038732	-0.412784	0.910005
