0.999784	-0.018949	0.008548	0.015503	0.953598	0.300683	-0.013849	-0.300485	0.953686
0.999793	-0.018500	0.008446	0.015105	0.953613	0.300655	-0.013616	-0.300465	0.953696
0.999803	-0.017769	0.008796	0.014309	0.953760	0.300227	-0.013724	-0.300042	0.953827
0.999814	-0.016731	0.009545	0.013103	0.953972	0.299610	-0.014119	-0.299430	0.954014
0.999827	-0.015675	0.010008	0.011967	0.954181	0.298991	-0.014236	-0.298819	0.954203
0.999835	-0.014824	0.010529	0.010996	0.954143	0.299149	-0.014480	-0.298983	0.954148
0.999846	-0.014083	0.010467	0.010305	0.954112	0.299271	-0.014201	-0.299118	0.954111
0.999848	-0.013921	0.010513	0.010140	0.954157	0.299134	-0.014196	-0.298982	0.954153
0.999843	-0.014579	0.010052	0.010903	0.954096	0.299304	-0.013954	-0.299147	0.954105
0.999832	-0.015656	0.009512	0.012083	0.953886	0.299925	-0.013769	-0.299759	0.953915
0.999818	-0.016763	0.009152	0.013244	0.953809	0.300122	-0.013760	-0.299946	0.953857
0.999802	-0.017595	0.009290	0.013992	0.953702	0.300429	-0.014146	-0.300239	0.953759
0.999792	-0.017772	0.009981	0.013940	0.953444	0.301247	-0.014870	-0.301045	0.953494
0.999796	-0.017126	0.010732	0.013084	0.953174	0.302139	-0.015404	-0.301937	0.953203
0.999812	-0.015801	0.011210	0.011659	0.952842	0.303242	-0.015473	-0.303054	0.952848
0.999816	-0.014279	0.012794	0.009706	0.952464	0.304497	-0.016533	-0.304317	0.952427
0.999822	-0.012902	0.013742	0.008095	0.952292	0.305082	-0.017023	-0.304916	0.952227
0.999823	-0.011775	0.014672	0.006746	0.952436	0.304665	-0.017562	-0.304512	0.952347
0.999821	-0.011215	0.015210	0.006064	0.952697	0.303862	-0.017898	-0.303716	0.952595
0.999816	-0.011141	0.015587	0.005888	0.952849	0.303389	-0.018232	-0.303241	0.952739
0.999807	-0.011332	0.016041	0.005941	0.952993	0.302933	-0.018720	-0.302779	0.952877
0.999804	-0.011331	0.016212	0.005890	0.953008	0.302889	-0.018882	-0.302734	0.952888
0.999806	-0.011002	0.016367	0.005529	0.953017	0.302866	-0.018930	-0.302717	0.952893
0.999808	-0.010469	0.016553	0.004967	0.953059	0.302745	-0.018946	-0.302604	0.952928
0.999810	-0.010102	0.016651	0.004591	0.953109	0.302592	-0.018927	-0.302458	0.952975
