0.998336	-0.024506	0.052208	0.006648	0.948100	0.317904	-0.057289	-0.317028	0.946684
0.998335	-0.024367	0.052291	0.006554	0.948457	0.316838	-0.057316	-0.315967	0.947037
0.998351	-0.023138	0.052541	0.005406	0.949008	0.315205	-0.057155	-0.314401	0.947568
0.998359	-0.022381	0.052719	0.004708	0.949441	0.313910	-0.057080	-0.313147	0.947988
0.998309	-0.021760	0.053909	0.003838	0.949952	0.312372	-0.058008	-0.311637	0.948429
0.998184	-0.021167	0.056396	0.002632	0.950658	0.310229	-0.060180	-0.309517	0.948988
0.997942	-0.021331	0.060466	0.001751	0.951755	0.306853	-0.064094	-0.306116	0.949834
0.997625	-0.021631	0.065399	0.000750	0.952769	0.303694	-0.068879	-0.302923	0.950523
0.997374	-0.022378	0.068878	0.000495	0.953150	0.302499	-0.072420	-0.301670	0.950658
0.997227	-0.023366	0.070650	0.000799	0.952730	0.303817	-0.074410	-0.302918	0.950107
0.997151	-0.024233	0.071427	0.001209	0.951999	0.306100	-0.075416	-0.305141	0.949316
0.997161	-0.024619	0.071163	0.001484	0.951288	0.308300	-0.075286	-0.307319	0.948624
0.997245	-0.024620	0.069971	0.001753	0.950872	0.309580	-0.074155	-0.308604	0.948295
0.997435	-0.023724	0.067539	0.001601	0.950642	0.310286	-0.071567	-0.309382	0.948241
0.997576	-0.022923	0.065698	0.001384	0.950528	0.310635	-0.069568	-0.309791	0.948256
0.997565	-0.022738	0.065932	0.001063	0.950207	0.311616	-0.069734	-0.310788	0.947918
0.997535	-0.023253	0.066206	0.001353	0.949697	0.313167	-0.070158	-0.312305	0.947388
0.997540	-0.024023	0.065849	0.002051	0.949040	0.315148	-0.070064	-0.314238	0.946755
0.997569	-0.024483	0.065243	0.002576	0.948567	0.316565	-0.069638	-0.315627	0.946325
0.997654	-0.024101	0.064081	0.002565	0.948491	0.316794	-0.068415	-0.315886	0.946327
0.997760	-0.023514	0.062621	0.002550	0.948865	0.315673	-0.066841	-0.314806	0.946799
0.997840	-0.023194	0.061468	0.002672	0.949163	0.314772	-0.065644	-0.313928	0.947175
0.997861	-0.023341	0.061063	0.002953	0.949222	0.314594	-0.065305	-0.313741	0.947260
0.997936	-0.023950	0.059581	0.003990	0.949177	0.314718	-0.064090	-0.313830	0.947313
