0.999408	0.022334	0.026166	-0.032204	0.874852	0.483319	-0.012097	-0.483875	0.875053
0.999417	0.020120	0.027598	-0.030953	0.875110	0.482933	-0.014435	-0.483505	0.875222
0.999516	0.016137	0.026579	-0.026980	0.875014	0.483345	-0.015457	-0.483829	0.875026
0.999652	0.013081	0.022890	-0.022569	0.873388	0.486502	-0.013628	-0.486850	0.873379
0.999666	0.014071	0.021670	-0.022878	0.871848	0.489243	-0.012009	-0.489575	0.871878
0.999655	0.015887	0.020892	-0.024127	0.869586	0.493193	-0.010332	-0.493527	0.869669
0.999612	0.018167	0.021124	-0.026260	0.867629	0.496518	-0.009307	-0.496880	0.867769
0.999563	0.020009	0.021765	-0.028197	0.866551	0.498291	-0.008890	-0.498687	0.866736
0.999539	0.020528	0.022380	-0.028962	0.866021	0.499168	-0.009135	-0.499586	0.866216
0.999533	0.020186	0.022937	-0.028951	0.865699	0.499727	-0.009769	-0.500158	0.865879
0.999546	0.019315	0.023115	-0.028284	0.865758	0.499663	-0.010361	-0.500090	0.865911
0.999573	0.018611	0.022530	-0.027373	0.866243	0.498873	-0.010232	-0.499276	0.866382
0.999589	0.018107	0.022235	-0.026768	0.867277	0.497106	-0.010283	-0.497497	0.867405
0.999599	0.017932	0.021912	-0.026433	0.868375	0.495203	-0.010148	-0.495584	0.868501
0.999600	0.018274	0.021591	-0.026555	0.869195	0.493756	-0.009744	-0.494131	0.869333
0.999599	0.019075	0.020910	-0.026903	0.869862	0.492561	-0.008793	-0.492927	0.870026
0.999590	0.019888	0.020589	-0.027442	0.870468	0.491460	-0.008148	-0.491824	0.870657
0.999577	0.020964	0.020141	-0.028150	0.871029	0.490424	-0.007262	-0.490783	0.871251
0.999571	0.021941	0.019424	-0.028646	0.871307	0.489902	-0.006175	-0.490248	0.871561
0.999550	0.023251	0.018957	-0.029553	0.871803	0.488965	-0.005158	-0.489305	0.872098
0.999522	0.024469	0.018917	-0.030580	0.873495	0.485872	-0.004635	-0.486219	0.873825
0.999522	0.024524	0.018828	-0.030575	0.874491	0.484078	-0.004593	-0.484422	0.874822
0.999540	0.024352	0.018086	-0.030064	0.874628	0.483862	-0.004036	-0.484183	0.874957
0.999584	0.023620	0.016571	-0.028689	0.874856	0.483533	-0.003076	-0.483807	0.875169
0.999650	0.021588	0.015276	-0.026285	0.874778	0.483810	-0.002919	-0.484042	0.875040
