0.999135	0.017429	0.037759	-0.029423	0.937911	0.345625	-0.029391	-0.346437	0.937613
0.999158	0.017053	0.037304	-0.028896	0.938121	0.345101	-0.029111	-0.345888	0.937824
0.999162	0.016587	0.037406	-0.028473	0.938381	0.344428	-0.029388	-0.345205	0.938067
0.999171	0.016603	0.037180	-0.028396	0.938547	0.343983	-0.029184	-0.344753	0.938240
0.999162	0.016829	0.037303	-0.028649	0.938548	0.343957	-0.029222	-0.344737	0.938244
0.999137	0.016888	0.037957	-0.028937	0.938464	0.344164	-0.029809	-0.344965	0.938142
0.999120	0.016284	0.038654	-0.028617	0.938408	0.344342	-0.030666	-0.345145	0.938048
0.999138	0.014434	0.038934	-0.027001	0.938176	0.345105	-0.031546	-0.345858	0.937756
0.999161	0.011970	0.039158	-0.024805	0.937813	0.346254	-0.032578	-0.346935	0.937323
0.999170	0.010248	0.039428	-0.023320	0.937465	0.347297	-0.033403	-0.347928	0.936926
0.999193	0.010288	0.038817	-0.023173	0.937166	0.348114	-0.032797	-0.348733	0.936648
0.999185	0.010473	0.038979	-0.023403	0.937154	0.348131	-0.032883	-0.348760	0.936635
0.999145	0.010473	0.039998	-0.023739	0.937350	0.347578	-0.033851	-0.348231	0.936797
0.999082	0.010704	0.041482	-0.024475	0.937323	0.347602	-0.035161	-0.348298	0.936724
0.999030	0.010740	0.042714	-0.024963	0.937075	0.348234	-0.036286	-0.348963	0.936434
0.998975	0.010759	0.043977	-0.025464	0.936672	0.349280	-0.037434	-0.350042	0.935986
0.998935	0.010739	0.044875	-0.025799	0.936311	0.350224	-0.038256	-0.351009	0.935590
0.998918	0.010760	0.045249	-0.025968	0.936144	0.350656	-0.038587	-0.351452	0.935410
0.998896	0.011003	0.045660	-0.026344	0.936104	0.350736	-0.038883	-0.351551	0.935361
0.998901	0.011422	0.045464	-0.026676	0.936011	0.350959	-0.038547	-0.351786	0.935287
0.998920	0.011643	0.044972	-0.026737	0.935757	0.351630	-0.037989	-0.352453	0.935058
0.998940	0.011763	0.044499	-0.026717	0.935440	0.352474	-0.037480	-0.353289	0.934763
0.998996	0.012523	0.043018	-0.026951	0.934974	0.353692	-0.035792	-0.354496	0.934372
0.999023	0.013137	0.042203	-0.027299	0.934323	0.355380	-0.034763	-0.356184	0.933769
0.999016	0.013230	0.042321	-0.027514	0.933441	0.357675	-0.034772	-0.358488	0.932886
