0.999188	0.009418	0.039175	-0.025669	0.898242	0.438751	-0.031056	-0.439400	0.897755
0.999184	0.009214	0.039315	-0.025510	0.898758	0.437702	-0.031302	-0.438348	0.898260
0.999164	0.009689	0.039720	-0.026090	0.899098	0.436970	-0.031479	-0.437640	0.898599
0.999138	0.010532	0.040166	-0.027031	0.899239	0.436622	-0.031520	-0.437331	0.898748
0.999107	0.011435	0.040683	-0.028074	0.899160	0.436718	-0.031586	-0.437470	0.898678
0.999109	0.012277	0.040379	-0.028712	0.898945	0.437120	-0.030932	-0.437890	0.898496
0.999099	0.012576	0.040531	-0.029062	0.898738	0.437521	-0.030925	-0.438305	0.898294
0.999126	0.012543	0.039868	-0.028750	0.898630	0.437764	-0.030336	-0.438528	0.898205
0.999175	0.011987	0.038801	-0.027783	0.898630	0.437826	-0.029619	-0.438543	0.898222
0.999244	0.011115	0.037249	-0.026311	0.898763	0.437645	-0.028613	-0.438295	0.898376
0.999297	0.009838	0.036180	-0.024679	0.899035	0.437180	-0.028226	-0.437765	0.898646
0.999314	0.008763	0.035969	-0.023599	0.899382	0.436527	-0.028525	-0.437077	0.898972
0.999292	0.008396	0.036681	-0.023549	0.899855	0.435553	-0.029351	-0.436108	0.899415
0.999239	0.009200	0.037895	-0.024770	0.900291	0.434583	-0.030118	-0.435191	0.899834
0.999178	0.010636	0.039127	-0.026570	0.900684	0.433662	-0.030628	-0.434345	0.900226
0.999118	0.011754	0.040314	-0.028074	0.900904	0.433109	-0.031228	-0.433859	0.900440
0.999074	0.012074	0.041298	-0.028787	0.900930	0.433008	-0.031979	-0.433796	0.900443
0.999035	0.012029	0.042248	-0.029156	0.900960	0.432921	-0.032856	-0.433735	0.900441
0.999060	0.011836	0.041711	-0.028726	0.901268	0.432309	-0.032476	-0.433101	0.900760
0.999081	0.011616	0.041270	-0.028316	0.901549	0.431749	-0.032192	-0.432520	0.901049
0.999089	0.010983	0.041246	-0.027727	0.901669	0.431537	-0.032451	-0.432287	0.901152
0.999084	0.010621	0.041465	-0.027492	0.901713	0.431461	-0.032807	-0.432205	0.901178
0.999064	0.010790	0.041898	-0.027811	0.901989	0.430863	-0.033142	-0.431625	0.901444
0.999053	0.011257	0.042020	-0.028220	0.902819	0.429093	-0.033107	-0.429873	0.902282
0.999039	0.011783	0.042211	-0.028723	0.903508	0.427608	-0.033099	-0.428409	0.902978
