0.998592	-0.044792	0.028405	0.033116	0.944870	0.325766	-0.041431	-0.324367	0.945024
0.998597	-0.044907	0.028045	0.033323	0.944713	0.326202	-0.041143	-0.324810	0.944884
0.998587	-0.045302	0.027788	0.033742	0.944396	0.327075	-0.041059	-0.325675	0.944590
0.998597	-0.045797	0.026592	0.034564	0.944069	0.327933	-0.040123	-0.326553	0.944327
0.998593	-0.046315	0.025828	0.035273	0.943791	0.328656	-0.039598	-0.327283	0.944096
0.998590	-0.046821	0.025037	0.035997	0.943657	0.328960	-0.039028	-0.327595	0.944012
0.998581	-0.047211	0.024628	0.036502	0.943655	0.328913	-0.038768	-0.327547	0.944039
0.998561	-0.047692	0.024528	0.037009	0.943797	0.328447	-0.038814	-0.327066	0.944204
0.998541	-0.047891	0.024940	0.037087	0.944010	0.327825	-0.039244	-0.326422	0.944409
0.998538	-0.047880	0.025085	0.037049	0.944173	0.327361	-0.039359	-0.325953	0.944566
0.998583	-0.047505	0.023994	0.037044	0.944117	0.327523	-0.038212	-0.326169	0.944539
0.998565	-0.048646	0.022372	0.038605	0.943637	0.328723	-0.037103	-0.327388	0.944161
0.998370	-0.051415	0.024774	0.040375	0.943071	0.330132	-0.040338	-0.328594	0.943610
0.998248	-0.053156	0.025983	0.041515	0.942177	0.332535	-0.042157	-0.330874	0.942733
0.998222	-0.052535	0.028150	0.040074	0.941203	0.335456	-0.044118	-0.333732	0.941635
0.998331	-0.050248	0.028452	0.037691	0.940333	0.338160	-0.043746	-0.336523	0.940658
0.998426	-0.048015	0.028989	0.035312	0.939678	0.340234	-0.043576	-0.338674	0.939894
0.998466	-0.047168	0.029001	0.034498	0.939610	0.340504	-0.043310	-0.338981	0.939796
0.998455	-0.047544	0.028758	0.034953	0.939747	0.340079	-0.043194	-0.338549	0.939957
0.998423	-0.048415	0.028419	0.035913	0.939911	0.339526	-0.043150	-0.337970	0.940167
0.998435	-0.048680	0.027523	0.036477	0.939981	0.339273	-0.042387	-0.337738	0.940285
0.998474	-0.048221	0.026915	0.036247	0.939952	0.339377	-0.041664	-0.337884	0.940265
0.998533	-0.047579	0.025862	0.036005	0.940015	0.339227	-0.040451	-0.337799	0.940349
0.998566	-0.047077	0.025475	0.035693	0.940277	0.338533	-0.039891	-0.337138	0.940610
0.998578	-0.047119	0.024926	0.035967	0.940696	0.337339	-0.039343	-0.335962	0.941053
