0.999710	-0.015701	0.018264	0.009009	0.947033	0.321009	-0.022337	-0.320751	0.946900
0.999732	-0.015270	0.017376	0.008906	0.947334	0.320122	-0.021349	-0.319882	0.947217
0.999732	-0.015408	0.017288	0.009079	0.947541	0.319504	-0.021304	-0.319261	0.947427
0.999736	-0.015491	0.016979	0.009255	0.947534	0.319520	-0.021038	-0.319278	0.947428
0.999750	-0.015005	0.016547	0.008922	0.947360	0.320045	-0.020478	-0.319818	0.947258
0.999775	-0.014327	0.015620	0.008558	0.947086	0.320867	-0.019391	-0.320661	0.946996
0.999790	-0.013891	0.015067	0.008304	0.946765	0.321820	-0.018736	-0.321627	0.946681
0.999803	-0.013790	0.014298	0.008442	0.946514	0.322551	-0.017981	-0.322367	0.946444
0.999816	-0.014029	0.013073	0.009058	0.946404	0.322857	-0.016902	-0.322680	0.946357
0.999818	-0.013993	0.012991	0.009054	0.946476	0.322647	-0.016810	-0.322471	0.946430
0.999834	-0.013431	0.012291	0.008757	0.946671	0.322083	-0.015962	-0.321922	0.946632
0.999849	-0.012909	0.011628	0.008485	0.946851	0.321561	-0.015161	-0.321414	0.946817
0.999843	-0.012834	0.012234	0.008224	0.946947	0.321286	-0.015708	-0.321134	0.946903
0.999836	-0.012870	0.012725	0.008111	0.947151	0.320684	-0.016180	-0.320529	0.947101
0.999832	-0.012784	0.013125	0.007912	0.947373	0.320035	-0.016525	-0.319877	0.947315
0.999826	-0.012965	0.013414	0.008003	0.947598	0.319365	-0.016852	-0.319203	0.947537
0.999815	-0.013366	0.013839	0.008254	0.947718	0.319002	-0.017379	-0.318829	0.947653
0.999819	-0.013625	0.013286	0.008669	0.947589	0.319374	-0.016941	-0.319201	0.947536
0.999818	-0.013930	0.013066	0.009026	0.947534	0.319528	-0.016832	-0.319352	0.947487
0.999808	-0.014234	0.013447	0.009204	0.947741	0.318907	-0.017284	-0.318722	0.947691
0.999804	-0.014135	0.013834	0.009005	0.948075	0.317920	-0.017609	-0.317733	0.948017
0.999808	-0.013658	0.014058	0.008494	0.948319	0.317205	-0.017664	-0.317025	0.948253
0.999815	-0.013189	0.013977	0.008079	0.948389	0.317006	-0.017437	-0.316834	0.948321
0.999822	-0.012637	0.013992	0.007539	0.948181	0.317640	-0.017281	-0.317478	0.948108
0.999825	-0.012108	0.014225	0.006939	0.947734	0.318985	-0.017344	-0.318830	0.947653
