0.997000	0.027662	0.072284	-0.057113	0.893252	0.445913	-0.052233	-0.448703	0.892153
0.997194	0.024867	0.070610	-0.053832	0.893648	0.445529	-0.052021	-0.448079	0.892479
0.997397	0.022152	0.068613	-0.050585	0.893106	0.446993	-0.051377	-0.449300	0.891902
0.997632	0.020583	0.065622	-0.048014	0.891589	0.450294	-0.049239	-0.452378	0.890466
0.997802	0.020990	0.062853	-0.047334	0.889559	0.454362	-0.046375	-0.456339	0.888597
0.997911	0.023637	0.060130	-0.048613	0.887708	0.457833	-0.042556	-0.459800	0.887002
0.997914	0.027748	0.058287	-0.051527	0.886290	0.460256	-0.038888	-0.462299	0.885871
0.997875	0.031639	0.056952	-0.054408	0.885553	0.461342	-0.035837	-0.463460	0.885393
0.997815	0.034136	0.056563	-0.056445	0.885400	0.461391	-0.034331	-0.463575	0.885392
0.997786	0.035333	0.056346	-0.057364	0.885930	0.460259	-0.033656	-0.462472	0.885995
0.997874	0.035304	0.054779	-0.056540	0.887003	0.458289	-0.032410	-0.460412	0.887113
0.998001	0.034962	0.052647	-0.055152	0.888570	0.455413	-0.030858	-0.457406	0.888722
0.998144	0.034133	0.050442	-0.053262	0.890868	0.451129	-0.029539	-0.452979	0.891032
0.998234	0.033662	0.048940	-0.051959	0.894108	0.444828	-0.028784	-0.446585	0.894278
0.998241	0.034115	0.048486	-0.051895	0.898248	0.436413	-0.028664	-0.438162	0.898439
0.998215	0.035883	0.047747	-0.052858	0.902953	0.426475	-0.027810	-0.428238	0.903238
0.998192	0.037767	0.046758	-0.053875	0.907106	0.417441	-0.026649	-0.419205	0.907500
0.998179	0.038696	0.046263	-0.054379	0.909195	0.412805	-0.026089	-0.414570	0.909644
0.998170	0.038617	0.046533	-0.054444	0.908797	0.413672	-0.026314	-0.415448	0.909236
0.998161	0.037885	0.047314	-0.054216	0.907072	0.417470	-0.027101	-0.419267	0.907458
0.998145	0.037340	0.048079	-0.054161	0.905292	0.421323	-0.027793	-0.423145	0.905635
0.998091	0.037736	0.048899	-0.054943	0.904120	0.423732	-0.028220	-0.425610	0.904467
0.998062	0.038743	0.048702	-0.055806	0.903522	0.424892	-0.027542	-0.426786	0.903933
0.998063	0.040356	0.047349	-0.056729	0.902790	0.426324	-0.025541	-0.428184	0.903330
0.998093	0.042241	0.045022	-0.057504	0.901456	0.429035	-0.022463	-0.430806	0.902165
