0.998757	-0.036575	-0.033863	0.045222	0.950617	0.307053	0.020960	-0.308203	0.951090
0.998752	-0.036831	-0.033747	0.045435	0.950548	0.307236	0.020762	-0.308386	0.951035
0.998704	-0.036999	-0.034935	0.045970	0.950408	0.307591	0.021822	-0.308799	0.950877
0.998631	-0.037421	-0.036536	0.046890	0.950042	0.308579	0.023163	-0.309870	0.950497
0.998558	-0.038541	-0.037358	0.048233	0.949680	0.309487	0.023550	-0.310842	0.950170
0.998477	-0.040286	-0.037690	0.050002	0.949501	0.309754	0.023308	-0.311167	0.950069
0.998387	-0.042647	-0.037472	0.052184	0.949311	0.309976	0.022353	-0.311432	0.950006
0.998325	-0.044869	-0.036521	0.054013	0.949033	0.310513	0.020727	-0.311965	0.949867
0.998298	-0.046092	-0.035735	0.054940	0.948818	0.311007	0.019571	-0.312441	0.949736
0.998309	-0.046281	-0.035167	0.054948	0.948712	0.311329	0.018955	-0.312735	0.949651
0.998345	-0.045765	-0.034824	0.054345	0.948847	0.311024	0.018808	-0.312402	0.949764
0.998375	-0.045240	-0.034654	0.053774	0.949189	0.310079	0.018865	-0.311438	0.950079
0.998384	-0.045076	-0.034598	0.053584	0.949463	0.309270	0.018908	-0.310624	0.950345
0.998365	-0.045287	-0.034871	0.053867	0.949489	0.309142	0.019110	-0.310515	0.950376
0.998366	-0.045390	-0.034705	0.053922	0.949359	0.309533	0.018898	-0.310898	0.950255
0.998393	-0.045069	-0.034364	0.053516	0.949286	0.309827	0.018657	-0.311168	0.950172
0.998410	-0.044651	-0.034403	0.053126	0.949382	0.309598	0.018837	-0.310934	0.950245
0.998429	-0.044329	-0.034274	0.052770	0.949570	0.309082	0.018845	-0.310405	0.950418
0.998448	-0.043968	-0.034182	0.052387	0.949774	0.308520	0.018900	-0.309832	0.950603
0.998477	-0.043484	-0.033962	0.051856	0.949848	0.308381	0.018849	-0.309673	0.950656
0.998487	-0.043288	-0.033924	0.051662	0.949779	0.308629	0.018861	-0.309914	0.950577
0.998489	-0.043167	-0.033992	0.051576	0.949662	0.309003	0.018942	-0.310289	0.950453
0.998480	-0.043012	-0.034468	0.051589	0.949447	0.309660	0.019407	-0.310967	0.950222
0.998468	-0.042687	-0.035204	0.051525	0.949199	0.310429	0.020164	-0.311767	0.949945
0.998466	-0.042521	-0.035464	0.051458	0.949055	0.310880	0.020438	-0.312228	0.949787
0.998470	-0.042319	-0.035602	0.051308	0.949081	0.310825	0.020635	-0.312176	0.949800
