0.998855	0.019924	0.043485	-0.036651	0.902965	0.428148	-0.030735	-0.429252	0.902662
0.998862	0.019857	0.043363	-0.036563	0.902612	0.428898	-0.030623	-0.429996	0.902311
0.998880	0.020281	0.042749	-0.036748	0.901657	0.430888	-0.029806	-0.431976	0.901392
0.998917	0.020833	0.041602	-0.036842	0.900253	0.433806	-0.028415	-0.434869	0.900045
0.998968	0.021038	0.040248	-0.036531	0.898762	0.436912	-0.026981	-0.437932	0.898603
0.999034	0.020850	0.038687	-0.035754	0.897477	0.439610	-0.025554	-0.440569	0.897355
0.999112	0.020433	0.036849	-0.034622	0.896560	0.441568	-0.024015	-0.442451	0.896471
0.999160	0.020139	0.035702	-0.033871	0.896176	0.442404	-0.023086	-0.443241	0.896105
0.999187	0.020131	0.034932	-0.033515	0.896331	0.442117	-0.022411	-0.442929	0.896277
0.999204	0.020325	0.034323	-0.033393	0.896863	0.441045	-0.021819	-0.441840	0.896828
0.999211	0.020402	0.034081	-0.033316	0.897681	0.439384	-0.021630	-0.440173	0.897653
0.999198	0.020735	0.034252	-0.033649	0.898502	0.437677	-0.021701	-0.438479	0.898480
0.999167	0.021478	0.034693	-0.034469	0.899296	0.435980	-0.021836	-0.436813	0.899287
0.999144	0.022299	0.034836	-0.035222	0.900241	0.433964	-0.021684	-0.434820	0.900256
0.999154	0.023354	0.033849	-0.035689	0.901376	0.431565	-0.020432	-0.432408	0.901447
0.999163	0.023924	0.033178	-0.035839	0.902982	0.428181	-0.019716	-0.429011	0.903084
0.999180	0.023977	0.032621	-0.035582	0.904462	0.425067	-0.019312	-0.425879	0.904574
0.999219	0.023498	0.031772	-0.034782	0.904586	0.424869	-0.018757	-0.425642	0.904697
0.999370	0.023135	0.026903	-0.032439	0.902931	0.428559	-0.014376	-0.429162	0.903113
0.999515	0.023805	0.020068	-0.030162	0.900204	0.434424	-0.007724	-0.434818	0.900485
0.999615	0.025056	0.011890	-0.027731	0.897170	0.440815	0.000377	-0.440975	0.897519
0.999667	0.025731	0.002096	-0.023951	0.894071	0.447285	0.009635	-0.447186	0.894389
0.999652	0.025124	-0.008041	-0.018748	0.891070	0.453479	0.018559	-0.453171	0.891231
0.999602	0.022718	-0.016707	-0.012522	0.888421	0.458858	0.025267	-0.458466	0.888353
0.999553	0.018371	-0.023606	-0.005364	0.886481	0.462733	0.029428	-0.462399	0.886183
