0.999411	-0.033736	0.006340	0.030649	0.960162	0.277757	-0.015458	-0.277399	0.960631
0.999425	-0.033264	0.006636	0.030117	0.960236	0.277560	-0.015604	-0.277200	0.960685
0.999424	-0.033242	0.006864	0.030034	0.960276	0.277432	-0.015813	-0.277066	0.960721
0.999426	-0.033111	0.007160	0.029826	0.960271	0.277470	-0.016063	-0.277097	0.960708
0.999431	-0.032917	0.007369	0.029578	0.960220	0.277674	-0.016216	-0.277298	0.960647
0.999434	-0.032762	0.007615	0.029357	0.960154	0.277925	-0.016417	-0.277544	0.960573
0.999433	-0.032818	0.007466	0.029446	0.960051	0.278270	-0.016300	-0.277892	0.960474
0.999419	-0.033188	0.007798	0.029715	0.960135	0.277952	-0.016711	-0.277559	0.960563
0.999393	-0.033657	0.009024	0.029844	0.960417	0.276962	-0.017989	-0.276524	0.960839
0.999370	-0.034087	0.009913	0.030026	0.960637	0.276181	-0.018937	-0.275709	0.961055
0.999364	-0.034222	0.010024	0.030137	0.960803	0.275589	-0.019062	-0.275111	0.961223
0.999361	-0.034372	0.009821	0.030339	0.960819	0.275510	-0.018906	-0.275036	0.961248
0.999351	-0.034527	0.010267	0.030367	0.960839	0.275438	-0.019375	-0.274947	0.961264
0.999358	-0.034257	0.010531	0.030037	0.960878	0.275338	-0.019551	-0.274844	0.961290
0.999371	-0.033668	0.011107	0.029310	0.960873	0.275435	-0.019946	-0.274936	0.961256
0.999391	-0.032994	0.011374	0.028577	0.960746	0.275953	-0.020032	-0.275460	0.961104
0.999401	-0.032688	0.011395	0.028261	0.960526	0.276750	-0.019991	-0.276262	0.960874
0.999394	-0.032921	0.011337	0.028488	0.960342	0.277364	-0.020018	-0.276873	0.960698
0.999376	-0.033464	0.011329	0.029003	0.960206	0.277784	-0.020174	-0.277282	0.960577
0.999369	-0.033360	0.012217	0.028654	0.960179	0.277913	-0.021002	-0.277388	0.960529
0.999384	-0.032592	0.013024	0.027700	0.960306	0.277570	-0.021553	-0.277038	0.960617
0.999411	-0.031744	0.013065	0.026887	0.960505	0.276959	-0.021341	-0.276445	0.960793
0.999411	-0.031433	0.013740	0.026414	0.960671	0.276428	-0.021888	-0.275903	0.960936
0.999406	-0.031473	0.014054	0.026373	0.960758	0.276132	-0.022193	-0.275598	0.961017
0.999402	-0.031494	0.014275	0.026338	0.960832	0.275878	-0.022404	-0.275337	0.961087
