0.998935	-0.000081	0.046131	-0.020173	0.898548	0.438411	-0.041486	-0.438875	0.897590
0.998990	-0.001104	0.044919	-0.018821	0.897493	0.440627	-0.040801	-0.441027	0.896566
0.999055	-0.002224	0.043397	-0.017237	0.896471	0.442766	-0.039889	-0.443096	0.895586
0.999124	-0.003598	0.041703	-0.015326	0.895670	0.444455	-0.038951	-0.444705	0.894830
0.999153	-0.004953	0.040841	-0.013779	0.895103	0.445646	-0.038764	-0.445831	0.894277
0.999186	-0.006242	0.039865	-0.012218	0.894780	0.446341	-0.038457	-0.446464	0.893975
0.999203	-0.007154	0.039259	-0.011143	0.894651	0.446626	-0.038318	-0.446708	0.893859
0.999233	-0.007015	0.038532	-0.010951	0.894544	0.446846	-0.037603	-0.446925	0.893781
0.999262	-0.006374	0.037878	-0.011233	0.894537	0.446853	-0.036732	-0.446949	0.893805
0.999278	-0.005580	0.037592	-0.011797	0.894744	0.446424	-0.036126	-0.446545	0.894032
0.999288	-0.004858	0.037413	-0.012342	0.895022	0.445852	-0.035652	-0.445996	0.894324
0.999304	-0.004345	0.037056	-0.012625	0.895230	0.445426	-0.035109	-0.445584	0.894551
0.999341	-0.003805	0.036096	-0.012678	0.895261	0.445361	-0.034010	-0.445525	0.894623
0.999366	-0.003389	0.035435	-0.012752	0.895311	0.445259	-0.033235	-0.445429	0.894700
0.999388	-0.003548	0.034811	-0.012327	0.895372	0.445149	-0.032748	-0.445305	0.894780
0.999399	-0.004114	0.034417	-0.011633	0.895531	0.444847	-0.032651	-0.444980	0.894945
0.999415	-0.004710	0.033862	-0.010840	0.895700	0.444526	-0.032424	-0.444633	0.895126
0.999433	-0.004856	0.033317	-0.010460	0.895795	0.444344	-0.032003	-0.444441	0.895236
0.999447	-0.004846	0.032886	-0.010273	0.895864	0.444210	-0.031614	-0.444302	0.895319
0.999464	-0.004851	0.032376	-0.010036	0.895938	0.444065	-0.031161	-0.444152	0.895409
0.999483	-0.005334	0.031696	-0.009296	0.896018	0.443920	-0.030768	-0.443986	0.895505
0.999501	-0.006461	0.030909	-0.007934	0.896057	0.443869	-0.030564	-0.443892	0.895559
0.999496	-0.008018	0.030703	-0.006448	0.896048	0.443909	-0.031070	-0.443884	0.895545
0.999505	-0.009670	0.029936	-0.004641	0.895837	0.444358	-0.031115	-0.444277	0.895349
0.999501	-0.010968	0.029637	-0.003366	0.895559	0.444931	-0.031422	-0.444808	0.895075
