0.999160	0.015683	0.037848	-0.031474	0.885241	0.464066	-0.026226	-0.464868	0.884992
0.999114	0.016042	0.038904	-0.032284	0.885200	0.464089	-0.026993	-0.464934	0.884934
0.999052	0.016672	0.040206	-0.033465	0.884871	0.464632	-0.027831	-0.465537	0.884591
0.999029	0.017479	0.040434	-0.034319	0.884292	0.465672	-0.027617	-0.466608	0.884033
0.999013	0.018133	0.040549	-0.034987	0.883658	0.466823	-0.027366	-0.467781	0.883421
0.999001	0.018562	0.040657	-0.035447	0.883129	0.467789	-0.027223	-0.468762	0.882905
0.999010	0.018697	0.040362	-0.035450	0.882736	0.468530	-0.026869	-0.469497	0.882525
0.999048	0.018470	0.039517	-0.034869	0.882471	0.469073	-0.026209	-0.470004	0.882275
0.999077	0.017903	0.039045	-0.034158	0.882283	0.469478	-0.026044	-0.470379	0.882080
0.999088	0.017487	0.038941	-0.033755	0.882065	0.469916	-0.026131	-0.470802	0.881852
0.999088	0.017534	0.038928	-0.033805	0.881796	0.470419	-0.026078	-0.471306	0.881584
0.999086	0.017963	0.038780	-0.034133	0.881429	0.471082	-0.025720	-0.471975	0.881237
0.999081	0.018406	0.038712	-0.034513	0.881013	0.471831	-0.025422	-0.472733	0.880839
0.999059	0.018786	0.039088	-0.035041	0.880710	0.472358	-0.025551	-0.473284	0.880539
0.999077	0.019130	0.038460	-0.035049	0.880672	0.472428	-0.024834	-0.473340	0.880530
0.999081	0.019025	0.038409	-0.034915	0.881011	0.471805	-0.024863	-0.472713	0.880866
0.999092	0.018852	0.038213	-0.034651	0.881383	0.471131	-0.024798	-0.472027	0.881235
0.999099	0.018690	0.038096	-0.034429	0.881830	0.470308	-0.024804	-0.471196	0.881680
0.999103	0.018670	0.038014	-0.034353	0.882211	0.469599	-0.024769	-0.470483	0.882061
0.999089	0.018924	0.038254	-0.034664	0.882710	0.468638	-0.024898	-0.469537	0.882562
0.999074	0.019306	0.038449	-0.035066	0.883189	0.467704	-0.024928	-0.468620	0.883048
0.999054	0.019378	0.038923	-0.035327	0.883649	0.466816	-0.025348	-0.467750	0.883497
0.999002	0.019203	0.040325	-0.035790	0.884306	0.465534	-0.026720	-0.466512	0.884111
0.998971	0.018649	0.041351	-0.035721	0.885262	0.463719	-0.027959	-0.464719	0.885017
0.998978	0.017736	0.041576	-0.034960	0.886217	0.461950	-0.028652	-0.462932	0.885931
