0.999843	0.006808	0.016377	-0.010841	0.965409	0.260514	-0.014037	-0.260650	0.965331
0.999844	0.005746	0.016674	-0.009891	0.965447	0.260412	-0.014602	-0.260536	0.965354
0.999848	0.005099	0.016696	-0.009280	0.965313	0.260932	-0.014786	-0.261047	0.965213
0.999854	0.004843	0.016364	-0.008964	0.965005	0.262077	-0.014522	-0.262185	0.964908
0.999859	0.005059	0.015992	-0.009091	0.964702	0.263188	-0.014096	-0.263297	0.964612
0.999863	0.005197	0.015696	-0.009163	0.964372	0.264390	-0.013763	-0.264498	0.964288
0.999878	0.005150	0.014737	-0.008877	0.964087	0.265440	-0.012840	-0.265538	0.964015
0.999892	0.004771	0.013899	-0.008299	0.963892	0.266165	-0.012127	-0.266252	0.963827
0.999910	0.004060	0.012780	-0.007316	0.963907	0.266139	-0.011239	-0.266209	0.963850
0.999931	0.003171	0.011336	-0.006071	0.963990	0.265869	-0.010085	-0.265919	0.963943
0.999946	0.002114	0.010208	-0.004753	0.963963	0.265993	-0.009278	-0.266027	0.963921
0.999952	0.001104	0.009783	-0.003671	0.963853	0.266408	-0.009135	-0.266431	0.963811
0.999955	0.000812	0.009474	-0.003309	0.963801	0.266602	-0.008914	-0.266621	0.963760
0.999958	0.001324	0.009018	-0.003677	0.963915	0.266184	-0.008340	-0.266206	0.963880
0.999964	0.001853	0.008335	-0.003996	0.964231	0.265033	-0.007545	-0.265057	0.964203
0.999964	0.002302	0.008121	-0.004360	0.964674	0.263409	-0.007228	-0.263435	0.964650
0.999970	0.002422	0.007290	-0.004240	0.965367	0.260859	-0.006406	-0.260883	0.965349
0.999971	0.002589	0.007171	-0.004350	0.966217	0.257693	-0.006261	-0.257717	0.966200
0.999971	0.002691	0.007105	-0.004409	0.967124	0.254267	-0.006187	-0.254290	0.967108
0.999969	0.003474	0.007053	-0.005138	0.967769	0.251788	-0.005951	-0.251817	0.967757
0.999960	0.005132	0.007322	-0.006801	0.968181	0.250158	-0.005805	-0.250198	0.968177
0.999947	0.006588	0.007950	-0.008360	0.968475	0.248971	-0.006059	-0.249025	0.968478
0.999935	0.007352	0.008690	-0.009283	0.968515	0.248783	-0.006587	-0.248848	0.968520
0.999936	0.007268	0.008717	-0.009214	0.968302	0.249613	-0.006627	-0.249678	0.968306
