0.997914	0.047424	0.043805	-0.061391	0.907028	0.416570	-0.019977	-0.418390	0.908048
0.997903	0.047019	0.044491	-0.061316	0.906918	0.416821	-0.020752	-0.418675	0.907899
0.997894	0.046901	0.044816	-0.061355	0.906712	0.417263	-0.021065	-0.419133	0.907680
0.997850	0.047319	0.045338	-0.061958	0.906602	0.417413	-0.021352	-0.419325	0.907585
0.997833	0.048054	0.044952	-0.062459	0.906640	0.417255	-0.020705	-0.419159	0.907677
0.997799	0.048770	0.044940	-0.063113	0.906428	0.417618	-0.020368	-0.419535	0.907511
0.997799	0.048951	0.044726	-0.063200	0.906158	0.418190	-0.020058	-0.420097	0.907258
0.997849	0.048767	0.043804	-0.062658	0.905937	0.418751	-0.019263	-0.420595	0.907044
0.997910	0.048428	0.042772	-0.061925	0.905748	0.419268	-0.018436	-0.421041	0.906854
0.997958	0.048027	0.042116	-0.061300	0.905439	0.420026	-0.017961	-0.421750	0.906534
0.997981	0.047939	0.041673	-0.061047	0.905139	0.420709	-0.017551	-0.422403	0.906238
0.997988	0.048241	0.041148	-0.061107	0.904925	0.421162	-0.016919	-0.422829	0.906052
0.998000	0.048524	0.040525	-0.061101	0.904905	0.421205	-0.016233	-0.422838	0.906060
0.998027	0.048455	0.039939	-0.060785	0.905083	0.420868	-0.015755	-0.422465	0.906242
0.998072	0.048018	0.039316	-0.060116	0.905390	0.420304	-0.015414	-0.421858	0.906531
0.998128	0.047359	0.038704	-0.059252	0.905647	0.419873	-0.015167	-0.421380	0.906757
0.998135	0.047147	0.038775	-0.059086	0.905780	0.419610	-0.015338	-0.421118	0.906876
0.998174	0.047277	0.037598	-0.058703	0.905938	0.419321	-0.014237	-0.420762	0.907059
0.998200	0.047453	0.036662	-0.058466	0.906040	0.419134	-0.013328	-0.420523	0.907184
0.998214	0.047252	0.036556	-0.058234	0.906204	0.418811	-0.013337	-0.420192	0.907337
0.998210	0.047197	0.036733	-0.058254	0.906342	0.418511	-0.013541	-0.419902	0.907469
0.998205	0.047073	0.037021	-0.058257	0.906510	0.418145	-0.013876	-0.419551	0.907626
0.998203	0.046756	0.037470	-0.058152	0.906692	0.417765	-0.014441	-0.419193	0.907782
0.998190	0.046448	0.038193	-0.058175	0.906686	0.417775	-0.015224	-0.419241	0.907747
0.998202	0.046146	0.038256	-0.057936	0.906450	0.418320	-0.015373	-0.419784	0.907494
