0.999364	-0.027191	0.023074	0.013432	0.886375	0.462774	-0.033035	-0.462169	0.886176
0.999394	-0.027052	0.021905	0.013809	0.885779	0.463902	-0.031953	-0.463318	0.885616
0.999464	-0.025409	0.020649	0.012891	0.885115	0.465193	-0.030097	-0.464677	0.884968
0.999527	-0.023041	0.020347	0.010913	0.884800	0.465844	-0.028737	-0.465402	0.884633
0.999573	-0.020874	0.020456	0.008929	0.884569	0.466323	-0.027828	-0.465941	0.884378
0.999590	-0.019745	0.020748	0.007779	0.884334	0.466790	-0.027565	-0.466437	0.884125
0.999584	-0.019475	0.021249	0.007295	0.884142	0.467162	-0.027885	-0.466812	0.883917
0.999576	-0.019025	0.022030	0.006521	0.883956	0.467525	-0.028368	-0.467183	0.883706
0.999582	-0.018232	0.022435	0.005612	0.883660	0.468096	-0.028359	-0.467775	0.883393
0.999599	-0.017123	0.022559	0.004544	0.883182	0.469008	-0.027954	-0.468717	0.882906
0.999602	-0.015963	0.023262	0.003162	0.882727	0.469876	-0.028035	-0.469616	0.882426
0.999585	-0.015318	0.024399	0.002041	0.882455	0.470392	-0.028737	-0.470147	0.882120
0.999555	-0.015144	0.025698	0.001269	0.882348	0.470596	-0.029801	-0.470354	0.881974
0.999501	-0.016620	0.026868	0.001981	0.881730	0.471751	-0.031531	-0.471462	0.881323
0.999411	-0.019354	0.028351	0.003589	0.880300	0.474405	-0.034139	-0.474023	0.879850
0.999302	-0.021733	0.030376	0.004614	0.878873	0.477034	-0.037064	-0.476561	0.878360
0.999246	-0.022397	0.031728	0.004429	0.877342	0.479846	-0.038583	-0.479343	0.876779
0.999272	-0.021292	0.031643	0.003377	0.875804	0.482655	-0.037989	-0.482197	0.875239
0.999380	-0.020016	0.028965	0.003443	0.874293	0.485386	-0.035040	-0.484985	0.873820
0.999485	-0.020147	0.024980	0.005413	0.873066	0.487573	-0.031632	-0.487186	0.872725
0.999525	-0.022524	0.021041	0.009334	0.871781	0.489807	-0.029376	-0.489378	0.871577
0.999511	-0.025991	0.017390	0.014016	0.869441	0.493837	-0.027955	-0.493352	0.869380
0.999502	-0.028325	0.013925	0.017621	0.866791	0.498360	-0.026186	-0.497867	0.866858
0.999526	-0.028897	0.010615	0.019690	0.865147	0.501132	-0.023665	-0.500685	0.865306
0.999554	-0.028636	0.008494	0.020531	0.865242	0.500934	-0.021694	-0.500536	0.865444
0.999540	-0.028882	0.009253	0.020433	0.866769	0.498292	-0.022412	-0.497873	0.866960
