0.999958	0.006225	0.006760	-0.008249	0.932236	0.361757	-0.004050	-0.361797	0.932248
0.999959	0.005921	0.006841	-0.008001	0.931687	0.363175	-0.004223	-0.363215	0.931696
0.999963	0.005699	0.006503	-0.007679	0.931007	0.364921	-0.003975	-0.364957	0.931016
0.999965	0.005628	0.006142	-0.007486	0.930504	0.366204	-0.003654	-0.366238	0.930514
0.999970	0.005643	0.005238	-0.007170	0.930357	0.366584	-0.002804	-0.366610	0.930370
0.999977	0.005164	0.004386	-0.006412	0.930445	0.366376	-0.002189	-0.366396	0.930457
0.999981	0.004612	0.003975	-0.005746	0.930758	0.365591	-0.002013	-0.365607	0.930767
0.999984	0.004636	0.003283	-0.005515	0.930692	0.365761	-0.001360	-0.365774	0.930703
0.999983	0.005444	0.002195	-0.005870	0.930236	0.366916	-0.000045	-0.366922	0.930252
0.999981	0.005888	0.001555	-0.006047	0.929837	0.367923	0.000720	-0.367925	0.929855
0.999987	0.004111	0.002906	-0.004892	0.929774	0.368098	-0.001189	-0.368107	0.929783
0.999979	0.000695	0.006434	-0.003008	0.930201	0.367038	-0.005730	-0.367050	0.930184
0.999965	-0.001972	0.008139	-0.001132	0.931117	0.364720	-0.008298	-0.364716	0.931082
0.999957	-0.003498	0.008578	0.000139	0.931549	0.363617	-0.009263	-0.363600	0.931509
0.999959	-0.003843	0.008175	0.000602	0.931362	0.364094	-0.009013	-0.364074	0.931326
0.999967	-0.003990	0.007056	0.001139	0.930984	0.365058	-0.008025	-0.365038	0.930958
0.999970	-0.003950	0.006722	0.001216	0.930612	0.366004	-0.007701	-0.365985	0.930589
0.999974	-0.003509	0.006240	0.000977	0.930395	0.366556	-0.007092	-0.366541	0.930375
0.999982	-0.002635	0.005343	0.000492	0.930300	0.366798	-0.005937	-0.366789	0.930285
0.999990	-0.001761	0.004235	0.000084	0.930253	0.366918	-0.004586	-0.366914	0.930244
0.999994	-0.001352	0.003334	0.000035	0.930309	0.366777	-0.003598	-0.366775	0.930303
0.999996	-0.001293	0.002570	0.000260	0.930324	0.366738	-0.002865	-0.366736	0.930321
0.999999	-0.001017	0.000550	0.000744	0.930131	0.367228	-0.000885	-0.367227	0.930131
1.000000	-0.000554	-0.000665	0.000759	0.929911	0.367784	0.000414	-0.367784	0.929911
