0.998097	0.007501	0.061212	-0.033427	0.899922	0.434768	-0.051825	-0.435987	0.898459
0.998101	0.007444	0.061152	-0.033360	0.899829	0.434965	-0.051788	-0.436179	0.898369
0.998074	0.007702	0.061555	-0.033744	0.900032	0.434515	-0.052055	-0.435755	0.898559
0.998017	0.008052	0.062425	-0.034397	0.900357	0.433791	-0.052712	-0.435078	0.898849
0.997963	0.008303	0.063245	-0.034934	0.900723	0.432986	-0.053371	-0.434314	0.899179
0.997940	0.008464	0.063599	-0.035207	0.900929	0.432535	-0.053637	-0.433883	0.899371
0.997925	0.008592	0.063806	-0.035418	0.900876	0.432630	-0.053764	-0.433992	0.899311
0.997961	0.008527	0.063250	-0.035149	0.900625	0.433173	-0.053271	-0.434513	0.899089
0.997998	0.008153	0.062725	-0.034623	0.900316	0.433857	-0.052936	-0.435160	0.898796
0.998026	0.007629	0.062331	-0.033987	0.900269	0.434005	-0.052804	-0.435266	0.898752
0.998073	0.007230	0.061632	-0.033305	0.900435	0.433713	-0.052360	-0.434930	0.898941
0.998109	0.006862	0.061080	-0.032684	0.900860	0.432877	-0.052054	-0.434055	0.899381
0.998123	0.006387	0.060903	-0.032123	0.901336	0.431927	-0.052135	-0.433072	0.899850
0.998116	0.006237	0.061032	-0.032007	0.901636	0.431310	-0.052338	-0.432451	0.900137
0.998112	0.006602	0.061064	-0.032346	0.901670	0.431213	-0.052213	-0.432374	0.900181
0.998126	0.007172	0.060774	-0.032749	0.901533	0.431468	-0.051696	-0.432650	0.900079
0.998148	0.007279	0.060400	-0.032690	0.901482	0.431581	-0.051308	-0.432756	0.900050
0.998126	0.007172	0.060774	-0.032749	0.901533	0.431468	-0.051696	-0.432650	0.900079
0.998124	0.006698	0.060858	-0.032334	0.901741	0.431065	-0.051991	-0.432224	0.900266
0.998088	0.006022	0.061519	-0.031979	0.902006	0.430537	-0.052898	-0.431681	0.900474
0.998008	0.005649	0.062830	-0.032191	0.902149	0.430221	-0.054252	-0.431387	0.900534
0.997964	0.005868	0.063509	-0.032692	0.902064	0.430362	-0.054764	-0.431562	0.900419
0.997924	0.006378	0.064086	-0.033431	0.901812	0.430834	-0.055046	-0.432082	0.900153
0.997888	0.006830	0.064599	-0.034089	0.901583	0.431262	-0.055296	-0.432553	0.899911
0.997854	0.007141	0.065084	-0.034620	0.901260	0.431894	-0.055573	-0.433220	0.899573
