0.998768	-0.030447	0.039175	0.017380	0.954239	0.298540	-0.046472	-0.297491	0.953593
0.998769	-0.030312	0.039272	0.017270	0.954550	0.297550	-0.046506	-0.296505	0.953898
0.998793	-0.030288	0.038674	0.017463	0.954792	0.296760	-0.045914	-0.295727	0.954169
0.998802	-0.030320	0.038417	0.017601	0.954997	0.296091	-0.045666	-0.295060	0.954387
0.998809	-0.030562	0.038046	0.017985	0.955270	0.295188	-0.045366	-0.294152	0.954681
0.998830	-0.030812	0.037271	0.018503	0.955587	0.294128	-0.044679	-0.293094	0.955039
0.998826	-0.031385	0.036899	0.019207	0.955882	0.293122	-0.044470	-0.292069	0.955363
0.998776	-0.032520	0.037278	0.020224	0.956136	0.292224	-0.045146	-0.291112	0.955623
0.998650	-0.034762	0.038589	0.022009	0.956222	0.291813	-0.047044	-0.290570	0.955697
0.998491	-0.037388	0.040216	0.024075	0.956316	0.291341	-0.049352	-0.289934	0.955773
0.998347	-0.039091	0.042138	0.025233	0.956765	0.289765	-0.051643	-0.288223	0.956170
0.998261	-0.039573	0.043688	0.025402	0.957597	0.286990	-0.053192	-0.285381	0.956937
0.998198	-0.039957	0.044778	0.025603	0.958355	0.284430	-0.054278	-0.282771	0.957650
0.998150	-0.041139	0.044778	0.026836	0.958835	0.282693	-0.054564	-0.280969	0.958165
0.998149	-0.041921	0.044048	0.027840	0.959045	0.281882	-0.054061	-0.280134	0.958437
0.998148	-0.041544	0.044444	0.027385	0.959158	0.281540	-0.054325	-0.279802	0.958520
0.998218	-0.040178	0.044113	0.026185	0.959298	0.281179	-0.053615	-0.279523	0.958641
0.998348	-0.038278	0.042854	0.024722	0.959385	0.281014	-0.051870	-0.279490	0.958746
0.998440	-0.036570	0.042192	0.023289	0.959545	0.280592	-0.050746	-0.279171	0.958899
0.998501	-0.035496	0.041673	0.022421	0.959674	0.280218	-0.049939	-0.278864	0.959031
0.998534	-0.035035	0.041254	0.022100	0.959714	0.280107	-0.049405	-0.278784	0.959082
0.998529	-0.035236	0.041203	0.022274	0.959518	0.280767	-0.049428	-0.279436	0.958891
0.998541	-0.035356	0.040826	0.022410	0.959031	0.282412	-0.049138	-0.281085	0.958424
0.998577	-0.035271	0.040007	0.022434	0.958293	0.284907	-0.048387	-0.283604	0.957720
