0.998995	-0.001863	0.044775	-0.021448	0.857392	0.514217	-0.039348	-0.514660	0.856491
0.999009	-0.001810	0.044469	-0.021505	0.855163	0.517913	-0.038965	-0.518356	0.854277
0.999101	-0.001375	0.042362	-0.020949	0.852837	0.521758	-0.036846	-0.522176	0.852041
0.999210	-0.001280	0.039709	-0.019775	0.850858	0.525023	-0.034459	-0.525394	0.850161
0.999313	-0.001432	0.037020	-0.018294	0.849867	0.526679	-0.032216	-0.526995	0.849258
0.999372	-0.001677	0.035389	-0.017177	0.850691	0.525386	-0.030986	-0.525664	0.850128
0.999325	-0.002159	0.036685	-0.017300	0.853095	0.521468	-0.032421	-0.521751	0.852482
0.999204	-0.002786	0.039789	-0.018209	0.855681	0.517184	-0.035488	-0.517497	0.854949
0.999029	-0.003369	0.043934	-0.019695	0.857781	0.513638	-0.039416	-0.514004	0.856882
0.998974	-0.002722	0.045199	-0.020828	0.858708	0.512042	-0.040206	-0.512458	0.857771
0.998969	-0.001822	0.045359	-0.021640	0.859247	0.511103	-0.039906	-0.511558	0.858322
0.999022	-0.000943	0.044207	-0.021733	0.860201	0.509491	-0.038507	-0.509954	0.859339
0.999047	-0.000529	0.043651	-0.021679	0.861908	0.506602	-0.037891	-0.507065	0.861075
0.999022	-0.000447	0.044216	-0.021878	0.863982	0.503047	-0.038427	-0.503523	0.863127
0.998958	-0.000489	0.045629	-0.022438	0.865446	0.500499	-0.039734	-0.501002	0.864534
0.998900	-0.000293	0.046888	-0.023271	0.865041	0.501161	-0.040707	-0.501701	0.864083
0.998875	0.000136	0.047411	-0.024078	0.862894	0.504811	-0.040842	-0.505385	0.861927
0.998883	0.000749	0.047236	-0.024771	0.859709	0.510184	-0.040227	-0.510784	0.858767
0.998935	0.001372	0.046113	-0.024996	0.856225	0.515998	-0.038775	-0.516601	0.855348
0.998975	0.001188	0.045256	-0.024617	0.853205	0.520994	-0.037994	-0.521574	0.852359
0.999017	0.000046	0.044321	-0.023308	0.851103	0.524480	-0.037698	-0.524998	0.850268
0.999045	-0.001566	0.043665	-0.021675	0.849958	0.526404	-0.037938	-0.526848	0.849112
0.999058	-0.002891	0.043292	-0.020388	0.849485	0.527219	-0.038300	-0.527605	0.848626
0.999072	-0.003196	0.042951	-0.019968	0.849229	0.527647	-0.038162	-0.528015	0.848377
