0.999621	-0.004514	0.027144	-0.004475	0.946647	0.322240	-0.027151	-0.322239	0.946269
0.999584	-0.004867	0.028436	-0.004516	0.947113	0.320870	-0.028494	-0.320865	0.946696
0.999570	-0.004662	0.028939	-0.004832	0.947550	0.319572	-0.028911	-0.319574	0.947120
0.999530	-0.004001	0.030406	-0.005885	0.948007	0.318196	-0.030098	-0.318225	0.947537
0.999479	-0.003318	0.032091	-0.007020	0.948507	0.316680	-0.031489	-0.316740	0.947990
0.999437	-0.002750	0.033429	-0.007946	0.948857	0.315607	-0.032587	-0.315695	0.948301
0.999403	-0.002228	0.034474	-0.008772	0.948837	0.315644	-0.033414	-0.315758	0.948251
0.999404	-0.001657	0.034489	-0.009355	0.948497	0.316649	-0.033237	-0.316783	0.947916
0.999410	-0.001323	0.034320	-0.009679	0.947908	0.318397	-0.032954	-0.318541	0.947336
0.999432	-0.001386	0.033684	-0.009467	0.947417	0.319860	-0.032356	-0.319998	0.946866
0.999434	-0.001542	0.033591	-0.009310	0.947214	0.320466	-0.032312	-0.320597	0.946664
0.999441	-0.001501	0.033385	-0.009282	0.947213	0.320472	-0.032104	-0.320603	0.946670
0.999461	-0.001419	0.032805	-0.009176	0.947193	0.320533	-0.031527	-0.320661	0.946669
0.999469	-0.001778	0.032542	-0.008779	0.946912	0.321372	-0.031386	-0.321487	0.946394
0.999456	-0.002586	0.032889	-0.008204	0.946128	0.323690	-0.031955	-0.323783	0.945592
0.999454	-0.003534	0.032853	-0.007427	0.944793	0.327583	-0.032197	-0.327648	0.944251
0.999460	-0.004154	0.032591	-0.006919	0.943108	0.332413	-0.032118	-0.332459	0.942571
0.999466	-0.004553	0.032367	-0.006655	0.941151	0.337921	-0.032001	-0.337956	0.940618
0.999504	-0.005168	0.031057	-0.005844	0.938838	0.344309	-0.030937	-0.344320	0.938343
0.999543	-0.006401	0.029554	-0.004381	0.936373	0.350980	-0.029920	-0.350949	0.935916
0.999555	-0.007830	0.028788	-0.002997	0.933708	0.358024	-0.029683	-0.357951	0.933268
0.999541	-0.008946	0.028944	-0.002257	0.930755	0.365637	-0.030210	-0.365534	0.930308
0.999557	-0.009176	0.028304	-0.002045	0.927821	0.373020	-0.029684	-0.372913	0.927391
0.999572	-0.008664	0.027949	-0.002590	0.925208	0.379451	-0.029146	-0.379361	0.924790
0.999573	-0.007725	0.028185	-0.003680	0.923489	0.383607	-0.028992	-0.383547	0.923066
