0.999803	-0.009918	0.017165	0.003881	0.947034	0.321111	-0.019440	-0.320982	0.946886
0.999802	-0.010077	0.017136	0.004037	0.946958	0.321332	-0.019465	-0.321200	0.946811
0.999804	-0.010341	0.016869	0.004371	0.946921	0.321436	-0.019297	-0.321299	0.946781
0.999806	-0.010724	0.016537	0.004835	0.946824	0.321716	-0.019107	-0.321574	0.946692
0.999799	-0.011429	0.016468	0.005513	0.946633	0.322267	-0.019272	-0.322112	0.946505
0.999788	-0.012065	0.016712	0.006018	0.946329	0.323148	-0.019714	-0.322979	0.946201
0.999784	-0.011983	0.016975	0.005837	0.946031	0.324022	-0.019941	-0.323853	0.945897
0.999784	-0.011552	0.017303	0.005304	0.945728	0.324915	-0.020117	-0.324753	0.945585
0.999783	-0.011239	0.017566	0.004900	0.945363	0.325983	-0.020270	-0.325826	0.945213
0.999782	-0.011275	0.017591	0.004902	0.944986	0.327075	-0.020311	-0.326917	0.944835
0.999785	-0.011660	0.017166	0.005384	0.944639	0.328067	-0.020041	-0.327904	0.944498
0.999784	-0.011986	0.016954	0.005742	0.944323	0.328970	-0.019953	-0.328802	0.944188
0.999786	-0.012267	0.016627	0.006112	0.944255	0.329158	-0.019738	-0.328986	0.944128
0.999785	-0.012592	0.016486	0.006463	0.944216	0.329264	-0.019712	-0.329087	0.944094
0.999774	-0.012830	0.016979	0.006534	0.944357	0.328858	-0.020254	-0.328673	0.944227
0.999749	-0.013464	0.017934	0.006833	0.944561	0.328265	-0.021359	-0.328060	0.944415
0.999667	-0.015499	0.020638	0.007882	0.944745	0.327713	-0.024577	-0.327441	0.944552
0.999618	-0.016729	0.022016	0.008612	0.944974	0.327032	-0.026275	-0.326718	0.944757
0.999621	-0.016739	0.021865	0.008658	0.944813	0.327495	-0.026140	-0.327181	0.944600
0.999647	-0.016329	0.020955	0.008523	0.944225	0.329190	-0.025162	-0.328896	0.944031
0.999660	-0.016112	0.020522	0.008426	0.943762	0.330518	-0.024693	-0.330233	0.943577
0.999665	-0.016328	0.020104	0.008759	0.943636	0.330870	-0.024373	-0.330583	0.943462
0.999676	-0.016682	0.019216	0.009398	0.943781	0.330439	-0.023648	-0.330151	0.943632
0.999689	-0.017189	0.018045	0.010283	0.944065	0.329600	-0.022701	-0.329312	0.943948
0.999697	-0.017550	0.017288	0.010888	0.944282	0.328957	-0.022098	-0.328669	0.944186
