0.998072	0.032482	0.052880	-0.053334	0.884616	0.463259	-0.031731	-0.465187	0.884644
0.998086	0.032117	0.052842	-0.052988	0.884710	0.463120	-0.031876	-0.465034	0.884719
0.998105	0.032386	0.052324	-0.052983	0.884745	0.463055	-0.031297	-0.464949	0.884784
0.998138	0.033094	0.051231	-0.053109	0.884609	0.463299	-0.029987	-0.465157	0.884720
0.998176	0.033663	0.050110	-0.053113	0.884253	0.463978	-0.028691	-0.465793	0.884428
0.998205	0.034135	0.049199	-0.053142	0.883656	0.465111	-0.027599	-0.466891	0.883884
0.998185	0.035080	0.048958	-0.053900	0.883033	0.466205	-0.026877	-0.467998	0.883321
0.998209	0.035962	0.047811	-0.054166	0.882566	0.467058	-0.025400	-0.468811	0.882933
0.998211	0.036472	0.047381	-0.054427	0.882319	0.467495	-0.024754	-0.469237	0.882725
0.998233	0.036757	0.046687	-0.054353	0.882347	0.467450	-0.024012	-0.469162	0.882786
0.998252	0.036971	0.046101	-0.054261	0.882451	0.467265	-0.023407	-0.468949	0.882915
0.998266	0.037241	0.045581	-0.054254	0.882486	0.467199	-0.022826	-0.468862	0.882977
0.998258	0.037818	0.045286	-0.054624	0.882495	0.467139	-0.022299	-0.468799	0.883024
0.998233	0.038448	0.045308	-0.055188	0.882518	0.467029	-0.022029	-0.468704	0.883081
0.998239	0.038856	0.044817	-0.055313	0.882651	0.466764	-0.021421	-0.468421	0.883246
0.998245	0.038797	0.044745	-0.055215	0.882927	0.466253	-0.021417	-0.467905	0.883519
0.998248	0.038707	0.044760	-0.055119	0.883423	0.465324	-0.021531	-0.466975	0.884008
0.998268	0.038676	0.044332	-0.054869	0.883932	0.464386	-0.021226	-0.466014	0.884523
0.998290	0.038716	0.043798	-0.054641	0.884282	0.463745	-0.020776	-0.465345	0.884885
0.998288	0.038800	0.043765	-0.054695	0.884365	0.463581	-0.020717	-0.465181	0.884973
0.998262	0.039123	0.044075	-0.055133	0.884167	0.463907	-0.020820	-0.465530	0.884787
0.998212	0.039795	0.044595	-0.055980	0.883921	0.464273	-0.020943	-0.465939	0.884569
0.998166	0.040456	0.045043	-0.056792	0.883475	0.465022	-0.020981	-0.466727	0.884152
0.998135	0.041063	0.045174	-0.057409	0.883015	0.465821	-0.020761	-0.467546	0.883725
