0.998808	0.036518	0.032386	-0.046839	0.903745	0.425502	-0.013730	-0.426512	0.904378
0.998684	0.039621	0.032562	-0.049757	0.902399	0.428018	-0.012425	-0.429075	0.903183
0.998490	0.043726	0.033250	-0.053806	0.900434	0.431652	-0.011065	-0.432790	0.901427
0.998220	0.047360	0.036247	-0.058428	0.898468	0.435135	-0.011959	-0.436478	0.899635
0.997978	0.049153	0.040301	-0.061840	0.897447	0.436765	-0.014699	-0.438374	0.898672
0.997725	0.052126	0.042751	-0.065604	0.896752	0.437644	-0.015524	-0.439453	0.898132
0.997398	0.057190	0.043885	-0.070672	0.895787	0.438829	-0.014215	-0.440789	0.897498
0.997016	0.062273	0.045625	-0.076031	0.894472	0.440612	-0.013372	-0.442766	0.896537
0.996680	0.065075	0.048923	-0.080035	0.893294	0.442289	-0.014921	-0.444736	0.895537
0.996474	0.065629	0.052265	-0.082061	0.892062	0.444400	-0.017458	-0.447122	0.894303
0.996354	0.064871	0.055409	-0.082874	0.890155	0.448058	-0.020257	-0.451017	0.892286
0.996279	0.064140	0.057564	-0.083320	0.887571	0.453074	-0.022032	-0.456184	0.889613
0.996071	0.065259	0.059864	-0.085523	0.884299	0.459021	-0.022982	-0.462337	0.886406
0.995623	0.068677	0.063388	-0.090368	0.880400	0.465542	-0.023834	-0.469232	0.882753
0.995014	0.073576	0.067337	-0.096739	0.876266	0.472016	-0.024276	-0.476177	0.879014
0.994411	0.078973	0.070075	-0.102960	0.872301	0.478006	-0.023377	-0.482549	0.875557
0.993910	0.083882	0.071463	-0.108060	0.868982	0.482900	-0.021594	-0.487682	0.872754
0.993596	0.087437	0.071570	-0.111298	0.866656	0.486334	-0.019503	-0.491185	0.870837
0.993594	0.089365	0.069177	-0.111841	0.865406	0.488430	-0.016217	-0.493038	0.869857
0.993906	0.088952	0.065096	-0.109468	0.865723	0.488406	-0.012911	-0.492555	0.870185
0.994548	0.085199	0.060133	-0.103706	0.868594	0.484550	-0.010948	-0.488145	0.872694
0.995447	0.077792	0.055074	-0.094681	0.873548	0.477440	-0.010969	-0.480481	0.876937
0.996430	0.067573	0.050615	-0.083464	0.878724	0.469977	-0.012719	-0.472523	0.881226
0.997260	0.056957	0.047202	-0.072403	0.882339	0.465012	-0.015163	-0.467155	0.884045
0.997861	0.048416	0.043928	-0.063286	0.883891	0.463391	-0.016392	-0.465180	0.885064
