0.998590	-0.050690	0.015778	0.041752	0.933424	0.356338	-0.032790	-0.355177	0.934224
0.998574	-0.050851	0.016242	0.041749	0.933549	0.356011	-0.033266	-0.354825	0.934341
0.998571	-0.051037	0.015824	0.042082	0.933653	0.355699	-0.032928	-0.354525	0.934466
0.998563	-0.051042	0.016302	0.041940	0.933897	0.355073	-0.033348	-0.353879	0.934697
0.998564	-0.050752	0.017168	0.041395	0.934264	0.354172	-0.034015	-0.352952	0.935023
0.998578	-0.050229	0.017843	0.040695	0.934578	0.353423	-0.034428	-0.352194	0.935294
0.998585	-0.049723	0.018879	0.039872	0.934774	0.352999	-0.035200	-0.351746	0.935433
0.998585	-0.049332	0.019866	0.039165	0.934867	0.352831	-0.035978	-0.351553	0.935476
0.998581	-0.049112	0.020609	0.038687	0.934788	0.353092	-0.036606	-0.351793	0.935362
0.998580	-0.049040	0.020788	0.038536	0.934595	0.353621	-0.036770	-0.352318	0.935158
0.998571	-0.049006	0.021324	0.038312	0.934577	0.353692	-0.037262	-0.352369	0.935119
0.998597	-0.048519	0.021192	0.037950	0.935041	0.352503	-0.036919	-0.351204	0.935571
0.998637	-0.048078	0.020332	0.037877	0.935408	0.351536	-0.035919	-0.350287	0.935954
0.998609	-0.048523	0.020652	0.038229	0.935850	0.350319	-0.036326	-0.349042	0.936403
0.998535	-0.049469	0.021918	0.038748	0.936524	0.348455	-0.037764	-0.347095	0.937069
0.998479	-0.049791	0.023688	0.038534	0.937398	0.346122	-0.039438	-0.344682	0.937891
0.998484	-0.048983	0.025112	0.037359	0.938088	0.344376	-0.040426	-0.342916	0.938496
0.998516	-0.047797	0.026114	0.035933	0.938411	0.343647	-0.040931	-0.342199	0.938736
0.998547	-0.046973	0.026410	0.035046	0.938347	0.343914	-0.040936	-0.342489	0.938630
0.998565	-0.046667	0.026251	0.034777	0.938059	0.344726	-0.040712	-0.343319	0.938336
0.998560	-0.046893	0.026069	0.035013	0.937722	0.345618	-0.040652	-0.344208	0.938013
0.998553	-0.047430	0.025325	0.035755	0.937536	0.346046	-0.040156	-0.344640	0.937876
0.998546	-0.047538	0.025429	0.035829	0.937608	0.345844	-0.040283	-0.344430	0.937947
0.998564	-0.047120	0.025478	0.035447	0.937848	0.345232	-0.040162	-0.343833	0.938172
0.998598	-0.046291	0.025674	0.034621	0.938055	0.344753	-0.040042	-0.343381	0.938342
