0.999952	-0.008067	0.005484	0.004981	0.905663	0.423968	-0.008387	-0.423921	0.905661
0.999966	-0.006567	0.004971	0.003876	0.907726	0.419545	-0.007268	-0.419511	0.907721
0.999942	-0.008256	0.006887	0.004635	0.908988	0.416796	-0.009701	-0.416740	0.908974
0.999896	-0.011258	0.009026	0.006508	0.910144	0.414241	-0.012878	-0.414139	0.910122
0.999839	-0.014605	0.010464	0.008982	0.910727	0.412912	-0.015560	-0.412751	0.910711
0.999782	-0.017160	0.011922	0.010716	0.910914	0.412456	-0.017938	-0.412239	0.910899
0.999737	-0.018320	0.013786	0.011005	0.910902	0.412476	-0.020114	-0.412216	0.910864
0.999696	-0.018819	0.015937	0.010558	0.910646	0.413053	-0.022287	-0.412759	0.910568
0.999625	-0.020219	0.018457	0.010720	0.909447	0.415681	-0.025191	-0.415327	0.909323
0.999559	-0.021462	0.020503	0.010885	0.907693	0.419493	-0.027614	-0.419085	0.907527
0.999461	-0.023305	0.023111	0.011320	0.905701	0.423767	-0.030807	-0.423277	0.905476
0.999398	-0.024574	0.024474	0.011714	0.903363	0.428716	-0.032644	-0.428172	0.903108
0.999398	-0.024201	0.024878	0.011041	0.901231	0.433198	-0.032905	-0.432662	0.900955
0.999452	-0.023253	0.023547	0.010661	0.899831	0.436109	-0.031329	-0.435620	0.899586
0.999491	-0.022472	0.022658	0.010292	0.899070	0.437684	-0.030207	-0.437228	0.898843
0.999515	-0.022504	0.021542	0.010809	0.899058	0.437696	-0.029218	-0.437251	0.898865
0.999510	-0.023545	0.020650	0.012185	0.899790	0.436154	-0.028849	-0.435689	0.899635
0.999445	-0.025620	0.021305	0.013856	0.901039	0.433517	-0.030303	-0.432981	0.900893
0.999362	-0.027224	0.023132	0.014604	0.902254	0.430957	-0.032604	-0.430344	0.902076
0.999323	-0.027772	0.024123	0.014772	0.903538	0.428253	-0.033690	-0.427607	0.903337
0.999319	-0.027591	0.024505	0.014558	0.904952	0.425264	-0.033909	-0.424618	0.904738
0.999325	-0.027223	0.024675	0.014251	0.906197	0.422617	-0.033866	-0.421980	0.905973
0.999334	-0.027453	0.024039	0.014805	0.907159	0.420528	-0.033352	-0.419892	0.906961
0.999324	-0.028407	0.023349	0.016020	0.907881	0.418921	-0.033098	-0.418264	0.907722
