0.998421	0.026751	0.049390	-0.046873	0.881306	0.470216	-0.030949	-0.471788	0.881169
0.998447	0.026673	0.048919	-0.046602	0.881011	0.470795	-0.030540	-0.472343	0.880885
0.998477	0.026454	0.048409	-0.046170	0.880992	0.470872	-0.030191	-0.472390	0.880872
0.998495	0.026767	0.047877	-0.046194	0.881008	0.470840	-0.029577	-0.472343	0.880918
0.998494	0.027219	0.047634	-0.046485	0.880874	0.471063	-0.029137	-0.472568	0.880812
0.998481	0.027712	0.047630	-0.046932	0.880636	0.471463	-0.028880	-0.472982	0.880598
0.998495	0.027871	0.047239	-0.046894	0.880518	0.471687	-0.028448	-0.473193	0.880500
0.998532	0.027341	0.046752	-0.046185	0.880733	0.471356	-0.028289	-0.472824	0.880703
0.998565	0.026457	0.046557	-0.045295	0.881076	0.470801	-0.028564	-0.472234	0.881010
0.998546	0.025987	0.047227	-0.045188	0.881218	0.470545	-0.029389	-0.471995	0.881111
0.998543	0.025955	0.047318	-0.045187	0.881482	0.470050	-0.029510	-0.471503	0.881371
0.998524	0.026260	0.047542	-0.045549	0.881668	0.469667	-0.029583	-0.471139	0.881563
0.998542	0.026447	0.047057	-0.045491	0.881578	0.469841	-0.029058	-0.471297	0.881496
0.998570	0.026767	0.046277	-0.045432	0.881135	0.470678	-0.028178	-0.472107	0.881091
0.998590	0.026989	0.045702	-0.045387	0.880613	0.471657	-0.027516	-0.473067	0.880597
0.998581	0.027101	0.045832	-0.045552	0.880517	0.471820	-0.027569	-0.473238	0.880503
0.998570	0.027097	0.046084	-0.045660	0.880644	0.471574	-0.027805	-0.473004	0.880622
0.998592	0.027228	0.045531	-0.045511	0.880706	0.471472	-0.027263	-0.472880	0.880705
0.998599	0.027285	0.045342	-0.045468	0.880762	0.471371	-0.027074	-0.472772	0.880769
0.998594	0.027380	0.045388	-0.045559	0.881007	0.470904	-0.027094	-0.472310	0.881016
0.998595	0.027657	0.045197	-0.045690	0.881413	0.470131	-0.026835	-0.471535	0.881439
0.998608	0.027895	0.044768	-0.045676	0.881797	0.469413	-0.026382	-0.470804	0.881843
0.998613	0.027793	0.044713	-0.045541	0.882135	0.468789	-0.026414	-0.470176	0.882178
0.998613	0.027833	0.044695	-0.045557	0.882323	0.468435	-0.026397	-0.469821	0.882367
0.998609	0.028128	0.044589	-0.045769	0.882305	0.468447	-0.026165	-0.469836	0.882366
