0.998326	-0.041726	0.040052	0.028502	0.957490	0.287056	-0.050327	-0.285434	0.957076
0.998337	-0.042339	0.039127	0.029345	0.957404	0.287258	-0.049623	-0.285632	0.957054
0.998335	-0.043031	0.038400	0.030213	0.957354	0.287333	-0.049127	-0.285694	0.957061
0.998346	-0.043290	0.037820	0.030630	0.957356	0.287283	-0.048644	-0.285649	0.957099
0.998425	-0.042657	0.036435	0.030399	0.957240	0.287693	-0.047149	-0.286133	0.957029
0.998547	-0.041410	0.034484	0.029711	0.956930	0.288794	-0.044958	-0.287350	0.956770
0.998637	-0.040589	0.032821	0.029366	0.956690	0.289623	-0.043155	-0.288265	0.956578
0.998654	-0.040829	0.032001	0.029827	0.956638	0.289747	-0.042444	-0.288402	0.956568
0.998622	-0.041488	0.032144	0.030432	0.956721	0.289411	-0.042760	-0.288034	0.956665
0.998588	-0.041775	0.032811	0.030554	0.956986	0.288522	-0.043453	-0.287112	0.956911
0.998611	-0.041298	0.032728	0.030175	0.957355	0.287335	-0.043199	-0.285949	0.957271
0.998633	-0.040212	0.033401	0.029002	0.957792	0.285996	-0.043492	-0.284637	0.957648
0.998648	-0.039325	0.033994	0.028017	0.958050	0.285229	-0.043785	-0.283891	0.957856
0.998663	-0.038641	0.034340	0.027270	0.958116	0.285080	-0.043917	-0.283763	0.957888
0.998692	-0.037860	0.034372	0.026514	0.958156	0.285018	-0.043725	-0.283733	0.957906
0.998723	-0.037168	0.034221	0.025904	0.958251	0.284753	-0.043376	-0.283503	0.957990
0.998755	-0.036459	0.034054	0.025299	0.958447	0.284146	-0.042999	-0.282931	0.958176
0.998779	-0.036126	0.033710	0.025112	0.958685	0.283360	-0.042554	-0.282167	0.958421
0.998774	-0.036088	0.033893	0.025049	0.958853	0.282796	-0.042704	-0.281600	0.958581
0.998778	-0.035968	0.033900	0.024948	0.958959	0.282444	-0.042668	-0.281253	0.958685
0.998789	-0.035911	0.033626	0.024964	0.958920	0.282575	-0.042392	-0.281394	0.958656
0.998788	-0.036054	0.033519	0.025120	0.958836	0.282846	-0.042337	-0.281661	0.958579
0.998763	-0.036393	0.033893	0.025329	0.958763	0.283077	-0.042798	-0.281868	0.958498
0.998746	-0.036483	0.034298	0.025290	0.958689	0.283330	-0.043218	-0.282107	0.958409
0.998748	-0.036417	0.034283	0.025212	0.958566	0.283752	-0.043196	-0.282533	0.958285
