0.998829	-0.037512	0.030558	0.021037	0.905469	0.423891	-0.043571	-0.422752	0.905198
0.998803	-0.037437	0.031493	0.020848	0.908076	0.418286	-0.044257	-0.417129	0.907769
0.998711	-0.037296	0.034426	0.019859	0.911332	0.411193	-0.046709	-0.409980	0.910898
0.998526	-0.038287	0.038471	0.019504	0.914571	0.403956	-0.050651	-0.402610	0.913969
0.998194	-0.041028	0.043887	0.020168	0.916943	0.398509	-0.056592	-0.396904	0.916114
0.997887	-0.043840	0.047953	0.021360	0.918380	0.395122	-0.061361	-0.393262	0.917376
0.997751	-0.045168	0.049516	0.022065	0.918983	0.393679	-0.063286	-0.391702	0.917913
0.997723	-0.046099	0.049242	0.023002	0.918785	0.394087	-0.063409	-0.392057	0.917753
0.997730	-0.046694	0.048516	0.023753	0.918249	0.395290	-0.063007	-0.393241	0.917274
0.997735	-0.047391	0.047741	0.024623	0.917739	0.396421	-0.062600	-0.394347	0.916827
0.997739	-0.048087	0.046947	0.025506	0.917261	0.397470	-0.062175	-0.395374	0.916413
0.997760	-0.048919	0.045617	0.026699	0.916584	0.398949	-0.061328	-0.396838	0.915838
0.997784	-0.049514	0.044437	0.027558	0.915520	0.401327	-0.060554	-0.399213	0.914856
0.997830	-0.049842	0.043024	0.028243	0.914266	0.404129	-0.059478	-0.402037	0.913690
0.997878	-0.050063	0.041634	0.028828	0.913010	0.406917	-0.058384	-0.404853	0.912516
0.997908	-0.050191	0.040760	0.029163	0.912034	0.409076	-0.057706	-0.407032	0.911589
0.997917	-0.050122	0.040618	0.029084	0.911515	0.410236	-0.057585	-0.408200	0.911074
0.997896	-0.049549	0.041820	0.028036	0.911314	0.410757	-0.058464	-0.408720	0.910785
0.997863	-0.048835	0.043423	0.026789	0.911777	0.409812	-0.059605	-0.407773	0.911136
0.997846	-0.047674	0.045065	0.025141	0.912391	0.408548	-0.060594	-0.406535	0.911624
0.997881	-0.046662	0.045335	0.024204	0.913082	0.407058	-0.060388	-0.405098	0.912277
0.997863	-0.046422	0.045981	0.023807	0.913663	0.405774	-0.060848	-0.403812	0.912816
0.997807	-0.047012	0.046588	0.024232	0.914511	0.403834	-0.061590	-0.401819	0.913645
0.997786	-0.048034	0.045994	0.025577	0.915580	0.401322	-0.061388	-0.399257	0.914782
0.997636	-0.050057	0.047080	0.027232	0.917005	0.397944	-0.063093	-0.395721	0.916201
0.997437	-0.051562	0.049613	0.027920	0.918847	0.393626	-0.065883	-0.391232	0.917931
