0.999419	0.033402	0.006731	-0.033704	0.940089	0.339258	0.005004	-0.339288	0.940669
0.999428	0.032948	0.007619	-0.033582	0.940474	0.338203	0.003978	-0.338265	0.941043
0.999384	0.034115	0.008247	-0.034897	0.940738	0.337334	0.003750	-0.337414	0.941349
0.999345	0.035070	0.008951	-0.036037	0.941077	0.336268	0.003369	-0.336370	0.941724
0.999317	0.035722	0.009440	-0.036818	0.941371	0.335358	0.003093	-0.335477	0.942043
0.999289	0.036390	0.009902	-0.037604	0.941470	0.334992	0.002868	-0.335126	0.942169
0.999249	0.037337	0.010371	-0.038653	0.941447	0.334939	0.002742	-0.335088	0.942183
0.999212	0.038140	0.010995	-0.039617	0.941142	0.335682	0.002455	-0.335853	0.941911
0.999180	0.038761	0.011700	-0.040437	0.940779	0.336600	0.002040	-0.336797	0.941575
0.999154	0.039171	0.012506	-0.041093	0.940463	0.337402	0.001454	-0.337630	0.941278
0.999155	0.039148	0.012544	-0.041083	0.940224	0.338070	0.001441	-0.338299	0.941037
0.999161	0.039059	0.012278	-0.040909	0.940074	0.338508	0.001680	-0.338727	0.940883
0.999168	0.038973	0.012036	-0.040745	0.939893	0.339029	0.001900	-0.339237	0.940699
0.999128	0.039807	0.012581	-0.041715	0.939974	0.338686	0.001656	-0.338916	0.940815
0.999079	0.040797	0.013306	-0.042893	0.940143	0.338070	0.001283	-0.338329	0.941027
0.999041	0.041548	0.013849	-0.043782	0.939969	0.338441	0.001044	-0.338723	0.940886
0.999028	0.041971	0.013507	-0.044065	0.940140	0.337928	0.001485	-0.338194	0.941075
0.999046	0.041625	0.013227	-0.043648	0.940639	0.336591	0.001569	-0.336848	0.941558
0.999105	0.040332	0.012727	-0.042266	0.941402	0.334627	0.001515	-0.334866	0.942265
0.999127	0.039353	0.013993	-0.041767	0.942489	0.331617	-0.000138	-0.331912	0.943310
0.999119	0.039275	0.014813	-0.041962	0.943478	0.328769	-0.001063	-0.329101	0.944294
0.999094	0.039871	0.014867	-0.042541	0.943775	0.327839	-0.000960	-0.328175	0.944617
0.999077	0.040414	0.014568	-0.042957	0.943692	0.328024	-0.000491	-0.328347	0.944557
0.999075	0.040590	0.014192	-0.042999	0.943571	0.328368	-0.000063	-0.328674	0.944443
0.999065	0.040909	0.013991	-0.043235	0.943448	0.328690	0.000246	-0.328988	0.944334
