0.999622	-0.026735	-0.006455	0.027397	0.947281	0.319231	-0.002420	-0.319287	0.947655
0.999614	-0.026973	-0.006729	0.027712	0.947580	0.318314	-0.002209	-0.318377	0.947961
0.999609	-0.026980	-0.007329	0.027910	0.947647	0.318097	-0.001637	-0.318177	0.948030
0.999606	-0.026991	-0.007715	0.028043	0.947560	0.318346	-0.001282	-0.318437	0.947943
0.999602	-0.027072	-0.007972	0.028200	0.947356	0.318937	-0.001082	-0.319035	0.947742
0.999605	-0.026902	-0.008168	0.028101	0.947122	0.319642	-0.000863	-0.319745	0.947503
0.999608	-0.026695	-0.008419	0.027986	0.946931	0.320218	-0.000576	-0.320328	0.947307
0.999603	-0.026737	-0.008904	0.028180	0.946755	0.320720	-0.000145	-0.320843	0.947132
0.999585	-0.027193	-0.009543	0.028818	0.946616	0.321073	0.000302	-0.321214	0.947007
0.999554	-0.028049	-0.010236	0.029851	0.946372	0.321697	0.000664	-0.321860	0.946787
0.999542	-0.028511	-0.010122	0.030252	0.946093	0.322480	0.000382	-0.322638	0.946522
0.999530	-0.028691	-0.010777	0.030634	0.945879	0.323069	0.000924	-0.323247	0.946314
0.999528	-0.028531	-0.011420	0.030691	0.945754	0.323431	0.001573	-0.323629	0.946183
0.999538	-0.028152	-0.011444	0.030340	0.945858	0.323159	0.001727	-0.323357	0.946276
0.999553	-0.027650	-0.011400	0.029849	0.946141	0.322377	0.001872	-0.322573	0.946543
0.999567	-0.027209	-0.011226	0.029374	0.946420	0.321600	0.001874	-0.321790	0.946809
0.999573	-0.027051	-0.011039	0.029164	0.946657	0.320921	0.001769	-0.321106	0.947042
0.999579	-0.026941	-0.010817	0.028987	0.946763	0.320623	0.001603	-0.320802	0.947145
0.999579	-0.026694	-0.011338	0.028920	0.946772	0.320604	0.002176	-0.320797	0.947145
0.999592	-0.025734	-0.012376	0.028345	0.946668	0.320963	0.003456	-0.321183	0.947011
0.999608	-0.024569	-0.013399	0.027570	0.946743	0.320807	0.004804	-0.321050	0.947050
0.999620	-0.024016	-0.013508	0.027078	0.946938	0.320272	0.005100	-0.320517	0.947229
0.999618	-0.024136	-0.013462	0.027175	0.947090	0.319816	0.005031	-0.320060	0.947384
0.999608	-0.024789	-0.013033	0.027656	0.947035	0.319938	0.004412	-0.320173	0.947349
0.999603	-0.025393	-0.012173	0.027957	0.946741	0.320780	0.003379	-0.320993	0.947076
