0.998607	-0.046816	0.024334	0.037573	0.954771	0.294959	-0.037042	-0.293634	0.955200
0.998604	-0.047034	0.024024	0.037846	0.954543	0.295661	-0.036838	-0.294339	0.954991
0.998598	-0.046885	0.024559	0.037509	0.954259	0.296618	-0.037343	-0.295281	0.954680
0.998618	-0.046823	0.023862	0.037632	0.954067	0.297222	-0.036682	-0.295913	0.954510
0.998605	-0.046955	0.024154	0.037655	0.953932	0.297651	-0.037017	-0.296326	0.954369
0.998600	-0.046969	0.024312	0.037613	0.953868	0.297861	-0.037181	-0.296530	0.954300
0.998611	-0.046758	0.024280	0.037407	0.953761	0.298229	-0.037101	-0.296906	0.954186
0.998609	-0.046855	0.024173	0.037516	0.953634	0.298620	-0.037044	-0.297298	0.954066
0.998591	-0.047367	0.023925	0.038069	0.953533	0.298874	-0.036970	-0.297542	0.953993
0.998570	-0.047901	0.023747	0.038627	0.953471	0.299001	-0.036964	-0.297656	0.953957
0.998568	-0.048390	0.022799	0.039386	0.953517	0.298756	-0.036196	-0.297430	0.954057
0.998548	-0.048768	0.022893	0.039739	0.953667	0.298229	-0.036376	-0.296886	0.954220
0.998529	-0.049231	0.022701	0.040254	0.953780	0.297798	-0.036312	-0.296447	0.954359
0.998519	-0.049771	0.021991	0.040974	0.953694	0.297976	-0.035803	-0.296634	0.954320
0.998504	-0.050350	0.021319	0.041719	0.953592	0.298198	-0.035344	-0.296863	0.954266
0.998480	-0.050951	0.021034	0.042380	0.953588	0.298118	-0.035247	-0.296773	0.954297
0.998449	-0.051427	0.021317	0.042765	0.953694	0.297722	-0.035641	-0.296349	0.954414
0.998441	-0.051512	0.021474	0.042812	0.953784	0.297429	-0.035803	-0.296046	0.954503
0.998450	-0.051246	0.021711	0.042494	0.953858	0.297236	-0.035942	-0.295853	0.954557
0.998465	-0.050849	0.021968	0.042032	0.953822	0.297416	-0.036077	-0.296036	0.954495
0.998472	-0.050595	0.022237	0.041700	0.953764	0.297649	-0.036268	-0.296267	0.954416
0.998479	-0.050340	0.022506	0.041368	0.953706	0.297881	-0.036460	-0.296497	0.954338
0.998491	-0.050006	0.022701	0.040986	0.953678	0.298024	-0.036553	-0.296644	0.954288
0.998488	-0.049492	0.023918	0.040123	0.953626	0.298307	-0.037572	-0.296896	0.954170
0.998420	-0.049795	0.026057	0.039786	0.953712	0.298079	-0.039693	-0.296572	0.954185
