0.999217	0.020445	0.033874	-0.031283	0.932415	0.360032	-0.024224	-0.360809	0.932325
0.999209	0.020626	0.033992	-0.031491	0.932465	0.359886	-0.024274	-0.360672	0.932377
0.999212	0.020830	0.033785	-0.031600	0.932574	0.359593	-0.024016	-0.360377	0.932497
0.999227	0.020818	0.033349	-0.031432	0.932570	0.359619	-0.023614	-0.360389	0.932503
0.999247	0.020518	0.032940	-0.031007	0.932534	0.359749	-0.023336	-0.360499	0.932468
0.999255	0.020212	0.032889	-0.030706	0.932501	0.359859	-0.023396	-0.360601	0.932427
0.999251	0.020357	0.032898	-0.030845	0.932485	0.359888	-0.023350	-0.360633	0.932415
0.999243	0.020873	0.032828	-0.031300	0.932501	0.359809	-0.023102	-0.360564	0.932448
0.999236	0.021429	0.032699	-0.031767	0.932563	0.359606	-0.022788	-0.360370	0.932531
0.999245	0.021510	0.032346	-0.031705	0.932735	0.359166	-0.022445	-0.359921	0.932713
0.999273	0.021223	0.031670	-0.031182	0.932935	0.358691	-0.021933	-0.359418	0.932919
0.999268	0.021122	0.031884	-0.031147	0.933223	0.357945	-0.022195	-0.358676	0.933198
0.999288	0.021155	0.031246	-0.030928	0.933581	0.357029	-0.021618	-0.357741	0.933571
0.999311	0.020584	0.030878	-0.030240	0.933973	0.356063	-0.021510	-0.356751	0.933952
0.999312	0.019765	0.031397	-0.029630	0.934465	0.354819	-0.022326	-0.355505	0.934408
0.999292	0.019331	0.032272	-0.029502	0.934991	0.353441	-0.023341	-0.354143	0.934900
0.999260	0.019687	0.033036	-0.030072	0.935468	0.352129	-0.023972	-0.352861	0.935368
0.999220	0.020782	0.033592	-0.031274	0.935708	0.351387	-0.024130	-0.352163	0.935628
0.999185	0.021541	0.034146	-0.032182	0.935635	0.351500	-0.024376	-0.352312	0.935565
0.999170	0.021717	0.034452	-0.032478	0.935310	0.352337	-0.024572	-0.353163	0.935239
0.999169	0.021618	0.034560	-0.032461	0.934763	0.353786	-0.024658	-0.354614	0.934688
0.999167	0.021602	0.034615	-0.032504	0.934213	0.355231	-0.024664	-0.356060	0.934137
0.999174	0.021780	0.034302	-0.032599	0.933626	0.356763	-0.024255	-0.357586	0.933565
0.999190	0.021777	0.033848	-0.032474	0.933020	0.358357	-0.023777	-0.359166	0.932971
0.999199	0.021452	0.033783	-0.032181	0.932526	0.359666	-0.023788	-0.360465	0.932469
