0.999830	0.006989	0.017062	-0.011930	0.950779	0.309640	-0.014058	-0.309791	0.950701
0.999789	0.008246	0.018815	-0.013678	0.950559	0.310243	-0.015326	-0.310435	0.950471
0.999776	0.008429	0.019435	-0.014057	0.950326	0.310938	-0.015849	-0.311141	0.950231
0.999790	0.007899	0.018934	-0.013401	0.950238	0.311237	-0.015533	-0.311425	0.950144
0.999808	0.006970	0.018322	-0.012328	0.950256	0.311227	-0.015241	-0.311393	0.950159
0.999819	0.006124	0.018033	-0.011418	0.950592	0.310234	-0.015242	-0.310384	0.950489
0.999821	0.005484	0.018135	-0.010823	0.950956	0.309136	-0.015551	-0.309277	0.950845
0.999811	0.004839	0.018842	-0.010418	0.951142	0.308578	-0.016428	-0.308716	0.951012
0.999789	0.004623	0.020012	-0.010577	0.951100	0.308702	-0.017606	-0.308849	0.950948
0.999778	0.005359	0.020381	-0.011405	0.950862	0.309406	-0.017722	-0.309569	0.950712
0.999769	0.006393	0.020516	-0.012451	0.950460	0.310598	-0.017514	-0.310782	0.950320
0.999764	0.007196	0.020480	-0.013222	0.950108	0.311640	-0.017216	-0.311838	0.949979
0.999766	0.007481	0.020274	-0.013446	0.949805	0.312552	-0.016918	-0.312752	0.949684
0.999777	0.007454	0.019758	-0.013270	0.949568	0.313280	-0.016426	-0.313473	0.949455
0.999779	0.007780	0.019515	-0.013519	0.949278	0.314147	-0.016081	-0.314342	0.949174
0.999753	0.008082	0.020726	-0.014195	0.949114	0.314611	-0.017128	-0.314828	0.948994
0.999693	0.006884	0.023784	-0.014002	0.949400	0.313756	-0.020421	-0.313993	0.949206
0.999603	0.005060	0.027702	-0.013454	0.950000	0.311960	-0.024739	-0.312209	0.949691
0.999520	0.004116	0.030693	-0.013426	0.950728	0.309735	-0.027906	-0.309998	0.950328
0.999461	0.005340	0.032380	-0.015028	0.951608	0.306946	-0.029174	-0.307267	0.951176
0.999471	0.008291	0.031436	-0.017466	0.952474	0.304118	-0.027420	-0.304506	0.952116
0.999525	0.010482	0.028993	-0.018768	0.952971	0.302480	-0.024459	-0.302881	0.952715
0.999601	0.010410	0.026253	-0.017864	0.953049	0.302289	-0.021874	-0.302638	0.952855
0.999675	0.008050	0.024186	-0.015019	0.952653	0.303689	-0.020596	-0.303954	0.952464
0.999716	0.005670	0.023146	-0.012473	0.952114	0.305489	-0.020306	-0.305691	0.951914
