0.999853	-0.016494	0.004617	0.014130	0.946680	0.321866	-0.009679	-0.321754	0.946774
0.999859	-0.016273	0.004062	0.014095	0.946513	0.322357	-0.009091	-0.322254	0.946609
0.999859	-0.016224	0.004279	0.013977	0.946430	0.322606	-0.009284	-0.322501	0.946524
0.999862	-0.016143	0.004036	0.013979	0.946446	0.322559	-0.009027	-0.322458	0.946541
0.999868	-0.015851	0.003523	0.013867	0.946411	0.322668	-0.008449	-0.322576	0.946506
0.999878	-0.015317	0.003202	0.013465	0.946413	0.322678	-0.007973	-0.322595	0.946504
0.999889	-0.014612	0.003011	0.012857	0.946350	0.322888	-0.007567	-0.322813	0.946432
0.999901	-0.013714	0.003049	0.011992	0.946193	0.323381	-0.007320	-0.323312	0.946264
0.999912	-0.012934	0.003022	0.011257	0.945974	0.324048	-0.007050	-0.323986	0.946036
0.999916	-0.012508	0.003444	0.010714	0.945801	0.324568	-0.007317	-0.324504	0.945856
0.999916	-0.012481	0.003391	0.010704	0.945730	0.324777	-0.007260	-0.324713	0.945785
0.999907	-0.012982	0.004193	0.010918	0.945790	0.324596	-0.008180	-0.324520	0.945843
0.999892	-0.013723	0.005299	0.011266	0.946001	0.323968	-0.009459	-0.323873	0.946053
0.999869	-0.014790	0.006526	0.011893	0.946431	0.322688	-0.010949	-0.322568	0.946483
0.999830	-0.016395	0.008397	0.012829	0.946915	0.321229	-0.013218	-0.321067	0.946964
0.999739	-0.019683	0.011600	0.014946	0.947441	0.319581	-0.017281	-0.319324	0.947488
0.999645	-0.022823	0.013748	0.017236	0.947421	0.319526	-0.020318	-0.319176	0.947478
0.999624	-0.024157	0.012959	0.018702	0.946595	0.321882	-0.020043	-0.321518	0.946691
0.999659	-0.023477	0.011420	0.018493	0.945538	0.324987	-0.018428	-0.324665	0.945649
0.999697	-0.022252	0.010536	0.017586	0.944887	0.326924	-0.017229	-0.326640	0.944992
0.999738	-0.020948	0.009175	0.016795	0.944828	0.327136	-0.015522	-0.326896	0.944933
0.999772	-0.020044	0.007411	0.016530	0.945142	0.326241	-0.013544	-0.326044	0.945258
0.999782	-0.020183	0.005400	0.017335	0.945632	0.324777	-0.011661	-0.324613	0.945775
0.999779	-0.020600	0.004209	0.018128	0.945969	0.323749	-0.010651	-0.323601	0.946134
0.999780	-0.020652	0.003589	0.018383	0.946108	0.323330	-0.010073	-0.323193	0.946279
0.999791	-0.020136	0.003575	0.017898	0.946084	0.323426	-0.009895	-0.323294	0.946247
