0.998408	0.032038	0.046431	-0.048731	0.904445	0.423797	-0.028416	-0.425385	0.904566
0.998427	0.031888	0.046108	-0.048425	0.904962	0.422728	-0.028246	-0.424296	0.905083
0.998440	0.031448	0.046139	-0.047995	0.905646	0.421309	-0.028536	-0.422866	0.905743
0.998453	0.030925	0.046203	-0.047502	0.906328	0.419896	-0.028890	-0.421442	0.906395
0.998457	0.030516	0.046392	-0.047165	0.906996	0.418490	-0.029306	-0.420032	0.907036
0.998437	0.030478	0.046853	-0.047272	0.907726	0.416891	-0.029824	-0.418454	0.907748
0.998403	0.030847	0.047326	-0.047754	0.908426	0.415310	-0.030181	-0.416907	0.908448
0.998390	0.031457	0.047194	-0.048204	0.909085	0.413812	-0.029886	-0.415421	0.909138
0.998382	0.031928	0.047059	-0.048551	0.909433	0.413006	-0.029611	-0.414623	0.909512
0.998405	0.031723	0.046701	-0.048205	0.909592	0.412696	-0.029387	-0.414289	0.909671
0.998509	0.031480	0.044599	-0.047125	0.909453	0.413128	-0.027555	-0.414614	0.909580
0.998621	0.030871	0.042458	-0.045687	0.909435	0.413330	-0.025853	-0.414699	0.909591
0.998634	0.030464	0.042446	-0.045311	0.909463	0.413308	-0.026012	-0.414667	0.909601
0.998622	0.030238	0.042892	-0.045300	0.909308	0.413651	-0.026494	-0.415024	0.909424
0.998613	0.030235	0.043114	-0.045425	0.908757	0.414846	-0.026638	-0.416229	0.908870
0.998608	0.030608	0.042967	-0.045761	0.907815	0.416867	-0.026247	-0.418253	0.907951
0.998594	0.031485	0.042640	-0.046491	0.906646	0.419323	-0.025457	-0.420716	0.906835
0.998533	0.032825	0.043065	-0.047953	0.905461	0.421712	-0.025151	-0.423158	0.905707
0.998463	0.034230	0.043595	-0.049490	0.904730	0.423101	-0.024959	-0.424609	0.905033
0.998373	0.035389	0.044709	-0.051037	0.904260	0.423921	-0.025426	-0.425513	0.904595
0.998285	0.036183	0.046026	-0.052325	0.904066	0.424177	-0.026262	-0.425858	0.904409
0.998199	0.036571	0.047552	-0.053310	0.904283	0.423593	-0.027509	-0.425365	0.904604
0.998112	0.036723	0.049226	-0.054119	0.904833	0.422313	-0.029032	-0.424180	0.905112
0.998055	0.036533	0.050521	-0.054454	0.905420	0.421011	-0.030362	-0.422943	0.905648
0.998010	0.036174	0.051641	-0.054570	0.905854	0.420060	-0.031584	-0.422043	0.906026
0.998025	0.035809	0.051621	-0.054236	0.905791	0.420239	-0.031709	-0.422209	0.905944
