0.924988	0.218385	0.310975	-0.134684	0.953650	-0.269094	-0.355328	0.207025	0.911528
0.925415	0.218745	0.309448	-0.135755	0.953747	-0.268211	-0.353805	0.206197	0.912307
0.925495	0.219219	0.308871	-0.136484	0.953720	-0.267937	-0.353313	0.205818	0.912583
0.925757	0.218194	0.308814	-0.135555	0.953935	-0.267642	-0.352987	0.205910	0.912689
0.925811	0.216926	0.309543	-0.133991	0.954093	-0.267869	-0.353440	0.206520	0.912376
0.925403	0.215797	0.311546	-0.132452	0.954374	-0.267632	-0.355086	0.206403	0.911763
0.924664	0.213770	0.315119	-0.129719	0.954888	-0.267136	-0.358009	0.206134	0.910680
0.924229	0.211798	0.317714	-0.127460	0.955464	-0.266161	-0.359937	0.205498	0.910064
0.924025	0.211488	0.318513	-0.127582	0.955889	-0.264572	-0.360417	0.203834	0.910248
0.923574	0.212437	0.319188	-0.128287	0.955710	-0.264877	-0.361321	0.203686	0.909922
0.923011	0.213569	0.320060	-0.128848	0.955350	-0.265904	-0.362558	0.204193	0.909317
0.922696	0.214132	0.320591	-0.128899	0.955058	-0.266926	-0.363341	0.204968	0.908830
0.922843	0.214290	0.320063	-0.129008	0.954919	-0.267369	-0.362929	0.205449	0.908886
0.923048	0.213878	0.319749	-0.128556	0.954910	-0.267618	-0.362569	0.205918	0.908923
0.923173	0.213540	0.319614	-0.128243	0.954956	-0.267606	-0.362362	0.206058	0.908974
0.923339	0.213394	0.319231	-0.128483	0.955135	-0.266850	-0.361853	0.205377	0.909331
0.923598	0.213050	0.318710	-0.128383	0.955243	-0.266513	-0.361226	0.205234	0.909612
0.923862	0.212718	0.318167	-0.127941	0.955143	-0.267081	-0.360708	0.206040	0.909636
0.924061	0.212124	0.317987	-0.127099	0.955065	-0.267762	-0.360497	0.207013	0.909499
0.924512	0.211821	0.316875	-0.126865	0.954966	-0.268226	-0.359421	0.207778	0.909750
0.924995	0.212240	0.315180	-0.127567	0.954780	-0.268556	-0.357926	0.208206	0.910241
0.925218	0.212641	0.314254	-0.128101	0.954638	-0.268807	-0.357158	0.208449	0.910487
0.925253	0.213045	0.313877	-0.128683	0.954614	-0.268612	-0.356858	0.208144	0.910675
0.925381	0.213645	0.313089	-0.129555	0.954544	-0.268443	-0.356209	0.207850	0.910996
