0.904615	0.323061	0.278034	-0.246287	0.928580	-0.277638	-0.347871	0.182679	0.919573
0.904564	0.322779	0.278528	-0.245818	0.928641	-0.277848	-0.348336	0.182864	0.919360
0.904578	0.322875	0.278373	-0.245823	0.928542	-0.278175	-0.348296	0.183201	0.919308
0.904563	0.323274	0.277957	-0.246210	0.928354	-0.278461	-0.348062	0.183449	0.919347
0.904494	0.323646	0.277747	-0.246703	0.928277	-0.278280	-0.347890	0.183181	0.919466
0.904916	0.323549	0.276482	-0.246980	0.928296	-0.277969	-0.346594	0.183253	0.919941
0.905172	0.323571	0.275618	-0.247149	0.928227	-0.278049	-0.345805	0.183563	0.920176
0.905224	0.323804	0.275173	-0.247497	0.928149	-0.278000	-0.345419	0.183548	0.920324
0.905227	0.324430	0.274427	-0.248275	0.927929	-0.278043	-0.344854	0.183558	0.920534
0.905115	0.324915	0.274222	-0.248675	0.927711	-0.278413	-0.344859	0.183803	0.920483
0.904962	0.324976	0.274653	-0.248569	0.927674	-0.278629	-0.345336	0.183879	0.920289
0.904588	0.325609	0.275135	-0.249337	0.927641	-0.278052	-0.345763	0.182921	0.920319
0.904513	0.326085	0.274818	-0.250401	0.927762	-0.276689	-0.345190	0.181454	0.920825
0.904662	0.325587	0.274917	-0.250337	0.928151	-0.275440	-0.344844	0.180358	0.921170
0.904882	0.324374	0.275626	-0.249167	0.928637	-0.274861	-0.345115	0.180040	0.921131
0.905034	0.323729	0.275885	-0.248515	0.928860	-0.274698	-0.345186	0.180049	0.921102
0.905206	0.323671	0.275388	-0.248711	0.928931	-0.274280	-0.344593	0.179787	0.921375
0.905300	0.323434	0.275359	-0.248693	0.929110	-0.273691	-0.344360	0.179292	0.921559
0.905418	0.323911	0.274409	-0.249581	0.929036	-0.273132	-0.343406	0.178812	0.922008
0.905197	0.325222	0.273586	-0.251218	0.928696	-0.272787	-0.342795	0.178196	0.922355
0.904676	0.326060	0.274310	-0.251785	0.928425	-0.273187	-0.343752	0.178079	0.922021
0.904269	0.325260	0.276593	-0.250282	0.928651	-0.273800	-0.345914	0.178363	0.921157
0.903843	0.324722	0.278610	-0.248902	0.928689	-0.274925	-0.348016	0.179142	0.920214
0.903558	0.324633	0.279638	-0.248225	0.928573	-0.275928	-0.349239	0.179903	0.919601
0.903417	0.324679	0.280040	-0.248140	0.928556	-0.276063	-0.349664	0.179911	0.919438
