0.907805	0.287548	0.305296	-0.207665	0.940641	-0.268459	-0.364368	0.180309	0.913632
0.907608	0.288154	0.305310	-0.208019	0.940368	-0.269139	-0.364658	0.180762	0.913427
0.907801	0.288849	0.304080	-0.208849	0.940082	-0.269495	-0.363703	0.181140	0.913733
0.908202	0.288875	0.302855	-0.209224	0.940069	-0.269251	-0.362485	0.181169	0.914212
0.908490	0.288763	0.302097	-0.209317	0.940086	-0.269118	-0.361708	0.181257	0.914502
0.908566	0.288486	0.302132	-0.209161	0.940221	-0.268769	-0.361607	0.181000	0.914592
0.908690	0.288083	0.302145	-0.208894	0.940390	-0.268383	-0.361450	0.180760	0.914702
0.908732	0.288157	0.301948	-0.209146	0.940432	-0.268040	-0.361199	0.180425	0.914867
0.908849	0.288144	0.301607	-0.209292	0.940464	-0.267816	-0.360820	0.180280	0.915045
0.908895	0.288140	0.301471	-0.209371	0.940486	-0.267674	-0.360657	0.180169	0.915132
0.909013	0.287887	0.301357	-0.209240	0.940593	-0.267400	-0.360435	0.180015	0.915249
0.909162	0.287358	0.301412	-0.208769	0.940762	-0.267176	-0.360332	0.179981	0.915296
0.909348	0.287291	0.300915	-0.208859	0.940784	-0.267029	-0.359811	0.179973	0.915503
0.909486	0.288286	0.299544	-0.210218	0.940518	-0.266896	-0.358669	0.179769	0.915991
0.909500	0.289778	0.298058	-0.212090	0.940118	-0.266827	-0.357531	0.179464	0.916496
0.909672	0.290750	0.296583	-0.213354	0.939803	-0.266926	-0.356339	0.179538	0.916945
0.909896	0.290324	0.296314	-0.212828	0.939820	-0.267287	-0.356082	0.180139	0.916927
0.909931	0.289873	0.296645	-0.212072	0.939828	-0.267861	-0.356441	0.180825	0.916653
0.909847	0.289948	0.296831	-0.212211	0.939869	-0.267606	-0.356574	0.180490	0.916667
0.909671	0.290868	0.296468	-0.213440	0.939740	-0.267079	-0.356288	0.179676	0.916938
0.909491	0.291414	0.296488	-0.214236	0.939732	-0.266471	-0.356272	0.178834	0.917109
0.909286	0.291006	0.297514	-0.213710	0.939926	-0.266209	-0.357110	0.178478	0.916852
0.909068	0.290610	0.298566	-0.213060	0.940053	-0.266283	-0.358053	0.178457	0.916489
0.909077	0.290622	0.298525	-0.213027	0.940021	-0.266421	-0.358048	0.178603	0.916462
0.908884	0.291029	0.298716	-0.213124	0.939793	-0.267148	-0.358479	0.179143	0.916188
