0.908572	0.301052	0.289593	-0.226876	0.937732	-0.263034	-0.350747	0.173284	0.920298
0.908659	0.300761	0.289623	-0.226407	0.937725	-0.263461	-0.350826	0.173823	0.920167
0.908753	0.300487	0.289614	-0.226010	0.937735	-0.263767	-0.350840	0.174243	0.920082
0.908832	0.300229	0.289633	-0.225592	0.937727	-0.264153	-0.350903	0.174731	0.919965
0.908832	0.300132	0.289734	-0.225349	0.937694	-0.264476	-0.351059	0.175074	0.919841
0.908749	0.300041	0.290088	-0.225279	0.937780	-0.264232	-0.351319	0.174770	0.919799
0.908599	0.300360	0.290228	-0.225856	0.937844	-0.263512	-0.351337	0.173877	0.919962
0.908352	0.300668	0.290681	-0.226204	0.937847	-0.263199	-0.351750	0.173324	0.919908
0.908512	0.300505	0.290349	-0.225959	0.937802	-0.263571	-0.351494	0.173850	0.919906
0.908505	0.300295	0.290589	-0.225402	0.937720	-0.264339	-0.351871	0.174654	0.919610
0.908229	0.300440	0.291299	-0.225223	0.937624	-0.264834	-0.352696	0.174923	0.919243
0.907799	0.301044	0.292016	-0.225551	0.937431	-0.265236	-0.353592	0.174917	0.918900
0.907337	0.301819	0.292653	-0.225767	0.937042	-0.266425	-0.354640	0.175666	0.918353
0.907117	0.302017	0.293130	-0.225651	0.936903	-0.267010	-0.355275	0.176064	0.918031
0.906874	0.302428	0.293455	-0.225774	0.936698	-0.267624	-0.355816	0.176447	0.917748
0.906433	0.303183	0.294039	-0.226237	0.936439	-0.268138	-0.356645	0.176526	0.917411
0.906437	0.303531	0.293667	-0.226726	0.936361	-0.267997	-0.356324	0.176341	0.917571
0.906237	0.303521	0.294295	-0.226475	0.936337	-0.268295	-0.356993	0.176489	0.917283
0.906173	0.303519	0.294494	-0.226200	0.936231	-0.268896	-0.357330	0.177052	0.917043
0.906287	0.303788	0.293865	-0.226536	0.936100	-0.269068	-0.356826	0.177282	0.917195
0.906269	0.304511	0.293171	-0.227368	0.935859	-0.269205	-0.356343	0.177314	0.917376
0.906157	0.305035	0.292973	-0.227918	0.935703	-0.269283	-0.356276	0.177239	0.917417
0.906080	0.304961	0.293289	-0.227920	0.935807	-0.268919	-0.356471	0.176815	0.917423
0.906185	0.304563	0.293377	-0.227664	0.935997	-0.268476	-0.356367	0.176498	0.917524
0.906405	0.304269	0.293001	-0.227536	0.936103	-0.268214	-0.355889	0.176442	0.917721
0.906555	0.304053	0.292764	-0.227307	0.936119	-0.268351	-0.355655	0.176728	0.917756
