0.908745	0.286664	0.303326	-0.206268	0.940308	-0.270692	-0.362817	0.183424	0.913630
0.908635	0.287173	0.303173	-0.206746	0.940145	-0.270895	-0.362820	0.183465	0.913620
0.908456	0.287929	0.302994	-0.207329	0.939845	-0.271488	-0.362937	0.183816	0.913504
0.908323	0.288847	0.302517	-0.208304	0.939575	-0.271676	-0.362710	0.183754	0.913606
0.908399	0.289337	0.301821	-0.209099	0.939503	-0.271314	-0.362063	0.183351	0.913943
0.908615	0.288997	0.301497	-0.208954	0.939638	-0.270959	-0.361605	0.183198	0.914156
0.908758	0.288618	0.301428	-0.208621	0.939744	-0.270847	-0.361436	0.183251	0.914212
0.908896	0.288557	0.301070	-0.208736	0.939794	-0.270584	-0.361023	0.183089	0.914407
0.908993	0.288520	0.300812	-0.208948	0.939891	-0.270085	-0.360655	0.182651	0.914640
0.909114	0.289126	0.299863	-0.209909	0.939778	-0.269734	-0.359791	0.182275	0.915055
0.908978	0.288090	0.301270	-0.209073	0.940345	-0.268403	-0.360622	0.180985	0.914984
0.908653	0.286850	0.303425	-0.207279	0.940693	-0.268574	-0.362471	0.181147	0.914221
0.908823	0.285288	0.304387	-0.205939	0.941327	-0.267381	-0.362808	0.180316	0.914252
0.909292	0.284709	0.303526	-0.205846	0.941584	-0.266545	-0.361683	0.179888	0.914782
0.909306	0.284784	0.303416	-0.205462	0.941321	-0.267768	-0.361868	0.181143	0.914461
0.909068	0.284230	0.304647	-0.204166	0.941266	-0.268950	-0.363197	0.182295	0.913705
0.908989	0.284081	0.305021	-0.204206	0.941452	-0.268268	-0.363372	0.181565	0.913780
0.908828	0.284604	0.305011	-0.204919	0.941419	-0.267842	-0.363372	0.180919	0.913909
0.908625	0.284861	0.305377	-0.205331	0.941486	-0.267290	-0.363648	0.180163	0.913948
0.908864	0.284036	0.305435	-0.204622	0.941753	-0.266892	-0.363451	0.180070	0.914045
0.909030	0.283604	0.305343	-0.204048	0.941774	-0.267255	-0.363359	0.180638	0.913969
0.909220	0.283599	0.304778	-0.203787	0.941564	-0.268194	-0.363028	0.181738	0.913883
0.909183	0.284051	0.304470	-0.204104	0.941342	-0.268733	-0.362944	0.182184	0.913827
0.909064	0.285101	0.303841	-0.205131	0.940981	-0.269213	-0.362662	0.182405	0.913895
0.908935	0.286017	0.303365	-0.206000	0.940664	-0.269659	-0.362492	0.182609	0.913922
