0.941704	0.148495	0.301899	-0.065264	0.960908	-0.269065	-0.330052	0.233676	0.914582
0.941746	0.148915	0.301560	-0.065820	0.960901	-0.268955	-0.329821	0.233439	0.914726
0.941920	0.149598	0.300678	-0.066821	0.960889	-0.268750	-0.329123	0.233050	0.915077
0.941997	0.151104	0.299682	-0.068503	0.960684	-0.269062	-0.328556	0.232927	0.915312
0.942016	0.152003	0.299167	-0.069249	0.960391	-0.269914	-0.328345	0.233546	0.915230
0.941522	0.151488	0.300977	-0.068026	0.960302	-0.270540	-0.330012	0.234245	0.914451
0.941059	0.150545	0.302892	-0.066507	0.960365	-0.270695	-0.331639	0.234596	0.913773
0.940969	0.150135	0.303376	-0.065875	0.960341	-0.270934	-0.332021	0.234956	0.913541
0.941082	0.149974	0.303106	-0.065753	0.960328	-0.271011	-0.331726	0.235114	0.913608
0.941121	0.149690	0.303124	-0.065399	0.960306	-0.271174	-0.331684	0.235384	0.913554
0.941101	0.149966	0.303049	-0.065645	0.960245	-0.271329	-0.331692	0.235455	0.913532
0.941111	0.150712	0.302648	-0.066574	0.960230	-0.271157	-0.331478	0.235040	0.913717
0.941261	0.150929	0.302073	-0.067086	0.960304	-0.270770	-0.330949	0.234600	0.914022
0.941447	0.150622	0.301647	-0.067059	0.960441	-0.270288	-0.330426	0.234234	0.914305
0.941646	0.150099	0.301285	-0.066785	0.960590	-0.269828	-0.329912	0.233961	0.914560
0.941708	0.149939	0.301172	-0.066811	0.960712	-0.269385	-0.329731	0.233560	0.914728
0.941771	0.150116	0.300886	-0.067268	0.960837	-0.268825	-0.329457	0.232932	0.914987
0.941750	0.150523	0.300748	-0.067904	0.960936	-0.268311	-0.329386	0.232260	0.915183
0.941761	0.150737	0.300606	-0.068236	0.960972	-0.268097	-0.329286	0.231971	0.915292
0.941835	0.150526	0.300481	-0.068135	0.961042	-0.267872	-0.329096	0.231818	0.915399
0.941870	0.150401	0.300435	-0.068123	0.961124	-0.267582	-0.329000	0.231561	0.915499
0.941886	0.150521	0.300325	-0.068308	0.961137	-0.267486	-0.328916	0.231427	0.915563
0.941835	0.150591	0.300449	-0.068330	0.961122	-0.267537	-0.329057	0.231446	0.915508
0.941913	0.150053	0.300474	-0.067671	0.961088	-0.267825	-0.328970	0.231934	0.915415
0.941898	0.149971	0.300561	-0.067311	0.960916	-0.268531	-0.329086	0.232698	0.915180
