0.939748	0.110388	0.323554	-0.023617	0.965135	-0.260684	-0.341050	0.237335	0.909592
0.939868	0.110425	0.323193	-0.023756	0.965135	-0.260672	-0.340710	0.237320	0.909723
0.940000	0.109710	0.323054	-0.023147	0.965213	-0.260437	-0.340389	0.237333	0.909840
0.940154	0.108960	0.322860	-0.022478	0.965265	-0.260305	-0.340008	0.237469	0.909947
0.940215	0.108611	0.322800	-0.022213	0.965327	-0.260098	-0.339857	0.237377	0.910027
0.940234	0.108531	0.322771	-0.022233	0.965394	-0.259846	-0.339803	0.237140	0.910109
0.940359	0.108536	0.322405	-0.022421	0.965451	-0.259620	-0.339445	0.236907	0.910303
0.940510	0.108734	0.321897	-0.022761	0.965443	-0.259618	-0.339002	0.236847	0.910484
0.940569	0.108997	0.321637	-0.022969	0.965344	-0.259970	-0.338826	0.237132	0.910475
0.940520	0.109771	0.321516	-0.023708	0.965262	-0.260205	-0.338910	0.237105	0.910451
0.940390	0.111189	0.321408	-0.025035	0.965115	-0.260627	-0.339175	0.237044	0.910368
0.940226	0.112079	0.321580	-0.025978	0.965145	-0.260424	-0.339559	0.236504	0.910366
0.940173	0.112380	0.321629	-0.026115	0.965026	-0.260849	-0.339695	0.236844	0.910227
0.940001	0.113178	0.321853	-0.026312	0.964613	-0.262354	-0.340156	0.238144	0.909715
0.939591	0.114407	0.322612	-0.026883	0.964243	-0.263653	-0.341241	0.239054	0.909070
0.939280	0.115496	0.323132	-0.027813	0.964183	-0.263776	-0.342023	0.238772	0.908850
0.939094	0.116390	0.323352	-0.028867	0.964294	-0.263257	-0.342447	0.237889	0.908922
0.938915	0.116793	0.323725	-0.029239	0.964324	-0.263106	-0.342905	0.237569	0.908833
0.938913	0.116442	0.323857	-0.028830	0.964327	-0.263139	-0.342944	0.237728	0.908776
0.938963	0.116050	0.323854	-0.028449	0.964353	-0.263085	-0.342841	0.237814	0.908793
0.939113	0.115683	0.323550	-0.028039	0.964282	-0.263388	-0.342463	0.238279	0.908814
0.939123	0.115391	0.323623	-0.027520	0.964153	-0.263916	-0.342476	0.238943	0.908634
0.939104	0.114860	0.323869	-0.026929	0.964184	-0.263864	-0.342576	0.239074	0.908562
0.939164	0.114894	0.323683	-0.027023	0.964188	-0.263839	-0.342405	0.239041	0.908635
0.939238	0.114939	0.323453	-0.027185	0.964222	-0.263699	-0.342190	0.238883	0.908758
