0.866161	0.394472	0.306850	-0.325420	0.911160	-0.252764	-0.379298	0.119079	0.917580
0.865803	0.395137	0.307005	-0.326024	0.910894	-0.252944	-0.379596	0.118908	0.917479
0.865532	0.395568	0.307214	-0.326288	0.910691	-0.253333	-0.379988	0.119027	0.917301
0.865644	0.395682	0.306750	-0.326406	0.910605	-0.253492	-0.379631	0.119308	0.917413
0.865946	0.395398	0.306265	-0.326246	0.910711	-0.253316	-0.379080	0.119440	0.917623
0.866273	0.394827	0.306077	-0.325797	0.910957	-0.253011	-0.378718	0.119458	0.917770
0.866585	0.394138	0.306083	-0.325280	0.911281	-0.252506	-0.378449	0.119255	0.917908
0.866886	0.393480	0.306077	-0.324815	0.911599	-0.251958	-0.378160	0.119001	0.918060
0.867023	0.392562	0.306864	-0.323682	0.911961	-0.252103	-0.378814	0.119253	0.917757
0.867365	0.391915	0.306727	-0.322705	0.912097	-0.252866	-0.378866	0.120344	0.917593
0.867605	0.392238	0.305631	-0.322825	0.911803	-0.253769	-0.378213	0.121506	0.917710
0.867550	0.393081	0.304705	-0.323606	0.911369	-0.254334	-0.377673	0.122043	0.917861
0.867579	0.393554	0.304011	-0.324352	0.911207	-0.253965	-0.376966	0.121728	0.918193
0.867546	0.393799	0.303786	-0.325086	0.911247	-0.252879	-0.376408	0.120628	0.918567
0.867189	0.394222	0.304258	-0.325781	0.911212	-0.252109	-0.376630	0.119505	0.918623
0.866806	0.394713	0.304711	-0.326339	0.911082	-0.251856	-0.377028	0.118871	0.918542
0.866438	0.395454	0.304798	-0.327011	0.910778	-0.252088	-0.377292	0.118746	0.918450
0.866019	0.395913	0.305391	-0.327437	0.910641	-0.252029	-0.377883	0.118265	0.918269
0.866203	0.395587	0.305291	-0.327117	0.910762	-0.252007	-0.377738	0.118424	0.918308
0.866312	0.395157	0.305540	-0.326627	0.910935	-0.252017	-0.377913	0.118528	0.918223
0.866353	0.394944	0.305699	-0.326390	0.911026	-0.251995	-0.378023	0.118540	0.918176
0.866291	0.395440	0.305232	-0.326807	0.910763	-0.252406	-0.377806	0.118905	0.918218
0.866198	0.395922	0.304871	-0.327166	0.910501	-0.252885	-0.377708	0.119306	0.918206
0.865892	0.396278	0.305278	-0.327282	0.910323	-0.253373	-0.378308	0.119482	0.917936
0.865310	0.397004	0.305986	-0.327575	0.909965	-0.254280	-0.379386	0.119798	0.917450
