0.900264	0.330665	0.283170	-0.254969	0.927701	-0.272693	-0.352867	0.173296	0.919485
0.900206	0.330793	0.283204	-0.254852	0.927547	-0.273326	-0.353099	0.173875	0.919287
0.900266	0.330748	0.283066	-0.254673	0.927474	-0.273738	-0.353075	0.174348	0.919207
0.900450	0.330789	0.282433	-0.254646	0.927333	-0.274243	-0.352626	0.175022	0.919251
0.900476	0.330962	0.282147	-0.254811	0.927234	-0.274422	-0.352439	0.175217	0.919285
0.900395	0.331169	0.282164	-0.255336	0.927333	-0.273602	-0.352269	0.174303	0.919524
0.900386	0.331161	0.282202	-0.255700	0.927524	-0.272610	-0.352027	0.173295	0.919808
0.900727	0.330603	0.281766	-0.255371	0.927738	-0.272190	-0.351392	0.173214	0.920066
0.901235	0.329473	0.281465	-0.254219	0.928019	-0.272312	-0.350924	0.173864	0.920121
0.901454	0.329001	0.281317	-0.253584	0.928056	-0.272778	-0.350822	0.174559	0.920029
0.901468	0.329572	0.280603	-0.254362	0.927882	-0.272645	-0.350222	0.174407	0.920286
0.901250	0.330538	0.280167	-0.255613	0.927671	-0.272194	-0.349873	0.173701	0.920553
0.900942	0.330838	0.280801	-0.255911	0.927675	-0.271896	-0.350446	0.173103	0.920447
0.900846	0.331037	0.280876	-0.256240	0.927691	-0.271535	-0.350454	0.172640	0.920531
0.901111	0.331623	0.279330	-0.257441	0.927589	-0.270743	-0.348888	0.172058	0.921235
0.901260	0.332065	0.278322	-0.258266	0.927496	-0.270279	-0.347893	0.171711	0.921676
0.901249	0.332281	0.278101	-0.258597	0.927455	-0.270101	-0.347676	0.171512	0.921794
0.901328	0.332126	0.278028	-0.258526	0.927532	-0.269904	-0.347522	0.171395	0.921874
0.901445	0.331818	0.278016	-0.258305	0.927666	-0.269655	-0.347383	0.171267	0.921951
0.901439	0.331123	0.278863	-0.257110	0.927753	-0.270498	-0.348284	0.172140	0.921448
0.901441	0.330422	0.279688	-0.256038	0.927902	-0.271001	-0.349068	0.172681	0.921050
0.901346	0.330549	0.279844	-0.256070	0.927840	-0.271183	-0.349290	0.172770	0.920949
0.901203	0.331045	0.279717	-0.256584	0.927682	-0.271240	-0.349281	0.172671	0.920971
0.900911	0.331483	0.280141	-0.256905	0.927556	-0.271365	-0.349799	0.172506	0.920805
