0.948385	0.062476	0.310907	0.031584	0.956919	-0.288633	-0.315546	0.283555	0.905554
0.948294	0.063223	0.311033	0.030847	0.956963	-0.288566	-0.315891	0.283240	0.905532
0.948211	0.063492	0.311230	0.030526	0.957069	-0.288247	-0.316170	0.282820	0.905566
0.948202	0.063602	0.311235	0.030402	0.957086	-0.288206	-0.316209	0.282739	0.905577
0.948258	0.064230	0.310936	0.029701	0.957084	-0.288283	-0.316108	0.282602	0.905655
0.948449	0.064956	0.310201	0.029072	0.956814	-0.289244	-0.315593	0.283352	0.905601
0.948502	0.065504	0.309925	0.029098	0.956233	-0.291155	-0.315433	0.285179	0.905083
0.948001	0.065614	0.311430	0.030079	0.955668	-0.292907	-0.316843	0.287043	0.904000
0.947430	0.064798	0.313333	0.032236	0.954965	-0.294961	-0.318335	0.289556	0.902674
0.947435	0.064292	0.313422	0.033167	0.954590	-0.296071	-0.318225	0.290903	0.902280
0.947297	0.063491	0.314003	0.034475	0.954268	-0.296957	-0.318497	0.292132	0.901786
0.947159	0.062705	0.314575	0.035526	0.954166	-0.297163	-0.318790	0.292636	0.901519
0.947217	0.062028	0.314534	0.035967	0.954350	-0.296517	-0.318568	0.292179	0.901746
0.947262	0.061646	0.314474	0.035808	0.954816	-0.295032	-0.318452	0.290734	0.902254
0.947322	0.061612	0.314299	0.035339	0.955224	-0.293766	-0.318326	0.289399	0.902728
0.947937	0.061893	0.312386	0.034106	0.955560	-0.292818	-0.316627	0.288227	0.903699
0.948298	0.061866	0.311294	0.033421	0.955900	-0.291785	-0.315618	0.287103	0.904410
0.948615	0.062265	0.310246	0.032591	0.956010	-0.291518	-0.314750	0.286650	0.904856
0.948876	0.062650	0.309369	0.031973	0.955987	-0.291662	-0.314025	0.286643	0.905110
0.948999	0.062843	0.308953	0.031802	0.955855	-0.292112	-0.313671	0.287039	0.905107
0.949087	0.063184	0.308612	0.031542	0.955694	-0.292667	-0.313430	0.287501	0.905044
0.949181	0.063432	0.308271	0.031241	0.955653	-0.292834	-0.313175	0.287584	0.905106
0.949216	0.063730	0.308104	0.030777	0.955766	-0.292514	-0.313117	0.287141	0.905267
0.949159	0.063840	0.308256	0.030519	0.955947	-0.291949	-0.313314	0.286514	0.905397
0.949247	0.063111	0.308136	0.031090	0.956039	-0.291587	-0.312992	0.286368	0.905555
