0.938067	0.095783	0.332951	-0.001712	0.962293	-0.272010	-0.346450	0.254594	0.902859
0.937988	0.096005	0.333110	-0.001614	0.962088	-0.272736	-0.346665	0.255285	0.902581
0.937976	0.095567	0.333269	-0.001063	0.962047	-0.272881	-0.346698	0.255602	0.902479
0.937971	0.095185	0.333393	-0.000707	0.962100	-0.272696	-0.346714	0.255546	0.902489
0.937893	0.094839	0.333709	-0.000158	0.962025	-0.272962	-0.346924	0.255957	0.902292
0.937900	0.094429	0.333807	0.000454	0.961904	-0.273386	-0.346906	0.256560	0.902127
0.937780	0.094171	0.334215	0.001012	0.961776	-0.273837	-0.347228	0.257137	0.901839
0.937248	0.094300	0.335669	0.001463	0.961658	-0.274246	-0.348660	0.257528	0.901175
0.936872	0.094795	0.336578	0.001657	0.961338	-0.275367	-0.349669	0.258541	0.900493
0.936394	0.093954	0.338140	0.002643	0.961583	-0.274501	-0.350940	0.257935	0.900173
0.935907	0.093217	0.339688	0.003402	0.961911	-0.273342	-0.352230	0.256978	0.899942
0.936262	0.092778	0.338831	0.003377	0.962075	-0.272762	-0.351287	0.256521	0.900441
0.936701	0.092822	0.337601	0.002736	0.962249	-0.272158	-0.350119	0.255854	0.901086
0.936778	0.092560	0.337461	0.002962	0.962249	-0.272153	-0.349912	0.255947	0.901140
0.936916	0.092756	0.337024	0.002611	0.962267	-0.272096	-0.349545	0.255811	0.901321
0.937018	0.093422	0.336556	0.001913	0.962179	-0.272410	-0.349276	0.255897	0.901401
0.936917	0.094257	0.336604	0.001225	0.962067	-0.272811	-0.349550	0.256014	0.901261
0.937016	0.095106	0.336088	0.000334	0.961972	-0.273148	-0.349285	0.256056	0.901352
0.937278	0.095993	0.335105	-0.000754	0.961892	-0.273430	-0.348582	0.256027	0.901632
0.937701	0.096066	0.333898	-0.000973	0.961737	-0.273971	-0.347442	0.256578	0.901916
0.938278	0.095158	0.332533	-0.000209	0.961566	-0.274573	-0.345881	0.257556	0.902237
0.938499	0.094195	0.332186	0.000856	0.961432	-0.275042	-0.345282	0.258411	0.902222
0.938802	0.093938	0.331401	0.000791	0.961505	-0.274786	-0.344456	0.258232	0.902589
0.939193	0.094163	0.330226	0.000013	0.961659	-0.274249	-0.343389	0.257577	0.903182
0.939329	0.093682	0.329976	0.000034	0.961957	-0.273201	-0.343017	0.256637	0.903591
