0.909522	0.273863	0.312680	-0.193853	0.944916	-0.263732	-0.367683	0.179256	0.912511
0.909475	0.273524	0.313112	-0.193592	0.945093	-0.263288	-0.367936	0.178838	0.912491
0.909611	0.272830	0.313322	-0.193022	0.945344	-0.262808	-0.367899	0.178575	0.912557
0.909783	0.272663	0.312968	-0.193215	0.945508	-0.262075	-0.367372	0.177962	0.912889
0.909841	0.272870	0.312620	-0.193623	0.945508	-0.261771	-0.367015	0.177640	0.913096
0.910188	0.272325	0.312084	-0.193013	0.945528	-0.262150	-0.366474	0.178370	0.913171
0.910268	0.271617	0.312469	-0.192082	0.945636	-0.262443	-0.366766	0.178874	0.912955
0.910343	0.271062	0.312732	-0.191391	0.945735	-0.262594	-0.366941	0.179196	0.912822
0.910385	0.270892	0.312757	-0.191263	0.945798	-0.262458	-0.366903	0.179119	0.912852
0.910192	0.270840	0.313363	-0.191091	0.945836	-0.262446	-0.367471	0.178995	0.912648
0.909937	0.270464	0.314427	-0.190533	0.945983	-0.262324	-0.368392	0.178790	0.912317
0.909445	0.270476	0.315837	-0.189940	0.945884	-0.263108	-0.369909	0.179293	0.911604
0.909326	0.270337	0.316298	-0.189554	0.945861	-0.263470	-0.370400	0.179624	0.911339
0.909180	0.270006	0.316998	-0.188925	0.945890	-0.263817	-0.371078	0.179968	0.910995
0.909009	0.269679	0.317767	-0.188309	0.945933	-0.264104	-0.371809	0.180235	0.910644
0.908939	0.270081	0.317626	-0.188759	0.945845	-0.264097	-0.371753	0.180094	0.910695
0.909007	0.270376	0.317180	-0.189306	0.945837	-0.263734	-0.371308	0.179692	0.910956
0.909172	0.270389	0.316694	-0.189686	0.945944	-0.263078	-0.370708	0.179111	0.911315
0.909495	0.270124	0.315995	-0.189731	0.946056	-0.262641	-0.369894	0.178916	0.911684
0.909831	0.270388	0.314800	-0.190447	0.946048	-0.262151	-0.368698	0.178561	0.912238
0.910050	0.270833	0.313782	-0.191332	0.946016	-0.261620	-0.367698	0.178051	0.912741
0.910349	0.270618	0.313097	-0.191407	0.946111	-0.261221	-0.366916	0.177874	0.913090
0.910583	0.269835	0.313094	-0.190715	0.946335	-0.260918	-0.366697	0.177876	0.913178
0.910738	0.269362	0.313051	-0.190229	0.946431	-0.260925	-0.366565	0.178083	0.913190
0.910767	0.269599	0.312761	-0.190490	0.946347	-0.261037	-0.366356	0.178166	0.913258
0.910758	0.270253	0.312222	-0.191364	0.946230	-0.260823	-0.365922	0.177798	0.913504
