0.925951	0.218951	0.307692	-0.134479	0.952533	-0.273122	-0.352888	0.211519	0.911444
0.926035	0.218234	0.307950	-0.134072	0.952881	-0.272108	-0.352823	0.210694	0.911660
0.926024	0.217896	0.308221	-0.134086	0.953193	-0.271007	-0.352846	0.209631	0.911896
0.926056	0.218413	0.307761	-0.135092	0.953319	-0.270060	-0.352379	0.208515	0.912332
0.926120	0.219011	0.307141	-0.136021	0.953310	-0.269627	-0.351851	0.207929	0.912670
0.926033	0.219509	0.307049	-0.136528	0.953217	-0.269697	-0.351886	0.207828	0.912680
0.926045	0.219601	0.306945	-0.136768	0.953272	-0.269382	-0.351759	0.207480	0.912808
0.926130	0.219246	0.306944	-0.136735	0.953519	-0.268522	-0.351550	0.206717	0.913061
0.926433	0.218646	0.306458	-0.136662	0.953845	-0.267400	-0.350780	0.205847	0.913554
0.926545	0.218624	0.306134	-0.137142	0.954089	-0.266282	-0.350295	0.204739	0.913989
0.926450	0.219004	0.306150	-0.137563	0.954053	-0.266195	-0.350381	0.204502	0.914009
0.926579	0.218564	0.306074	-0.137335	0.954236	-0.265654	-0.350129	0.204114	0.914192
0.926622	0.218221	0.306187	-0.136887	0.954250	-0.265836	-0.350191	0.204417	0.914101
0.926644	0.218285	0.306075	-0.136638	0.954038	-0.266724	-0.350229	0.205337	0.913880
0.926466	0.218727	0.306299	-0.136584	0.953712	-0.267914	-0.350721	0.206377	0.913457
0.926199	0.219595	0.306485	-0.137072	0.953376	-0.268858	-0.351235	0.207006	0.913117
0.925869	0.220162	0.307074	-0.137443	0.953268	-0.269053	-0.351959	0.206903	0.912861
0.925835	0.219786	0.307447	-0.136809	0.953242	-0.269468	-0.352296	0.207422	0.912614
0.925675	0.218950	0.308525	-0.135673	0.953389	-0.269524	-0.353156	0.207633	0.912233
0.924474	0.217733	0.312955	-0.132865	0.953412	-0.270837	-0.357345	0.208801	0.910333
0.924327	0.218082	0.313145	-0.132441	0.952936	-0.272715	-0.357881	0.210604	0.909707
0.924464	0.219779	0.311550	-0.134400	0.952536	-0.273150	-0.356795	0.210645	0.910124
0.924084	0.220141	0.312421	-0.134149	0.952268	-0.274208	-0.357872	0.211480	0.909507
0.923857	0.219588	0.313480	-0.133066	0.952231	-0.274864	-0.358863	0.212221	0.908944
