0.939942	0.079564	0.331931	0.017389	0.960029	-0.279359	-0.340890	0.268353	0.900989
0.939830	0.079302	0.332310	0.017751	0.960039	-0.279303	-0.341180	0.268396	0.900866
0.939744	0.079971	0.332394	0.017382	0.959823	-0.280069	-0.341437	0.268971	0.900597
0.939687	0.080662	0.332388	0.016880	0.959674	-0.280610	-0.341618	0.269296	0.900431
0.939508	0.080557	0.332920	0.017241	0.959597	-0.280848	-0.342093	0.269599	0.900160
0.939256	0.080255	0.333701	0.017811	0.959570	-0.280907	-0.342754	0.269787	0.899853
0.939354	0.079660	0.333569	0.018777	0.959243	-0.281957	-0.342435	0.271121	0.899573
0.939662	0.079404	0.332761	0.019008	0.959070	-0.282529	-0.341575	0.271807	0.899693
0.939912	0.079390	0.332059	0.018996	0.958923	-0.283030	-0.340889	0.272331	0.899795
0.940250	0.079928	0.330972	0.018100	0.958949	-0.283001	-0.340005	0.272082	0.900205
0.940434	0.080702	0.330260	0.016969	0.959065	-0.282677	-0.339553	0.271443	0.900568
0.940404	0.081456	0.330159	0.016112	0.959125	-0.282524	-0.339677	0.271007	0.900652
0.940384	0.081918	0.330101	0.015572	0.959173	-0.282390	-0.339757	0.270695	0.900716
0.940245	0.082134	0.330444	0.015318	0.959286	-0.282022	-0.340153	0.270231	0.900706
0.940150	0.082432	0.330640	0.015036	0.959320	-0.281922	-0.340429	0.270020	0.900665
0.940083	0.082905	0.330711	0.014475	0.959406	-0.281657	-0.340637	0.269568	0.900722
0.939945	0.083150	0.331043	0.014172	0.959530	-0.281251	-0.341032	0.269052	0.900726
0.939775	0.082927	0.331580	0.014263	0.959760	-0.280459	-0.341495	0.268298	0.900776
0.939731	0.082815	0.331735	0.014339	0.959826	-0.280230	-0.341615	0.268097	0.900790
0.939823	0.082712	0.331498	0.014255	0.959917	-0.279923	-0.341364	0.267803	0.900973
0.939876	0.081975	0.331531	0.014680	0.960171	-0.279029	-0.341200	0.267119	0.901238
0.940007	0.080349	0.331558	0.016080	0.960354	-0.278318	-0.340776	0.266952	0.901448
0.939587	0.079004	0.333068	0.017953	0.960289	-0.278428	-0.341838	0.267587	0.900857
0.939158	0.078503	0.334395	0.018930	0.960224	-0.278587	-0.342965	0.267967	0.900316
0.939209	0.078612	0.334226	0.018758	0.960234	-0.278565	-0.342834	0.267900	0.900386
