0.926898	0.210541	0.310696	-0.120565	0.950989	-0.284751	-0.355421	0.226476	0.906854
0.926696	0.210109	0.311589	-0.119153	0.950602	-0.286633	-0.356422	0.228495	0.905954
0.926523	0.210457	0.311870	-0.118980	0.950273	-0.287794	-0.356929	0.229541	0.905490
0.926424	0.210687	0.312008	-0.118958	0.950106	-0.288353	-0.357193	0.230021	0.905264
0.926332	0.211561	0.311690	-0.119716	0.949840	-0.288914	-0.357179	0.230316	0.905195
0.926376	0.212289	0.311066	-0.120624	0.949724	-0.288919	-0.356761	0.230125	0.905408
0.926673	0.212065	0.310330	-0.120777	0.949852	-0.288433	-0.355934	0.229803	0.905815
0.927077	0.211942	0.309208	-0.121275	0.950046	-0.287584	-0.354713	0.229113	0.906469
0.927030	0.212735	0.308804	-0.122347	0.950028	-0.287189	-0.354467	0.228451	0.906732
0.926995	0.213616	0.308300	-0.123557	0.950009	-0.286734	-0.354139	0.227709	0.907047
0.927046	0.214254	0.307701	-0.124517	0.950001	-0.286345	-0.353667	0.227141	0.907373
0.927126	0.214465	0.307315	-0.124891	0.949998	-0.286193	-0.353327	0.226957	0.907552
0.927218	0.214192	0.307228	-0.124692	0.950069	-0.286044	-0.353156	0.226916	0.907629
0.927070	0.214071	0.307758	-0.124520	0.950159	-0.285818	-0.353605	0.226651	0.907520
0.926995	0.214225	0.307878	-0.124924	0.950320	-0.285107	-0.353660	0.225831	0.907703
0.927003	0.214451	0.307694	-0.125432	0.950429	-0.284519	-0.353457	0.225156	0.907950
0.927126	0.214219	0.307486	-0.125442	0.950577	-0.284019	-0.353132	0.224750	0.908177
0.927340	0.213428	0.307391	-0.124846	0.950803	-0.283527	-0.352781	0.224549	0.908363
0.927520	0.212629	0.307401	-0.124292	0.951081	-0.282836	-0.352503	0.224129	0.908575
0.927513	0.212297	0.307653	-0.123766	0.951056	-0.283150	-0.352707	0.224548	0.908392
0.927559	0.212639	0.307277	-0.123412	0.950486	-0.285211	-0.352709	0.226628	0.907874
0.927448	0.213526	0.306996	-0.123749	0.949944	-0.286866	-0.352882	0.228062	0.907448
0.927301	0.214331	0.306879	-0.124060	0.949481	-0.288263	-0.353159	0.229235	0.907045
0.927248	0.214758	0.306742	-0.124154	0.949172	-0.289237	-0.353267	0.230111	0.906781
0.927223	0.215047	0.306614	-0.124270	0.948991	-0.289782	-0.353291	0.230590	0.906650
