0.952670	0.069984	0.295841	0.027253	0.949564	-0.312387	-0.302782	0.305665	0.902714
0.952545	0.069297	0.296403	0.027716	0.949952	-0.311165	-0.303132	0.304614	0.902952
0.952491	0.069168	0.296607	0.027575	0.950285	-0.310157	-0.303315	0.303601	0.903231
0.952390	0.069541	0.296845	0.027115	0.950462	-0.309656	-0.303673	0.302962	0.903325
0.952255	0.070062	0.297156	0.026566	0.950606	-0.309261	-0.304145	0.302390	0.903358
0.952164	0.070598	0.297322	0.025984	0.950721	-0.308958	-0.304482	0.301904	0.903407
0.952054	0.071214	0.297527	0.025504	0.950670	-0.309154	-0.304866	0.301920	0.903272
0.952076	0.071359	0.297422	0.025365	0.950633	-0.309278	-0.304809	0.302000	0.903265
0.952141	0.070819	0.297343	0.025827	0.950671	-0.309125	-0.304567	0.302010	0.903343
0.952230	0.069723	0.297317	0.026694	0.950857	-0.308476	-0.304214	0.301677	0.903573
0.952284	0.068531	0.297420	0.027671	0.951068	-0.307739	-0.303956	0.301285	0.903791
0.952255	0.067947	0.297648	0.028085	0.951291	-0.307012	-0.304010	0.300713	0.903963
0.952330	0.067896	0.297418	0.027885	0.951465	-0.306492	-0.303793	0.300175	0.904215
0.952423	0.067960	0.297107	0.027682	0.951505	-0.306386	-0.303520	0.300034	0.904353
0.952564	0.067410	0.296780	0.028100	0.951515	-0.306317	-0.303039	0.300126	0.904484
0.952822	0.065900	0.296289	0.029521	0.951399	-0.306544	-0.302090	0.300829	0.904568
0.952787	0.065246	0.296546	0.030569	0.951067	-0.307469	-0.302096	0.302018	0.904170
0.952698	0.065975	0.296672	0.030087	0.950885	-0.308078	-0.302427	0.302432	0.903921
0.952784	0.067672	0.296012	0.028485	0.950631	-0.309013	-0.302310	0.302855	0.903818
0.952661	0.068977	0.296105	0.027525	0.950357	-0.309940	-0.302785	0.303419	0.903470
0.952465	0.068779	0.296781	0.028000	0.950294	-0.310091	-0.303357	0.303661	0.903197
0.952048	0.067964	0.298303	0.029332	0.950247	-0.310114	-0.304538	0.303993	0.902688
0.951623	0.067090	0.299855	0.030845	0.950085	-0.310463	-0.305716	0.304692	0.902053
0.951081	0.066558	0.301688	0.032212	0.949831	-0.311101	-0.307259	0.305600	0.901222
0.950304	0.065294	0.304399	0.034621	0.949530	-0.311758	-0.309392	0.306804	0.900082
0.949885	0.064527	0.305869	0.035928	0.949445	-0.311872	-0.310529	0.307231	0.899545
