0.909055	0.288897	0.300263	-0.210650	0.940382	-0.267036	-0.359507	0.179501	0.915715
0.909367	0.287844	0.300328	-0.209467	0.940588	-0.267241	-0.359409	0.180111	0.915634
0.909387	0.287221	0.300866	-0.208641	0.940719	-0.267425	-0.359840	0.180420	0.915403
0.909262	0.287437	0.301036	-0.208963	0.940744	-0.267087	-0.359968	0.179947	0.915446
0.909159	0.287894	0.300911	-0.209652	0.940729	-0.266599	-0.359828	0.179294	0.915630
0.909075	0.288015	0.301047	-0.209914	0.940788	-0.266183	-0.359886	0.178787	0.915706
0.909184	0.287869	0.300858	-0.209902	0.940864	-0.265925	-0.359618	0.178624	0.915843
0.909258	0.288244	0.300275	-0.210611	0.940852	-0.265408	-0.359017	0.178083	0.916184
0.909294	0.289114	0.299330	-0.211654	0.940584	-0.265525	-0.358312	0.178086	0.916459
0.909126	0.289682	0.299288	-0.211947	0.940299	-0.266303	-0.358563	0.178670	0.916247
0.909096	0.289548	0.299509	-0.211698	0.940307	-0.266469	-0.358787	0.178841	0.916127
0.909290	0.289189	0.299267	-0.211723	0.940553	-0.265581	-0.358280	0.178129	0.916464
0.909593	0.289040	0.298492	-0.211993	0.940686	-0.264893	-0.357352	0.177667	0.916916
0.909771	0.288479	0.298490	-0.211563	0.940891	-0.264510	-0.357152	0.177494	0.917027
0.909927	0.287919	0.298555	-0.211041	0.941059	-0.264327	-0.357063	0.177511	0.917058
0.910082	0.287837	0.298163	-0.210968	0.941027	-0.264499	-0.356712	0.177813	0.917136
0.910140	0.287888	0.297934	-0.211032	0.940987	-0.264592	-0.356525	0.177942	0.917184
0.910151	0.287829	0.297957	-0.211034	0.941036	-0.264415	-0.356495	0.177779	0.917227
0.910270	0.287743	0.297677	-0.211111	0.941098	-0.264133	-0.356146	0.177590	0.917399
0.910356	0.287649	0.297507	-0.211233	0.941205	-0.263656	-0.355855	0.177178	0.917592
0.910511	0.287377	0.297293	-0.211109	0.941315	-0.263361	-0.355531	0.177031	0.917746
0.910513	0.287018	0.297635	-0.210747	0.941453	-0.263159	-0.355741	0.176884	0.917693
0.910500	0.286844	0.297842	-0.210676	0.941577	-0.262772	-0.355816	0.176505	0.917737
0.910527	0.286698	0.297901	-0.210735	0.941722	-0.262201	-0.355712	0.175963	0.917881
