0.945499	0.064426	0.319187	0.024973	0.962997	-0.268351	-0.324666	0.261697	0.908904
0.945662	0.064464	0.318696	0.024683	0.963089	-0.268049	-0.324212	0.261350	0.909166
0.945696	0.064978	0.318491	0.024069	0.963128	-0.267964	-0.324159	0.261079	0.909263
0.945835	0.065941	0.317879	0.022996	0.963086	-0.268208	-0.323831	0.260991	0.909405
0.945722	0.066413	0.318119	0.022777	0.962942	-0.268745	-0.324178	0.261404	0.909162
0.945576	0.065972	0.318644	0.023510	0.962822	-0.269110	-0.324552	0.261955	0.908870
0.945615	0.065993	0.318522	0.023577	0.962724	-0.269456	-0.324431	0.262312	0.908811
0.945575	0.066447	0.318549	0.023294	0.962596	-0.269936	-0.324571	0.262665	0.908659
0.945074	0.066463	0.320027	0.023869	0.962460	-0.270371	-0.325983	0.263160	0.908010
0.944890	0.066462	0.320572	0.024102	0.962399	-0.270570	-0.326501	0.263385	0.907759
0.945038	0.067085	0.320003	0.023177	0.962517	-0.270228	-0.326137	0.262792	0.908061
0.945241	0.067864	0.319241	0.022155	0.962545	-0.270216	-0.325622	0.262492	0.908333
0.945393	0.067934	0.318775	0.022006	0.962502	-0.270381	-0.325189	0.262631	0.908448
0.945351	0.067806	0.318927	0.022253	0.962440	-0.270583	-0.325295	0.262893	0.908334
0.945366	0.068124	0.318812	0.021898	0.962446	-0.270590	-0.325273	0.262788	0.908372
0.945691	0.068750	0.317714	0.020834	0.962551	-0.270300	-0.324399	0.262239	0.908843
0.945523	0.069421	0.318067	0.020203	0.962605	-0.270155	-0.324927	0.261864	0.908763
0.945149	0.069772	0.319101	0.020644	0.962207	-0.271535	-0.325986	0.263228	0.907989
0.944972	0.070459	0.319474	0.020326	0.962001	-0.272290	-0.326520	0.263800	0.907631
0.944987	0.071513	0.319195	0.019295	0.961924	-0.272635	-0.326539	0.263796	0.907626
0.944958	0.072179	0.319131	0.018971	0.961637	-0.273670	-0.326642	0.264661	0.907337
0.945039	0.072527	0.318813	0.018814	0.961409	-0.274480	-0.326417	0.265393	0.907204
0.945145	0.072270	0.318557	0.018982	0.961419	-0.274432	-0.326100	0.265424	0.907308
0.945103	0.071760	0.318796	0.019397	0.961550	-0.273945	-0.326196	0.265090	0.907372
0.945105	0.071131	0.318931	0.019758	0.961794	-0.273060	-0.326169	0.264372	0.907591
