0.892511	0.344096	0.291585	-0.266843	0.924060	-0.273693	-0.363618	0.166467	0.916554
0.892315	0.344866	0.291276	-0.267698	0.923812	-0.273695	-0.363472	0.166248	0.916651
0.892080	0.345811	0.290874	-0.268880	0.923565	-0.273368	-0.363175	0.165656	0.916876
0.891981	0.346341	0.290546	-0.269386	0.923339	-0.273634	-0.363043	0.165807	0.916901
0.892021	0.346076	0.290742	-0.268918	0.923359	-0.274029	-0.363294	0.166254	0.916721
0.891993	0.346820	0.289937	-0.269685	0.923019	-0.274421	-0.362792	0.166590	0.916859
0.891675	0.347137	0.290536	-0.269828	0.922922	-0.274604	-0.363467	0.166463	0.916614
0.891473	0.346529	0.291879	-0.268070	0.922779	-0.276799	-0.365259	0.168515	0.915526
0.891066	0.345847	0.293923	-0.266199	0.922738	-0.278733	-0.367613	0.170127	0.914285
0.890936	0.344819	0.295523	-0.264837	0.923139	-0.278705	-0.368911	0.170043	0.913778
0.890886	0.344373	0.296190	-0.264604	0.923472	-0.277819	-0.369197	0.169132	0.913832
0.890673	0.344823	0.296309	-0.265265	0.923445	-0.277279	-0.369237	0.168364	0.913957
0.890506	0.345112	0.296474	-0.265565	0.923382	-0.277201	-0.369424	0.168116	0.913927
0.890418	0.345272	0.296551	-0.265740	0.923350	-0.277142	-0.369510	0.167967	0.913920
0.890686	0.345213	0.295815	-0.265866	0.923348	-0.277025	-0.368773	0.168095	0.914194
0.890943	0.344917	0.295385	-0.265728	0.923452	-0.276812	-0.368251	0.168131	0.914398
0.890998	0.344476	0.295734	-0.265177	0.923590	-0.276880	-0.368515	0.168278	0.914264
0.891179	0.344396	0.295280	-0.265197	0.923597	-0.276839	-0.368062	0.168406	0.914423
0.891250	0.345197	0.294130	-0.266319	0.923328	-0.276658	-0.367080	0.168239	0.914849
0.891171	0.345910	0.293532	-0.267199	0.923095	-0.276588	-0.366633	0.168056	0.915062
0.891159	0.346236	0.293182	-0.267512	0.922935	-0.276818	-0.366433	0.168260	0.915104
0.891283	0.346241	0.292801	-0.267288	0.922774	-0.277571	-0.366296	0.169132	0.914998
0.891412	0.346284	0.292354	-0.266976	0.922531	-0.278677	-0.366207	0.170364	0.914805
0.891426	0.346496	0.292063	-0.266958	0.922314	-0.279409	-0.366188	0.171103	0.914675
0.891329	0.347069	0.291676	-0.267482	0.922054	-0.279769	-0.366040	0.171348	0.914688
