0.882320	0.361848	0.300962	-0.290417	0.921782	-0.256856	-0.370364	0.139224	0.918394
0.882319	0.361961	0.300829	-0.290738	0.921807	-0.256405	-0.370115	0.138769	0.918563
0.882028	0.362901	0.300547	-0.292079	0.921599	-0.255626	-0.369751	0.137686	0.918873
0.881777	0.363668	0.300358	-0.293090	0.921403	-0.255175	-0.369550	0.136976	0.919060
0.881682	0.363831	0.300441	-0.293376	0.921400	-0.254857	-0.369551	0.136561	0.919121
0.881555	0.363980	0.300631	-0.293603	0.921397	-0.254607	-0.369672	0.136184	0.919128
0.881733	0.363825	0.300298	-0.293692	0.921506	-0.254109	-0.369177	0.135861	0.919375
0.881978	0.363334	0.300172	-0.293446	0.921754	-0.253493	-0.368787	0.135491	0.919586
0.882084	0.362713	0.300609	-0.292913	0.922049	-0.253037	-0.368957	0.135148	0.919568
0.882107	0.362557	0.300730	-0.293015	0.922210	-0.252330	-0.368821	0.134463	0.919723
0.882265	0.362602	0.300215	-0.293363	0.922252	-0.251774	-0.368167	0.134060	0.920044
0.882493	0.362306	0.299899	-0.293267	0.922395	-0.251361	-0.367695	0.133874	0.920260
0.882772	0.361580	0.299957	-0.292602	0.922676	-0.251102	-0.367557	0.133898	0.920311
0.883029	0.361053	0.299834	-0.292196	0.922891	-0.250787	-0.367261	0.133842	0.920438
0.883311	0.360949	0.299126	-0.292316	0.922935	-0.250483	-0.366486	0.133815	0.920751
0.883587	0.360850	0.298432	-0.292201	0.922891	-0.250779	-0.365914	0.134383	0.920895
0.883851	0.360781	0.297732	-0.291793	0.922717	-0.251895	-0.365602	0.135761	0.920817
0.883905	0.360901	0.297426	-0.291363	0.922437	-0.253411	-0.365813	0.137332	0.920500
0.883722	0.361708	0.296989	-0.291769	0.921959	-0.254680	-0.365932	0.138414	0.920291
0.883325	0.362976	0.296624	-0.292465	0.921262	-0.256401	-0.366336	0.139733	0.919931
0.882790	0.365160	0.295534	-0.294203	0.920208	-0.258188	-0.366233	0.140979	0.919782
0.882275	0.365480	0.296673	-0.294248	0.920118	-0.258457	-0.367435	0.140734	0.919339
0.882122	0.363968	0.298979	-0.291574	0.920460	-0.260266	-0.369927	0.142412	0.918081
0.882584	0.362655	0.299210	-0.289898	0.920801	-0.260932	-0.370141	0.143553	0.917817
0.882898	0.362182	0.298858	-0.289555	0.920974	-0.260701	-0.369662	0.143636	0.917997
