0.889712	0.351813	0.290931	-0.278989	0.923438	-0.263490	-0.361356	0.153263	0.919746
0.889817	0.350990	0.291603	-0.278331	0.923863	-0.262696	-0.361605	0.152589	0.919760
0.889974	0.350605	0.291587	-0.278369	0.924165	-0.261589	-0.361189	0.151639	0.920080
0.889981	0.350845	0.291274	-0.278971	0.924200	-0.260826	-0.360705	0.150873	0.920396
0.889863	0.350792	0.291699	-0.279076	0.924335	-0.260234	-0.360915	0.150167	0.920429
0.889880	0.350506	0.291992	-0.278782	0.924461	-0.260100	-0.361102	0.150056	0.920374
0.889975	0.350428	0.291797	-0.278534	0.924393	-0.260609	-0.361059	0.150661	0.920292
0.889851	0.350578	0.291994	-0.278418	0.924256	-0.261215	-0.361454	0.151146	0.920058
0.889469	0.351290	0.292301	-0.279099	0.924046	-0.261234	-0.361868	0.150779	0.919955
0.889135	0.351953	0.292522	-0.279735	0.923844	-0.261268	-0.362198	0.150474	0.919875
0.888957	0.352094	0.292891	-0.279914	0.923858	-0.261027	-0.362496	0.150058	0.919826
0.888912	0.351873	0.293295	-0.279643	0.923959	-0.260958	-0.362816	0.149951	0.919717
0.888859	0.351949	0.293362	-0.279632	0.923906	-0.261159	-0.362953	0.150101	0.919638
0.888896	0.352044	0.293136	-0.279618	0.923802	-0.261542	-0.362874	0.150517	0.919601
0.889240	0.351529	0.292712	-0.279104	0.923921	-0.261670	-0.362427	0.150991	0.919700
0.889849	0.350398	0.292214	-0.277904	0.924203	-0.261952	-0.361853	0.151890	0.919778
0.890118	0.349578	0.292379	-0.276760	0.924356	-0.262622	-0.362069	0.152846	0.919535
0.890100	0.349797	0.292172	-0.276858	0.924207	-0.263042	-0.362039	0.153244	0.919480
0.889848	0.351068	0.291415	-0.278246	0.923745	-0.263201	-0.361594	0.153124	0.919675
0.889699	0.351515	0.291328	-0.278975	0.923706	-0.262565	-0.361397	0.152331	0.919885
0.889730	0.351016	0.291835	-0.278689	0.924023	-0.261752	-0.361542	0.151557	0.919955
0.889813	0.350303	0.292440	-0.277918	0.924307	-0.261569	-0.361932	0.151473	0.919816
0.889953	0.349931	0.292460	-0.277256	0.924310	-0.262258	-0.362096	0.152311	0.919613
0.889719	0.349904	0.293201	-0.276714	0.924194	-0.263239	-0.363083	0.153076	0.919096
0.889470	0.350007	0.293834	-0.276469	0.924093	-0.263852	-0.363880	0.153452	0.918719
