0.938745	0.108763	0.326998	-0.013763	0.959964	-0.279785	-0.344337	0.258146	0.902659
0.938936	0.108580	0.326511	-0.013805	0.960030	-0.279555	-0.343815	0.257977	0.902906
0.939018	0.107983	0.326472	-0.013143	0.959991	-0.279721	-0.343615	0.258372	0.902869
0.939106	0.107734	0.326301	-0.012888	0.959956	-0.279855	-0.343385	0.258609	0.902889
0.939117	0.108111	0.326147	-0.013441	0.960042	-0.279532	-0.343336	0.258130	0.903045
0.939141	0.108469	0.325959	-0.014013	0.960150	-0.279134	-0.343247	0.257579	0.903235
0.939141	0.108650	0.325898	-0.014304	0.960213	-0.278903	-0.343235	0.257268	0.903329
0.939136	0.108574	0.325938	-0.014334	0.960304	-0.278588	-0.343247	0.256960	0.903412
0.939135	0.108283	0.326037	-0.014121	0.960393	-0.278290	-0.343258	0.256748	0.903468
0.939162	0.108016	0.326048	-0.014044	0.960546	-0.277765	-0.343187	0.256287	0.903626
0.939176	0.108057	0.325994	-0.014160	0.960589	-0.277613	-0.343144	0.256111	0.903692
0.939311	0.108162	0.325569	-0.014466	0.960642	-0.277413	-0.342761	0.255868	0.903906
0.939404	0.107851	0.325406	-0.014210	0.960658	-0.277372	-0.342518	0.255940	0.903978
0.939323	0.107307	0.325818	-0.013398	0.960565	-0.277734	-0.342772	0.256516	0.903718
0.939382	0.106927	0.325772	-0.013086	0.960617	-0.277566	-0.342622	0.256477	0.903786
0.939254	0.107511	0.325950	-0.013224	0.960305	-0.278638	-0.342968	0.257402	0.903392
0.938911	0.108174	0.326716	-0.013409	0.960097	-0.279347	-0.343897	0.257901	0.902896
0.938982	0.108219	0.326500	-0.013474	0.960062	-0.279462	-0.343703	0.258011	0.902939
0.938831	0.109280	0.326579	-0.014127	0.959739	-0.280537	-0.344088	0.258763	0.902577
0.938610	0.110206	0.326904	-0.014568	0.959418	-0.281612	-0.344673	0.259561	0.902124
0.938480	0.110651	0.327126	-0.014735	0.959244	-0.282193	-0.345019	0.260012	0.901862
0.938444	0.110996	0.327114	-0.014988	0.959161	-0.282464	-0.345107	0.260173	0.901782
0.938274	0.111077	0.327572	-0.015287	0.959426	-0.281547	-0.345555	0.259160	0.901902
0.938136	0.110173	0.328273	-0.014714	0.959860	-0.280092	-0.345955	0.257934	0.902100
0.938022	0.109905	0.328688	-0.014654	0.960115	-0.279221	-0.346266	0.257099	0.902220
