0.925002	0.222985	0.307652	-0.143360	0.954662	-0.260900	-0.351880	0.197228	0.915031
0.924969	0.223490	0.307384	-0.143913	0.954559	-0.260973	-0.351741	0.197155	0.915100
0.924976	0.223941	0.307034	-0.144321	0.954401	-0.261324	-0.351554	0.197407	0.915118
0.924913	0.224476	0.306832	-0.144732	0.954206	-0.261810	-0.351551	0.197743	0.915046
0.924799	0.224793	0.306945	-0.144862	0.954063	-0.262256	-0.351798	0.198069	0.914881
0.924569	0.225280	0.307280	-0.145189	0.953942	-0.262518	-0.352267	0.198102	0.914693
0.924286	0.226061	0.307557	-0.145743	0.953721	-0.263012	-0.352780	0.198274	0.914458
0.923885	0.227007	0.308066	-0.146187	0.953355	-0.264092	-0.353647	0.198955	0.913975
0.923547	0.227819	0.308480	-0.146405	0.952943	-0.265452	-0.354439	0.199994	0.913442
0.923323	0.228501	0.308646	-0.146886	0.952736	-0.265929	-0.354823	0.200203	0.913246
0.923182	0.228674	0.308939	-0.146993	0.952716	-0.265942	-0.355145	0.200101	0.913144
0.923109	0.228093	0.309587	-0.146146	0.952774	-0.266201	-0.355685	0.200488	0.912849
0.923201	0.227482	0.309760	-0.145212	0.952727	-0.266880	-0.355827	0.201403	0.912592
0.923392	0.227451	0.309214	-0.145216	0.952663	-0.267105	-0.355330	0.201740	0.912711
0.923660	0.227713	0.308218	-0.145763	0.952616	-0.266975	-0.354407	0.201668	0.913086
0.923890	0.227735	0.307514	-0.145844	0.952529	-0.267241	-0.353776	0.202052	0.913246
0.924177	0.227393	0.306901	-0.145291	0.952366	-0.268123	-0.353251	0.203203	0.913193
0.924212	0.226960	0.307119	-0.144601	0.952330	-0.268621	-0.353445	0.203853	0.912973
0.924185	0.226741	0.307361	-0.144511	0.952483	-0.268130	-0.353552	0.203385	0.913037
0.924188	0.226823	0.307291	-0.144886	0.952625	-0.267419	-0.353390	0.202624	0.913268
0.924081	0.226861	0.307586	-0.145119	0.952779	-0.266744	-0.353575	0.201857	0.913366
0.924087	0.226651	0.307722	-0.144985	0.952882	-0.266451	-0.353613	0.201609	0.913406
0.924111	0.226317	0.307896	-0.144752	0.953026	-0.266061	-0.353647	0.201301	0.913461
0.924203	0.225821	0.307985	-0.144347	0.953179	-0.265734	-0.353573	0.201135	0.913527
0.924241	0.225287	0.308261	-0.143846	0.953335	-0.265444	-0.353677	0.200993	0.913518
