0.907286	0.291697	0.302895	-0.210156	0.938420	-0.274230	-0.364235	0.185150	0.912717
0.907232	0.292810	0.301979	-0.211863	0.938303	-0.273317	-0.363378	0.183983	0.913294
0.907193	0.293669	0.301263	-0.213314	0.938277	-0.272273	-0.362626	0.182740	0.913842
0.907035	0.294089	0.301330	-0.214012	0.938321	-0.271573	-0.362611	0.181838	0.914029
0.906885	0.294355	0.301520	-0.214469	0.938377	-0.271018	-0.362715	0.181115	0.914131
0.906860	0.294646	0.301311	-0.214881	0.938332	-0.270848	-0.362534	0.180875	0.914250
0.906814	0.295006	0.301098	-0.215059	0.938118	-0.271448	-0.362545	0.181399	0.914142
0.906841	0.294949	0.301072	-0.214715	0.937985	-0.272180	-0.362680	0.182179	0.913933
0.906855	0.294933	0.301044	-0.214735	0.938003	-0.272101	-0.362632	0.182111	0.913966
0.907071	0.294478	0.300842	-0.214610	0.938254	-0.271335	-0.362168	0.181556	0.914260
0.907199	0.293881	0.301037	-0.214188	0.938522	-0.270740	-0.362095	0.181137	0.914372
0.907233	0.293534	0.301273	-0.213884	0.938667	-0.270476	-0.362189	0.180948	0.914372
0.907369	0.293121	0.301266	-0.213847	0.938958	-0.269496	-0.361871	0.180108	0.914664
0.907528	0.292539	0.301354	-0.213589	0.939278	-0.268581	-0.361626	0.179379	0.914904
0.907838	0.291972	0.300968	-0.213063	0.939385	-0.268625	-0.361156	0.179743	0.915018
0.908042	0.291518	0.300794	-0.211955	0.939146	-0.270333	-0.361297	0.181719	0.914573
0.908122	0.291633	0.300439	-0.211323	0.938686	-0.272418	-0.361464	0.183900	0.914070
0.908097	0.291752	0.300401	-0.210775	0.938309	-0.274134	-0.361848	0.185623	0.913570
0.908087	0.291498	0.300679	-0.209884	0.938089	-0.275569	-0.362391	0.187132	0.913047
0.908230	0.291331	0.300406	-0.209340	0.937891	-0.276653	-0.362346	0.188377	0.912809
0.908290	0.291572	0.299992	-0.209455	0.937701	-0.277211	-0.362130	0.188953	0.912775
0.908276	0.291874	0.299741	-0.209834	0.937626	-0.277178	-0.361947	0.188858	0.912868
0.908321	0.292442	0.299049	-0.210711	0.937536	-0.276814	-0.361322	0.188423	0.913205
0.908258	0.292849	0.298843	-0.211463	0.937581	-0.276089	-0.361042	0.187566	0.913492
0.908360	0.292640	0.298736	-0.211799	0.937899	-0.274747	-0.360586	0.186298	0.913932
0.908463	0.292217	0.298838	-0.211702	0.938189	-0.273831	-0.360385	0.185501	0.914173
