0.926761	0.210376	0.311216	-0.129272	0.956478	-0.261607	-0.352707	0.202216	0.913623
0.926652	0.209760	0.311956	-0.128729	0.956736	-0.260931	-0.353192	0.201634	0.913564
0.926513	0.208782	0.313024	-0.127623	0.956989	-0.260548	-0.353958	0.201452	0.913307
0.926442	0.207684	0.313964	-0.126260	0.957160	-0.260584	-0.354633	0.201775	0.912975
0.926607	0.207081	0.313875	-0.125668	0.957245	-0.260557	-0.354411	0.201989	0.913013
0.926763	0.207253	0.313299	-0.125951	0.957189	-0.260627	-0.353902	0.202079	0.913191
0.926789	0.207539	0.313032	-0.126344	0.957163	-0.260530	-0.353693	0.201907	0.913310
0.926604	0.207935	0.313319	-0.126815	0.957190	-0.260201	-0.354010	0.201369	0.913306
0.926609	0.208120	0.313181	-0.127206	0.957256	-0.259767	-0.353857	0.200864	0.913476
0.926664	0.208265	0.312920	-0.127521	0.957288	-0.259494	-0.353598	0.200560	0.913643
0.926772	0.208373	0.312529	-0.127863	0.957342	-0.259127	-0.353192	0.200191	0.913881
0.927004	0.207930	0.312135	-0.127656	0.957483	-0.258710	-0.352658	0.199979	0.914134
0.927279	0.207223	0.311789	-0.127170	0.957664	-0.258276	-0.352110	0.199844	0.914375
0.927362	0.206724	0.311874	-0.126664	0.957751	-0.258204	-0.352075	0.199946	0.914366
0.927465	0.206361	0.311807	-0.126414	0.957861	-0.257916	-0.351892	0.199792	0.914470
0.927597	0.206574	0.311273	-0.126964	0.957935	-0.257372	-0.351346	0.199218	0.914805
0.927521	0.207513	0.310874	-0.128011	0.957787	-0.257404	-0.351166	0.198952	0.914932
0.927364	0.208524	0.310668	-0.128992	0.957580	-0.257686	-0.351223	0.198895	0.914922
0.927254	0.209528	0.310320	-0.130051	0.957397	-0.257833	-0.351123	0.198719	0.914999
0.927135	0.210016	0.310344	-0.130501	0.957301	-0.257962	-0.351269	0.198666	0.914955
0.927086	0.210166	0.310389	-0.130252	0.957059	-0.258985	-0.351490	0.199673	0.914651
0.927085	0.210886	0.309904	-0.130689	0.956705	-0.260068	-0.351332	0.200604	0.914508
0.927210	0.212395	0.308495	-0.132284	0.956287	-0.260799	-0.350402	0.201006	0.914776
0.926774	0.213208	0.309245	-0.132382	0.955866	-0.262287	-0.351518	0.202143	0.914097
0.926284	0.212832	0.310968	-0.130963	0.955608	-0.263934	-0.353338	0.203753	0.913037
