0.944908	0.071097	0.319520	0.026340	0.956446	-0.290717	-0.326273	0.283118	0.901881
0.943884	0.070228	0.322725	0.028712	0.955985	-0.292007	-0.329028	0.284887	0.900322
0.943885	0.069381	0.322903	0.030250	0.955415	-0.293711	-0.328885	0.286998	0.899704
0.944011	0.068073	0.322814	0.031293	0.955594	-0.293019	-0.328425	0.286715	0.899962
0.943579	0.066223	0.324459	0.033697	0.955512	-0.293019	-0.329430	0.287420	0.899370
0.943504	0.064880	0.324946	0.034995	0.955650	-0.292419	-0.329507	0.287270	0.899389
0.944136	0.065812	0.322919	0.033062	0.955999	-0.291500	-0.327894	0.285892	0.900417
0.945082	0.067696	0.319745	0.029527	0.956629	-0.289809	-0.325496	0.283335	0.902094
0.945539	0.068390	0.318243	0.027651	0.957270	-0.287872	-0.324332	0.280994	0.903245
0.945403	0.068993	0.318517	0.026945	0.957442	-0.287366	-0.324788	0.280259	0.903309
0.945336	0.069563	0.318591	0.026434	0.957420	-0.287486	-0.325023	0.280192	0.903245
0.945288	0.070234	0.318588	0.025715	0.957472	-0.287378	-0.325223	0.279847	0.903280
0.945301	0.070720	0.318440	0.025046	0.957598	-0.287015	-0.325236	0.279292	0.903448
0.945371	0.070991	0.318173	0.024570	0.957709	-0.286688	-0.325069	0.278844	0.903646
0.945394	0.071138	0.318072	0.024434	0.957675	-0.286813	-0.325013	0.278923	0.903642
0.945383	0.071218	0.318086	0.024357	0.957678	-0.286810	-0.325050	0.278893	0.903638
0.945665	0.070804	0.317339	0.024524	0.957689	-0.286758	-0.324215	0.278959	0.903917
0.945755	0.070152	0.317215	0.025308	0.957533	-0.287210	-0.323892	0.279658	0.903817
0.945629	0.069713	0.317689	0.026144	0.957307	-0.287890	-0.324196	0.280542	0.903434
0.945621	0.069883	0.317673	0.025925	0.957348	-0.287771	-0.324234	0.280358	0.903477
0.945507	0.070480	0.317883	0.025227	0.957499	-0.287331	-0.324624	0.279692	0.903544
0.945463	0.070752	0.317953	0.024753	0.957696	-0.286714	-0.324788	0.278948	0.903715
0.945304	0.071209	0.318322	0.024565	0.957569	-0.287157	-0.325264	0.279270	0.903444
0.945157	0.071358	0.318727	0.024862	0.957293	-0.288048	-0.325670	0.280175	0.903018
