0.576343	0.816773	0.026651	-0.799077	0.570087	-0.190989	-0.171188	0.088779	0.981230
0.576310	0.816800	0.026543	-0.799104	0.570032	-0.191039	-0.171171	0.088887	0.981224
0.576345	0.816772	0.026650	-0.799092	0.570098	-0.190895	-0.171111	0.088726	0.981249
0.576334	0.816777	0.026736	-0.799126	0.570120	-0.190684	-0.170989	0.088532	0.981287
0.576268	0.816821	0.026807	-0.799163	0.570068	-0.190685	-0.171037	0.088463	0.981285
0.576169	0.816892	0.026769	-0.799227	0.569961	-0.190737	-0.171069	0.088502	0.981276
0.576118	0.816929	0.026752	-0.799245	0.569896	-0.190856	-0.171162	0.088575	0.981253
0.576044	0.816978	0.026827	-0.799237	0.569812	-0.191139	-0.171443	0.088664	0.981196
0.575897	0.817084	0.026771	-0.799333	0.569651	-0.191217	-0.171490	0.088723	0.981183
0.575721	0.817213	0.026603	-0.799487	0.569456	-0.191157	-0.171365	0.088784	0.981199
0.575625	0.817282	0.026564	-0.799566	0.569359	-0.191115	-0.171319	0.088771	0.981208
0.575649	0.817268	0.026470	-0.799605	0.569390	-0.190857	-0.171053	0.088701	0.981261
0.575994	0.817021	0.026601	-0.799381	0.569766	-0.190677	-0.170944	0.088564	0.981292
0.576437	0.816691	0.027135	-0.799183	0.570381	-0.189666	-0.170375	0.087644	0.981474
0.577281	0.816077	0.027654	-0.798570	0.571316	-0.189433	-0.170391	0.087272	0.981504
0.578022	0.815543	0.027929	-0.798117	0.572139	-0.188855	-0.169999	0.086872	0.981608
0.578451	0.815259	0.027324	-0.797899	0.572461	-0.188799	-0.169562	0.087409	0.981635
0.578629	0.815135	0.027279	-0.797886	0.572682	-0.188182	-0.169016	0.087122	0.981755
0.578547	0.815194	0.027228	-0.798054	0.572647	-0.187577	-0.168504	0.086792	0.981872
0.578236	0.815413	0.027283	-0.798360	0.572401	-0.187027	-0.168121	0.086364	0.981976
0.577960	0.815613	0.027156	-0.798671	0.572161	-0.186431	-0.167593	0.086060	0.982093
0.577763	0.815762	0.026872	-0.798925	0.571963	-0.185951	-0.167061	0.085967	0.982192
0.577442	0.816006	0.026361	-0.799206	0.571562	-0.185973	-0.166822	0.086321	0.982201
0.577047	0.816300	0.025929	-0.799467	0.571067	-0.186373	-0.166943	0.086817	0.982137
0.577017	0.816326	0.025743	-0.799401	0.570951	-0.187011	-0.167360	0.087330	0.982020
0.576905	0.816397	0.026004	-0.799360	0.570839	-0.187528	-0.167942	0.087400	0.981915
