-0.046713	0.998373	0.032695	-0.972291	-0.037939	-0.230673	-0.229057	-0.042565	0.972482
-0.046474	0.998384	0.032690	-0.972386	-0.037723	-0.230310	-0.228705	-0.042491	0.972568
-0.046314	0.998399	0.032474	-0.972440	-0.037626	-0.230097	-0.228507	-0.042235	0.972626
-0.046138	0.998401	0.032659	-0.972558	-0.037432	-0.229629	-0.228039	-0.042358	0.972730
-0.045892	0.998411	0.032687	-0.972673	-0.037206	-0.229180	-0.227600	-0.042311	0.972835
-0.045506	0.998426	0.032792	-0.972703	-0.036809	-0.229114	-0.227547	-0.042323	0.972847
-0.045200	0.998443	0.032686	-0.972694	-0.036531	-0.229199	-0.227648	-0.042153	0.972831
-0.045075	0.998453	0.032548	-0.972749	-0.036451	-0.228976	-0.227436	-0.041982	0.972888
-0.044780	0.998474	0.032317	-0.972799	-0.036223	-0.228800	-0.227280	-0.041684	0.972937
-0.044559	0.998497	0.031909	-0.972829	-0.036105	-0.228691	-0.227195	-0.041232	0.972976
-0.044388	0.998508	0.031816	-0.972824	-0.035958	-0.228738	-0.227253	-0.041105	0.972968
-0.044365	0.998515	0.031612	-0.972881	-0.035993	-0.228487	-0.227010	-0.040891	0.973033
-0.044507	0.998511	0.031533	-0.972965	-0.036164	-0.228104	-0.226624	-0.040833	0.973126
-0.044594	0.998507	0.031533	-0.973007	-0.036258	-0.227908	-0.226424	-0.040846	0.973172
-0.044657	0.998498	0.031724	-0.973031	-0.036280	-0.227803	-0.226310	-0.041042	0.973190
-0.044714	0.998489	0.031949	-0.973075	-0.036292	-0.227615	-0.226111	-0.041266	0.973227
-0.044853	0.998473	0.032265	-0.973082	-0.036358	-0.227575	-0.226054	-0.041604	0.973226
-0.044815	0.998466	0.032522	-0.973103	-0.036266	-0.227498	-0.225969	-0.041842	0.973235
-0.044638	0.998476	0.032462	-0.973118	-0.036109	-0.227461	-0.225942	-0.041743	0.973246
-0.044563	0.998502	0.031757	-0.973009	-0.036176	-0.227916	-0.226425	-0.041057	0.973163
-0.044343	0.998523	0.031407	-0.972939	-0.036028	-0.228236	-0.226767	-0.040678	0.973099
-0.044448	0.998529	0.031065	-0.972818	-0.036188	-0.228725	-0.227264	-0.040387	0.972995
-0.045240	0.998503	0.030755	-0.972696	-0.037013	-0.229110	-0.227629	-0.040280	0.972915
-0.046237	0.998461	0.030617	-0.972581	-0.038003	-0.229436	-0.227920	-0.040386	0.972842
