-0.032097	0.998291	0.048832	-0.962043	-0.017611	-0.272328	-0.271003	-0.055720	0.960965
-0.032259	0.998290	0.048738	-0.961981	-0.017780	-0.272537	-0.271204	-0.055677	0.960910
-0.032305	0.998283	0.048858	-0.961776	-0.017750	-0.273260	-0.271923	-0.055818	0.960699
-0.032608	0.998272	0.048890	-0.961653	-0.018009	-0.273677	-0.272323	-0.055939	0.960578
-0.032940	0.998261	0.048887	-0.961600	-0.018320	-0.273842	-0.272470	-0.056030	0.960531
-0.033355	0.998241	0.049003	-0.961530	-0.018675	-0.274065	-0.272668	-0.056260	0.960462
-0.033623	0.998242	0.048808	-0.961448	-0.018971	-0.274332	-0.272924	-0.056151	0.960396
-0.033680	0.998240	0.048814	-0.961404	-0.019015	-0.274481	-0.273070	-0.056175	0.960353
-0.033681	0.998247	0.048666	-0.961449	-0.019066	-0.274321	-0.272912	-0.056029	0.960406
-0.033777	0.998247	0.048601	-0.961453	-0.019177	-0.274299	-0.272886	-0.055993	0.960415
-0.033740	0.998252	0.048523	-0.961450	-0.019163	-0.274310	-0.272901	-0.055908	0.960416
-0.033578	0.998253	0.048618	-0.961513	-0.018992	-0.274102	-0.272700	-0.055950	0.960471
-0.033583	0.998236	0.048952	-0.961541	-0.018911	-0.274011	-0.272602	-0.056271	0.960480
-0.033350	0.998223	0.049373	-0.961580	-0.018579	-0.273894	-0.272491	-0.056611	0.960492
-0.033046	0.998228	0.049490	-0.961659	-0.018269	-0.273638	-0.272249	-0.056635	0.960559
-0.032745	0.998243	0.049386	-0.961643	-0.018003	-0.273714	-0.272344	-0.056454	0.960542
-0.032512	0.998264	0.049103	-0.961604	-0.017847	-0.273859	-0.272507	-0.056122	0.960516
-0.032418	0.998272	0.049019	-0.961645	-0.017788	-0.273720	-0.272375	-0.056012	0.960559
-0.032455	0.998267	0.049097	-0.961648	-0.017802	-0.273709	-0.272361	-0.056097	0.960559
-0.032746	0.998250	0.049237	-0.961687	-0.018054	-0.273553	-0.272186	-0.056308	0.960596
-0.033094	0.998231	0.049383	-0.961684	-0.018350	-0.273547	-0.272157	-0.056544	0.960590
-0.033327	0.998210	0.049666	-0.961722	-0.018506	-0.273402	-0.271993	-0.056876	0.960617
-0.033582	0.998198	0.049728	-0.961758	-0.018743	-0.273257	-0.271832	-0.057002	0.960655
-0.033882	0.998175	0.049980	-0.961730	-0.018958	-0.273341	-0.271895	-0.057329	0.960618
-0.034118	0.998164	0.050041	-0.961673	-0.019158	-0.273528	-0.272067	-0.057456	0.960561
