0.035046	0.999104	0.023737	-0.975558	0.039357	-0.216188	-0.216928	-0.015580	0.976063
0.035140	0.999099	0.023796	-0.975550	0.039462	-0.216205	-0.216950	-0.015617	0.976058
0.034860	0.999106	0.023923	-0.975574	0.039214	-0.216141	-0.216886	-0.015804	0.976069
0.034589	0.999111	0.024108	-0.975636	0.038986	-0.215902	-0.216650	-0.016052	0.976117
0.034146	0.999122	0.024258	-0.975771	0.038577	-0.215366	-0.216113	-0.016316	0.976232
0.034318	0.999123	0.023986	-0.975699	0.038691	-0.215674	-0.216413	-0.016002	0.976171
0.034443	0.999119	0.023964	-0.975688	0.038808	-0.215701	-0.216442	-0.015952	0.976165
0.034578	0.999114	0.023997	-0.975715	0.038945	-0.215555	-0.216299	-0.015961	0.976197
0.034531	0.999109	0.024246	-0.975777	0.038949	-0.215274	-0.216027	-0.016225	0.976253
0.034396	0.999115	0.024212	-0.975750	0.038812	-0.215421	-0.216170	-0.016216	0.976221
0.034328	0.999121	0.024043	-0.975736	0.038710	-0.215500	-0.216241	-0.016062	0.976208
0.034280	0.999124	0.023986	-0.975798	0.038647	-0.215230	-0.215969	-0.016028	0.976269
0.034114	0.999129	0.024034	-0.975774	0.038497	-0.215367	-0.216105	-0.016105	0.976237
0.034062	0.999125	0.024255	-0.975817	0.038491	-0.215174	-0.215919	-0.016339	0.976275
0.034328	0.999108	0.024600	-0.975852	0.038822	-0.214956	-0.215719	-0.016627	0.976314
0.034428	0.999094	0.024993	-0.975862	0.039003	-0.214876	-0.215656	-0.016991	0.976321
0.034149	0.999092	0.025478	-0.975770	0.038843	-0.215322	-0.216116	-0.017508	0.976211
0.033889	0.999101	0.025467	-0.975754	0.038589	-0.215441	-0.216230	-0.017548	0.976185
0.033878	0.999096	0.025662	-0.975832	0.038614	-0.215083	-0.215879	-0.017755	0.976259
0.034279	0.999081	0.025735	-0.975894	0.039015	-0.214729	-0.215536	-0.017754	0.976335
0.034552	0.999085	0.025221	-0.975967	0.039164	-0.214370	-0.215162	-0.017208	0.976427
0.034967	0.999094	0.024266	-0.975855	0.039371	-0.214843	-0.215604	-0.016167	0.976347
0.035267	0.999097	0.023694	-0.975790	0.039546	-0.215103	-0.215845	-0.015535	0.976304
0.035270	0.999111	0.023111	-0.975810	0.039421	-0.215037	-0.215757	-0.014968	0.976332
0.035145	0.999114	0.023134	-0.975821	0.039304	-0.215009	-0.215728	-0.015018	0.976338
0.034740	0.999125	0.023285	-0.975856	0.038939	-0.214917	-0.215636	-0.015256	0.976355
