0.147056	0.988947	0.018956	-0.963527	0.147556	-0.223255	-0.223584	0.014566	0.974576
0.147314	0.988903	0.019235	-0.963398	0.147864	-0.223607	-0.223970	0.014409	0.974489
0.147078	0.988932	0.019537	-0.963376	0.147698	-0.223813	-0.224222	0.014096	0.974436
0.146720	0.988979	0.019826	-0.963335	0.147410	-0.224179	-0.224631	0.013793	0.974346
0.146621	0.988986	0.020212	-0.963387	0.147403	-0.223962	-0.224474	0.013365	0.974388
0.146703	0.988969	0.020467	-0.963468	0.147546	-0.223517	-0.224071	0.013071	0.974485
0.146801	0.988952	0.020589	-0.963508	0.147673	-0.223259	-0.223833	0.012937	0.974542
0.146680	0.988976	0.020270	-0.963495	0.147480	-0.223445	-0.223971	0.013245	0.974506
0.146579	0.988996	0.020046	-0.963555	0.147334	-0.223279	-0.223776	0.013413	0.974548
0.146501	0.989002	0.020324	-0.963585	0.147322	-0.223160	-0.223700	0.013110	0.974570
0.146342	0.989014	0.020856	-0.963625	0.147288	-0.223009	-0.223631	0.012538	0.974593
0.146088	0.989043	0.021290	-0.963644	0.147137	-0.223028	-0.223717	0.012066	0.974579
0.146264	0.989013	0.021439	-0.963650	0.147345	-0.222863	-0.223573	0.011937	0.974614
0.146934	0.988918	0.021261	-0.963555	0.147957	-0.222870	-0.223546	0.012261	0.974616
0.147666	0.988804	0.021467	-0.963581	0.148725	-0.222244	-0.222949	0.012132	0.974755
0.147419	0.988855	0.020807	-0.963535	0.148330	-0.222706	-0.223310	0.012783	0.974664
0.146176	0.989059	0.019883	-0.964005	0.146928	-0.221601	-0.222098	0.013226	0.974935
0.145061	0.989234	0.019323	-0.964523	0.145737	-0.220129	-0.220575	0.013294	0.975279
0.143686	0.989440	0.019050	-0.964824	0.144342	-0.219727	-0.220156	0.013192	0.975375
0.142648	0.989589	0.019084	-0.964964	0.143337	-0.219772	-0.220219	0.012935	0.975365
0.142130	0.989661	0.019214	-0.965090	0.142863	-0.219525	-0.220000	0.012658	0.975418
0.142903	0.989541	0.019690	-0.965146	0.143732	-0.218709	-0.219252	0.012251	0.975591
0.144642	0.989284	0.019923	-0.965018	0.145486	-0.218116	-0.218677	0.012323	0.975719
0.146149	0.989061	0.019971	-0.964793	0.146967	-0.218117	-0.218666	0.012609	0.975718
0.146941	0.988951	0.019602	-0.964620	0.147655	-0.218416	-0.218897	0.013185	0.975659
