0.075748	0.996844	0.023748	-0.973019	0.079101	-0.216743	-0.217937	-0.006690	0.975940
0.076160	0.996821	0.023411	-0.973068	0.079428	-0.216399	-0.217571	-0.006300	0.976024
0.076577	0.996796	0.023100	-0.973137	0.079764	-0.215968	-0.217118	-0.005942	0.976127
0.076793	0.996791	0.022571	-0.973153	0.079860	-0.215861	-0.216971	-0.005389	0.976163
0.076692	0.996809	0.022157	-0.973128	0.079673	-0.216040	-0.217116	-0.004993	0.976133
0.076319	0.996839	0.022095	-0.973231	0.079293	-0.215715	-0.216785	-0.005040	0.976206
0.076114	0.996854	0.022092	-0.973275	0.079092	-0.215592	-0.216661	-0.005092	0.976234
0.075903	0.996873	0.021999	-0.973417	0.078863	-0.215036	-0.216098	-0.005092	0.976358
0.076232	0.996847	0.022001	-0.973378	0.079185	-0.215095	-0.216159	-0.005018	0.976345
0.076520	0.996831	0.021728	-0.973306	0.079407	-0.215335	-0.216378	-0.004670	0.976298
0.076682	0.996826	0.021391	-0.973347	0.079492	-0.215121	-0.216138	-0.004325	0.976353
0.076775	0.996824	0.021167	-0.973356	0.079534	-0.215062	-0.216062	-0.004092	0.976371
0.076796	0.996818	0.021337	-0.973314	0.079592	-0.215231	-0.216245	-0.004239	0.976330
0.076562	0.996835	0.021418	-0.973361	0.079381	-0.215098	-0.216117	-0.004379	0.976358
0.076372	0.996848	0.021494	-0.973460	0.079210	-0.214711	-0.215737	-0.004526	0.976441
0.076307	0.996856	0.021328	-0.973450	0.079111	-0.214795	-0.215807	-0.004372	0.976426
0.076170	0.996862	0.021556	-0.973388	0.079028	-0.215108	-0.216136	-0.004597	0.976352
0.076221	0.996856	0.021643	-0.973342	0.079097	-0.215286	-0.216321	-0.004656	0.976311
0.076315	0.996847	0.021725	-0.973350	0.079207	-0.215212	-0.216254	-0.004722	0.976326
0.076291	0.996846	0.021835	-0.973372	0.079206	-0.215114	-0.216165	-0.004842	0.976345
0.076245	0.996851	0.021774	-0.973435	0.079147	-0.214847	-0.215894	-0.004815	0.976405
0.076454	0.996835	0.021803	-0.973410	0.079358	-0.214883	-0.215933	-0.004795	0.976396
0.076678	0.996815	0.021911	-0.973441	0.079599	-0.214656	-0.215716	-0.004870	0.976444
0.076916	0.996793	0.022097	-0.973527	0.079869	-0.214164	-0.215242	-0.005040	0.976548
0.076911	0.996788	0.022312	-0.973623	0.079907	-0.213715	-0.214811	-0.005286	0.976641
0.077378	0.996756	0.022151	-0.973529	0.080330	-0.213981	-0.215067	-0.005007	0.976587
