0.987892	0.154851	0.009489	-0.152982	0.982488	-0.106369	-0.025794	0.103629	0.994281
0.987953	0.154456	0.009627	-0.152580	0.982570	-0.106186	-0.025860	0.103438	0.994300
0.987997	0.154157	0.009858	-0.152265	0.982646	-0.105932	-0.026017	0.103160	0.994324
0.987927	0.154599	0.009918	-0.152690	0.982544	-0.106273	-0.026175	0.103475	0.994288
0.987721	0.155942	0.009485	-0.154069	0.982326	-0.106294	-0.025893	0.103527	0.994290
0.987441	0.157731	0.009020	-0.155892	0.982018	-0.106478	-0.025652	0.103734	0.994274
0.987079	0.160004	0.008633	-0.158195	0.981659	-0.106394	-0.025498	0.103653	0.994287
0.986659	0.162596	0.008211	-0.160829	0.981285	-0.105894	-0.025275	0.103161	0.994344
0.986390	0.164231	0.007961	-0.162490	0.981051	-0.105525	-0.025140	0.102795	0.994385
0.986276	0.164955	0.007019	-0.163293	0.980856	-0.106098	-0.024386	0.103495	0.994331
0.986167	0.165631	0.006435	-0.164015	0.980686	-0.106552	-0.023959	0.104022	0.994286
0.986039	0.166417	0.005678	-0.164879	0.980557	-0.106406	-0.023276	0.103985	0.994307
0.985922	0.167113	0.005554	-0.165582	0.980430	-0.106492	-0.023242	0.104073	0.994298
0.985811	0.167776	0.005228	-0.166267	0.980277	-0.106831	-0.023049	0.104445	0.994263
0.985727	0.168280	0.004917	-0.166796	0.980162	-0.107055	-0.022835	0.104707	0.994241
0.985641	0.168786	0.004860	-0.167308	0.980088	-0.106934	-0.022813	0.104585	0.994254
0.985524	0.169474	0.004609	-0.168017	0.979961	-0.106985	-0.022648	0.104662	0.994250
0.985434	0.169996	0.004504	-0.168543	0.979849	-0.107188	-0.022635	0.104867	0.994229
0.985439	0.169976	0.004340	-0.168537	0.979838	-0.107297	-0.022491	0.105004	0.994218
0.985463	0.169836	0.004263	-0.168403	0.979848	-0.107418	-0.022421	0.105139	0.994205
0.985461	0.169846	0.004345	-0.168406	0.979853	-0.107364	-0.022493	0.105071	0.994210
0.985439	0.169973	0.004384	-0.168528	0.979830	-0.107386	-0.022548	0.105083	0.994208
0.985404	0.170172	0.004440	-0.168714	0.979772	-0.107625	-0.022665	0.105305	0.994182
0.985373	0.170348	0.004632	-0.168867	0.979735	-0.107717	-0.022888	0.105359	0.994171
0.985384	0.170283	0.004785	-0.168789	0.979759	-0.107622	-0.023014	0.105241	0.994180
