0.986514	-0.129912	0.099562	0.144552	0.976856	-0.157663	-0.076775	0.169929	0.982461
0.986595	-0.129007	0.099942	0.143709	0.977005	-0.157512	-0.077324	0.169763	0.982447
0.986731	-0.127466	0.100569	0.142296	0.977198	-0.157594	-0.078188	0.169813	0.982370
0.986793	-0.126866	0.100721	0.141725	0.977288	-0.157548	-0.078446	0.169742	0.982361
0.986895	-0.125579	0.101328	0.140629	0.977298	-0.158469	-0.079127	0.170642	0.982151
0.987183	-0.122484	0.102310	0.137811	0.977543	-0.159430	-0.080485	0.171486	0.981893
0.987337	-0.121233	0.102315	0.136561	0.977741	-0.159292	-0.080726	0.171247	0.981915
0.987192	-0.121855	0.102973	0.137253	0.977719	-0.158832	-0.081324	0.170931	0.981921
0.987196	-0.122069	0.102683	0.137399	0.977729	-0.158641	-0.081031	0.170718	0.981982
0.987227	-0.122163	0.102273	0.137375	0.977825	-0.158068	-0.080695	0.170098	0.982118
0.987173	-0.122926	0.101874	0.137953	0.977960	-0.156729	-0.080363	0.168773	0.982373
0.986947	-0.124858	0.101717	0.139559	0.978279	-0.153277	-0.080370	0.165472	0.982934
0.986566	-0.127506	0.102126	0.141870	0.978665	-0.148619	-0.080997	0.161111	0.983607
0.986516	-0.128179	0.101767	0.142275	0.978981	-0.146133	-0.080896	0.158641	0.984017
0.986531	-0.129656	0.099731	0.143221	0.979200	-0.143719	-0.079022	0.156067	0.984580
0.986506	-0.130634	0.098699	0.143929	0.979283	-0.142438	-0.078047	0.154721	0.984871
0.986450	-0.131019	0.098745	0.144280	0.979302	-0.141955	-0.078103	0.154278	0.984936
0.986462	-0.132101	0.097171	0.145090	0.979218	-0.141706	-0.076432	0.153886	0.985128
0.986322	-0.133405	0.096805	0.146322	0.979044	-0.141641	-0.075881	0.153868	0.985173
0.986143	-0.135096	0.096290	0.147858	0.978933	-0.140815	-0.075238	0.153101	0.985342
0.986038	-0.135871	0.096272	0.148584	0.978898	-0.140292	-0.075179	0.152638	0.985419
0.985932	-0.136295	0.096753	0.149112	0.978757	-0.140716	-0.075519	0.153163	0.985311
0.985744	-0.137709	0.096665	0.150555	0.978437	-0.141401	-0.075108	0.153939	0.985222
0.985565	-0.138790	0.096945	0.151729	0.978144	-0.142171	-0.075095	0.154828	0.985083
0.985734	-0.137605	0.096919	0.150644	0.978131	-0.143407	-0.075066	0.155961	0.984907
