0.946685	-0.302654	0.110396	0.309427	0.949604	-0.050074	-0.089677	0.081564	0.992625
0.946508	-0.303320	0.110089	0.310067	0.949396	-0.050051	-0.089336	0.081509	0.992661
0.946316	-0.303970	0.109948	0.310737	0.949159	-0.050391	-0.089040	0.081851	0.992659
0.946285	-0.304234	0.109487	0.311090	0.948968	-0.051802	-0.088139	0.083080	0.992637
0.946168	-0.304499	0.109752	0.311534	0.948725	-0.053549	-0.087819	0.084858	0.992515
0.946203	-0.304175	0.110352	0.311367	0.948711	-0.054750	-0.088039	0.086164	0.992383
0.946155	-0.304202	0.110692	0.311506	0.948611	-0.055687	-0.088063	0.087170	0.992293
0.945980	-0.304661	0.110916	0.312016	0.948424	-0.056016	-0.088130	0.087597	0.992250
0.945905	-0.304883	0.110952	0.312293	0.948298	-0.056595	-0.087961	0.088183	0.992213
0.946116	-0.304168	0.111111	0.311687	0.948432	-0.057685	-0.087835	0.089209	0.992132
0.946317	-0.303507	0.111213	0.311096	0.948582	-0.058399	-0.087770	0.089862	0.992079
0.946221	-0.303828	0.111148	0.311374	0.948519	-0.057954	-0.087818	0.089446	0.992113
0.946058	-0.304376	0.111043	0.311897	0.948358	-0.057771	-0.087724	0.089289	0.992135
0.946182	-0.304099	0.110744	0.311616	0.948434	-0.058037	-0.087384	0.089423	0.992153
0.946424	-0.303137	0.111307	0.310662	0.948775	-0.057579	-0.088151	0.089073	0.992117
0.946828	-0.302018	0.110913	0.309462	0.949195	-0.057108	-0.088030	0.088395	0.992188
0.947206	-0.300639	0.111434	0.308194	0.949563	-0.057853	-0.088420	0.089142	0.992086
0.947194	-0.300722	0.111313	0.308244	0.949561	-0.057609	-0.088374	0.088878	0.992114
0.947214	-0.300777	0.110991	0.308246	0.949577	-0.057333	-0.088150	0.088519	0.992166
0.946872	-0.302070	0.110396	0.309397	0.949265	-0.056294	-0.087790	0.087459	0.992292
0.946557	-0.303506	0.109156	0.310651	0.948907	-0.055426	-0.086757	0.086373	0.992478
0.946422	-0.304188	0.108420	0.311246	0.948728	-0.055142	-0.086088	0.085933	0.992575
0.946326	-0.304496	0.108390	0.311549	0.948631	-0.055110	-0.086042	0.085921	0.992580
0.946347	-0.304529	0.108118	0.311547	0.948639	-0.054975	-0.085823	0.085709	0.992617
0.946191	-0.305066	0.107971	0.312065	0.948474	-0.054888	-0.085663	0.085629	0.992638
0.946142	-0.305122	0.108241	0.312154	0.948438	-0.055000	-0.085878	0.085826	0.992602
