0.743054	-0.653316	0.145083	0.661397	0.749966	-0.010259	-0.102105	0.103580	0.989366
0.742240	-0.654310	0.144767	0.662296	0.749181	-0.009572	-0.102194	0.102984	0.989419
0.741415	-0.655168	0.145118	0.663153	0.748428	-0.009136	-0.102625	0.103009	0.989372
0.742084	-0.654323	0.145510	0.662389	0.749098	-0.009595	-0.102723	0.103505	0.989310
0.743288	-0.652918	0.145673	0.661098	0.750224	-0.010648	-0.102335	0.104218	0.989276
0.743877	-0.652048	0.146561	0.660378	0.750849	-0.011260	-0.102703	0.105162	0.989138
0.744952	-0.650679	0.147183	0.659114	0.751951	-0.011751	-0.103028	0.105764	0.989039
0.746071	-0.649248	0.147837	0.657773	0.753119	-0.012075	-0.103499	0.106252	0.988938
0.746345	-0.648961	0.147709	0.657507	0.753346	-0.012424	-0.103213	0.106392	0.988953
0.745515	-0.649932	0.147631	0.658441	0.752536	-0.012056	-0.103262	0.106195	0.988969
0.745460	-0.650057	0.147359	0.658524	0.752465	-0.011936	-0.103124	0.105937	0.989011
0.745541	-0.649970	0.147334	0.658438	0.752539	-0.011981	-0.103087	0.105943	0.989014
0.745363	-0.650169	0.147356	0.658646	0.752356	-0.012025	-0.103046	0.106019	0.989010
0.745332	-0.650256	0.147130	0.658722	0.752288	-0.012141	-0.102789	0.105967	0.989043
0.745697	-0.649921	0.146762	0.658341	0.752623	-0.012114	-0.102583	0.105652	0.989098
0.744815	-0.650841	0.147162	0.659249	0.751837	-0.011499	-0.103158	0.105580	0.989046
0.743988	-0.651724	0.147438	0.660111	0.751089	-0.010933	-0.103614	0.105459	0.989011
0.743796	-0.652085	0.146811	0.660428	0.750807	-0.011128	-0.102970	0.105235	0.989102
0.743715	-0.652284	0.146331	0.660616	0.750636	-0.011496	-0.102343	0.105218	0.989169
0.743702	-0.652471	0.145566	0.660697	0.750568	-0.011250	-0.101917	0.104542	0.989285
0.743730	-0.652782	0.144020	0.660752	0.750533	-0.010326	-0.101352	0.102841	0.989521
0.743170	-0.653700	0.142740	0.661473	0.749907	-0.009612	-0.100758	0.101562	0.989714
0.741914	-0.655240	0.142209	0.662850	0.748705	-0.008414	-0.100960	0.100506	0.989801
0.741416	-0.655861	0.141948	0.663376	0.748246	-0.007694	-0.101166	0.099869	0.989844
0.741229	-0.655985	0.142348	0.663516	0.748125	-0.007435	-0.101616	0.099961	0.989789
