0.593118	-0.791735	0.146173	0.799183	0.600962	0.012261	-0.097551	0.109547	0.989183
0.592540	-0.792170	0.146161	0.799610	0.600391	0.012390	-0.097569	0.109530	0.989183
0.593466	-0.791399	0.146579	0.798879	0.601364	0.012356	-0.097926	0.109766	0.989122
0.594061	-0.790901	0.146856	0.798445	0.601948	0.011961	-0.097859	0.110151	0.989086
0.593258	-0.791533	0.146702	0.799063	0.601128	0.012013	-0.097696	0.110097	0.989108
0.592998	-0.791765	0.146498	0.799259	0.600863	0.012174	-0.097664	0.109871	0.989136
0.593952	-0.791017	0.146672	0.798556	0.601804	0.011816	-0.097614	0.110107	0.989115
0.594421	-0.790697	0.146500	0.798239	0.602230	0.011543	-0.097354	0.110081	0.989143
0.592723	-0.791994	0.146369	0.799487	0.600563	0.012076	-0.097468	0.109862	0.989156
0.591787	-0.792844	0.145557	0.800165	0.599639	0.013004	-0.097592	0.108774	0.989264
0.591359	-0.793468	0.143886	0.800443	0.599228	0.014730	-0.097908	0.106462	0.989485
0.592775	-0.792517	0.143300	0.799555	0.600446	0.013312	-0.096594	0.106686	0.989590
0.592414	-0.792907	0.142628	0.799777	0.600126	0.014340	-0.096965	0.105576	0.989672
0.592348	-0.793075	0.141970	0.799859	0.600013	0.014514	-0.096695	0.104958	0.989765
0.592457	-0.792933	0.142309	0.799775	0.600131	0.014274	-0.096722	0.105358	0.989719
0.592977	-0.792420	0.142996	0.799376	0.600672	0.013796	-0.096826	0.106127	0.989627
0.592760	-0.792469	0.143627	0.799522	0.600484	0.013509	-0.096951	0.106825	0.989540
0.591862	-0.793108	0.143806	0.800180	0.599606	0.013606	-0.097018	0.107018	0.989512
0.590915	-0.793829	0.143717	0.800878	0.598668	0.013840	-0.097025	0.106922	0.989522
0.590110	-0.794376	0.144000	0.801427	0.597924	0.014210	-0.097389	0.107020	0.989476
0.589541	-0.794763	0.144197	0.801818	0.597394	0.014443	-0.097621	0.107105	0.989444
0.589066	-0.795056	0.144527	0.802161	0.596936	0.014335	-0.097670	0.107490	0.989397
0.588848	-0.795153	0.144877	0.802311	0.596737	0.014206	-0.097750	0.107871	0.989348
0.589203	-0.794891	0.144873	0.802043	0.597097	0.014227	-0.097813	0.107812	0.989348
0.589505	-0.794591	0.145290	0.801777	0.597452	0.014301	-0.098167	0.108060	0.989286
