0.856909	-0.497960	0.133207	0.507557	0.860199	-0.049440	-0.089965	0.109975	0.989854
0.857247	-0.497348	0.133316	0.507043	0.860446	-0.050405	-0.089642	0.110807	0.989791
0.857717	-0.496437	0.133684	0.506184	0.860942	-0.050563	-0.089993	0.111037	0.989733
0.858597	-0.494887	0.133783	0.504606	0.861889	-0.050204	-0.090461	0.110612	0.989738
0.859151	-0.493954	0.133673	0.503625	0.862483	-0.049852	-0.090667	0.110151	0.989771
0.858657	-0.494950	0.133166	0.504533	0.861974	-0.049460	-0.090305	0.109656	0.989859
0.858400	-0.495386	0.133197	0.505027	0.861652	-0.050038	-0.089981	0.110221	0.989826
0.858464	-0.495227	0.133376	0.504927	0.861685	-0.050474	-0.089932	0.110675	0.989779
0.858791	-0.494468	0.134089	0.504254	0.862073	-0.050569	-0.090590	0.111043	0.989678
0.859366	-0.493355	0.134500	0.503216	0.862659	-0.050925	-0.090904	0.111445	0.989604
0.859543	-0.493071	0.134413	0.502914	0.862839	-0.050852	-0.090904	0.111308	0.989620
0.859279	-0.493635	0.134031	0.503425	0.862549	-0.050723	-0.090569	0.111060	0.989678
0.859378	-0.493620	0.133450	0.503387	0.862544	-0.051187	-0.089840	0.111166	0.989733
0.859474	-0.493569	0.133022	0.503287	0.862602	-0.051181	-0.089484	0.110937	0.989791
0.859011	-0.494398	0.132931	0.504077	0.862162	-0.050825	-0.089480	0.110667	0.989821
0.859023	-0.494446	0.132676	0.504078	0.862173	-0.050622	-0.089360	0.110364	0.989866
0.859331	-0.494255	0.131389	0.503623	0.862516	-0.049295	-0.088961	0.108531	0.990104
0.859321	-0.494692	0.129799	0.503768	0.862508	-0.047939	-0.088237	0.106584	0.990381
0.858647	-0.495856	0.129816	0.504907	0.861861	-0.047591	-0.088285	0.106409	0.990395
0.858588	-0.495968	0.129777	0.505114	0.861677	-0.048702	-0.087671	0.107367	0.990346
0.860603	-0.492495	0.129656	0.501785	0.863510	-0.050616	-0.087031	0.108620	0.990266
0.862469	-0.489110	0.130076	0.498487	0.865382	-0.051224	-0.087512	0.109020	0.990180
0.861582	-0.490273	0.131562	0.499797	0.864642	-0.050967	-0.088766	0.109667	0.989997
0.860743	-0.491581	0.132169	0.501220	0.863790	-0.051437	-0.088881	0.110520	0.989892
0.860591	-0.491862	0.132113	0.501541	0.863573	-0.051945	-0.088540	0.110964	0.989873
