0.904404	-0.409049	0.121380	0.417283	0.907314	-0.051544	-0.089046	0.097266	0.991267
0.903339	-0.411509	0.120994	0.419589	0.906327	-0.050169	-0.089015	0.096088	0.991385
0.902184	-0.414119	0.120703	0.421982	0.905335	-0.047963	-0.089415	0.094206	0.991529
0.901475	-0.415697	0.120576	0.423458	0.904700	-0.046911	-0.089584	0.093348	0.991595
0.900614	-0.417642	0.120286	0.425424	0.903754	-0.047365	-0.088928	0.093830	0.991609
0.899260	-0.420750	0.119590	0.428623	0.902153	-0.049020	-0.087263	0.095340	0.991612
0.897906	-0.423620	0.119630	0.431661	0.900604	-0.050800	-0.086219	0.097253	0.991518
0.897552	-0.424240	0.120083	0.432466	0.900127	-0.052388	-0.085865	0.098953	0.991381
0.898279	-0.422448	0.120970	0.430899	0.900782	-0.054014	-0.086149	0.100645	0.991186
0.899065	-0.420629	0.121465	0.429133	0.901620	-0.054096	-0.086761	0.100760	0.991121
0.899467	-0.419719	0.121633	0.428259	0.902020	-0.054350	-0.086904	0.100977	0.991086
0.900088	-0.418371	0.121681	0.426944	0.902622	-0.054704	-0.086946	0.101189	0.991061
0.900779	-0.417063	0.121058	0.425605	0.903229	-0.055118	-0.086356	0.101172	0.991114
0.901504	-0.415859	0.119804	0.424127	0.904023	-0.053470	-0.086070	0.099015	0.991357
0.901868	-0.415784	0.117290	0.423519	0.904498	-0.050155	-0.085235	0.094908	0.991830
0.901720	-0.416203	0.116946	0.423930	0.904290	-0.050432	-0.084763	0.095052	0.991857
0.900589	-0.418254	0.118333	0.426047	0.903341	-0.049583	-0.086157	0.095069	0.991735
0.900132	-0.418836	0.119747	0.426606	0.903176	-0.047750	-0.088153	0.094066	0.991656
0.901451	-0.416280	0.118731	0.423965	0.904406	-0.047983	-0.087407	0.093592	0.991766
0.902543	-0.414010	0.118371	0.421768	0.905363	-0.049290	-0.086762	0.094411	0.991745
0.903139	-0.412704	0.118383	0.420549	0.905873	-0.050315	-0.086475	0.095227	0.991692
0.903386	-0.412413	0.117510	0.420204	0.906013	-0.050674	-0.085567	0.095157	0.991778
0.903186	-0.412730	0.117936	0.420535	0.905878	-0.050354	-0.086053	0.095075	0.991744
0.902966	-0.413293	0.117648	0.421056	0.905646	-0.050171	-0.085812	0.094839	0.991787
0.902794	-0.413803	0.117176	0.421549	0.905400	-0.050480	-0.085203	0.094969	0.991827
