0.806263	-0.573518	0.144972	0.583274	0.811599	-0.033142	-0.098652	0.111280	0.988881
0.806079	-0.573787	0.144930	0.583562	0.811383	-0.033368	-0.098448	0.111473	0.988879
0.806030	-0.573993	0.144388	0.583715	0.811269	-0.033452	-0.097936	0.111245	0.988956
0.806039	-0.573929	0.144589	0.583677	0.811296	-0.033479	-0.098090	0.111379	0.988925
0.806226	-0.573613	0.144800	0.583414	0.811472	-0.033785	-0.098121	0.111717	0.988884
0.806717	-0.572818	0.145216	0.582718	0.811947	-0.034371	-0.098219	0.112347	0.988803
0.806847	-0.572618	0.145281	0.582573	0.812031	-0.034847	-0.098019	0.112753	0.988777
0.805759	-0.573976	0.145962	0.584005	0.811007	-0.034723	-0.098446	0.113220	0.988681
0.804953	-0.574873	0.146875	0.584981	0.810317	-0.034403	-0.099238	0.113612	0.988557
0.804778	-0.575085	0.146999	0.585171	0.810196	-0.034017	-0.099536	0.113396	0.988551
0.804599	-0.575406	0.146728	0.585492	0.809951	-0.034319	-0.099095	0.113521	0.988581
0.804468	-0.575552	0.146870	0.585725	0.809753	-0.035011	-0.098778	0.114191	0.988536
0.804321	-0.575664	0.147236	0.585868	0.809655	-0.034887	-0.099127	0.114321	0.988486
0.804281	-0.575714	0.147259	0.585914	0.809625	-0.034816	-0.099181	0.114283	0.988485
0.804303	-0.575700	0.147196	0.585876	0.809659	-0.034652	-0.099230	0.114109	0.988500
0.804417	-0.575636	0.146821	0.585746	0.809763	-0.034438	-0.099066	0.113703	0.988563
0.804617	-0.575370	0.146767	0.585484	0.809947	-0.034554	-0.098992	0.113732	0.988567
0.804626	-0.575383	0.146669	0.585483	0.809949	-0.034525	-0.098929	0.113651	0.988583
0.804616	-0.575508	0.146232	0.585526	0.809932	-0.034205	-0.098752	0.113144	0.988659
0.804797	-0.575355	0.145839	0.585309	0.810096	-0.034029	-0.098564	0.112747	0.988723
0.805399	-0.574442	0.146110	0.584451	0.810702	-0.034325	-0.098734	0.113040	0.988673
0.805960	-0.573579	0.146406	0.583640	0.811278	-0.034550	-0.098959	0.113295	0.988621
0.806106	-0.573368	0.146435	0.583336	0.811535	-0.033617	-0.099563	0.112520	0.988649
0.806098	-0.573523	0.145868	0.583443	0.811452	-0.033772	-0.098996	0.112329	0.988727
0.805590	-0.574308	0.145584	0.584172	0.810939	-0.033482	-0.098830	0.112019	0.988779
