0.771894	-0.617774	0.150115	0.626637	0.779153	-0.015701	-0.107263	0.106187	0.988544
0.772129	-0.617360	0.150611	0.626268	0.779450	-0.015660	-0.107726	0.106415	0.988469
0.772098	-0.617385	0.150668	0.626277	0.779448	-0.015451	-0.107899	0.106289	0.988464
0.772095	-0.617435	0.150477	0.626345	0.779386	-0.015801	-0.107524	0.106450	0.988487
0.772024	-0.617460	0.150737	0.626426	0.779316	-0.016048	-0.107563	0.106815	0.988444
0.771991	-0.617373	0.151263	0.626394	0.779341	-0.016046	-0.107979	0.107138	0.988363
0.771940	-0.617347	0.151626	0.626435	0.779303	-0.016289	-0.108107	0.107558	0.988304
0.771640	-0.617674	0.151821	0.626811	0.778996	-0.016517	-0.108066	0.107909	0.988270
0.771605	-0.617636	0.152156	0.626848	0.778959	-0.016864	-0.108108	0.108392	0.988213
0.771366	-0.617837	0.152550	0.627075	0.778780	-0.016680	-0.108497	0.108527	0.988155
0.771200	-0.618000	0.152731	0.627282	0.778609	-0.016888	-0.108481	0.108830	0.988124
0.770723	-0.618477	0.153208	0.627868	0.778127	-0.017350	-0.108485	0.109566	0.988042
0.770004	-0.619331	0.153370	0.628724	0.777440	-0.017129	-0.108627	0.109616	0.988020
0.769385	-0.620035	0.153634	0.629387	0.776918	-0.016438	-0.109168	0.109342	0.987991
0.769521	-0.619720	0.154218	0.629144	0.777113	-0.016517	-0.109610	0.109735	0.987899
0.769944	-0.619256	0.153974	0.628636	0.777527	-0.016408	-0.109558	0.109427	0.987939
0.770064	-0.619193	0.153627	0.628541	0.777601	-0.016476	-0.109258	0.109249	0.987992
0.770491	-0.618603	0.153863	0.628023	0.778010	-0.016946	-0.109224	0.109686	0.987947
0.771044	-0.617861	0.154074	0.627307	0.778586	-0.017024	-0.109441	0.109778	0.987913
0.771243	-0.617522	0.154437	0.627016	0.778818	-0.017124	-0.109704	0.110041	0.987854
0.771105	-0.617799	0.154021	0.627257	0.778622	-0.017203	-0.109296	0.109876	0.987918
0.770524	-0.618767	0.153036	0.628091	0.777956	-0.016900	-0.108598	0.109143	0.988076
0.770183	-0.619382	0.152260	0.628624	0.777526	-0.016880	-0.107931	0.108715	0.988196
0.770038	-0.619697	0.151714	0.628902	0.777298	-0.017068	-0.107350	0.108557	0.988277
0.770085	-0.619659	0.151629	0.628888	0.777301	-0.017383	-0.107090	0.108744	0.988285
