0.720497	-0.677672	0.147121	0.685576	0.727989	-0.004194	-0.104261	0.103884	0.989110
0.720574	-0.677623	0.146970	0.685527	0.728034	-0.004355	-0.104048	0.103890	0.989131
0.720323	-0.677920	0.146831	0.685752	0.727825	-0.003789	-0.104299	0.103419	0.989154
0.719620	-0.678661	0.146857	0.686407	0.727212	-0.002869	-0.104849	0.102868	0.989154
0.718580	-0.679881	0.146301	0.687503	0.726178	-0.002125	-0.104796	0.102109	0.989238
0.717282	-0.681372	0.145731	0.688854	0.724899	-0.001208	-0.104817	0.101254	0.989323
0.716427	-0.682444	0.144924	0.689780	0.724019	-0.000514	-0.104577	0.100334	0.989443
0.715464	-0.683539	0.144517	0.690787	0.723058	0.000030	-0.104515	0.099809	0.989502
0.714573	-0.684474	0.144504	0.691674	0.722209	0.000568	-0.104751	0.099543	0.989504
0.713749	-0.685347	0.144438	0.692512	0.721405	0.000922	-0.104831	0.099367	0.989513
0.713375	-0.685764	0.144306	0.692923	0.721011	0.000897	-0.104661	0.099353	0.989533
0.713908	-0.685161	0.144530	0.692375	0.721537	0.000533	-0.104649	0.099689	0.989500
0.714426	-0.684474	0.145225	0.691760	0.722128	0.000457	-0.105184	0.100135	0.989399
0.714132	-0.684841	0.144940	0.692122	0.721780	0.000268	-0.104799	0.100125	0.989440
0.713917	-0.685085	0.144850	0.692428	0.721487	-0.000390	-0.104240	0.100577	0.989454
0.714356	-0.684677	0.144609	0.692069	0.721831	-0.001125	-0.103613	0.100884	0.989488
0.714491	-0.684481	0.144876	0.691904	0.721988	-0.001187	-0.103786	0.101088	0.989449
0.714926	-0.683977	0.145105	0.691413	0.722459	-0.001127	-0.104061	0.101133	0.989416
0.715588	-0.683327	0.144906	0.690715	0.723126	-0.000938	-0.104144	0.100760	0.989445
0.715915	-0.682971	0.144967	0.690349	0.723476	-0.000810	-0.104328	0.100658	0.989436
0.716135	-0.682774	0.144811	0.690139	0.723677	-0.000857	-0.104211	0.100553	0.989459
0.716483	-0.682516	0.144304	0.689839	0.723962	-0.000991	-0.103794	0.100257	0.989533
0.716260	-0.682873	0.143721	0.690097	0.723716	-0.000573	-0.103622	0.099592	0.989618
