0.779416	-0.609105	0.146636	0.617827	0.786094	-0.018622	-0.103927	0.105110	0.989015
0.779401	-0.609004	0.147131	0.617790	0.786120	-0.018728	-0.104257	0.105493	0.988940
0.779777	-0.608525	0.147122	0.617288	0.786518	-0.018560	-0.104420	0.105290	0.988944
0.780172	-0.607883	0.147683	0.616705	0.786975	-0.018599	-0.104917	0.105587	0.988860
0.780292	-0.607506	0.148597	0.616426	0.787193	-0.018627	-0.105658	0.106134	0.988722
0.780490	-0.607303	0.148389	0.616144	0.787425	-0.018115	-0.105843	0.105568	0.988763
0.780628	-0.607063	0.148640	0.615904	0.787619	-0.017877	-0.106219	0.105503	0.988730
0.780919	-0.606699	0.148601	0.615618	0.787823	-0.018684	-0.105736	0.106072	0.988721
0.781284	-0.606096	0.149141	0.615170	0.788150	-0.019634	-0.105646	0.107087	0.988621
0.781452	-0.605720	0.149784	0.614975	0.788275	-0.020695	-0.105536	0.108286	0.988502
0.781114	-0.605961	0.150573	0.615388	0.787932	-0.021465	-0.105634	0.109427	0.988366
0.780764	-0.606341	0.150861	0.615877	0.787530	-0.022159	-0.105372	0.110213	0.988307
0.780299	-0.606885	0.151074	0.616563	0.786963	-0.023217	-0.104800	0.111263	0.988250
0.779885	-0.607469	0.150867	0.617239	0.786401	-0.024269	-0.103899	0.112048	0.988256
0.780097	-0.607143	0.151081	0.617007	0.786562	-0.024951	-0.103686	0.112682	0.988206
0.780312	-0.606765	0.151488	0.616708	0.786786	-0.025285	-0.103846	0.113154	0.988136
0.780918	-0.605909	0.151794	0.615934	0.787376	-0.025796	-0.103889	0.113640	0.988075
0.783319	-0.602823	0.151707	0.612925	0.789685	-0.026863	-0.103607	0.114027	0.988060
0.786096	-0.599203	0.151689	0.609337	0.792435	-0.027482	-0.103736	0.114033	0.988046
0.786005	-0.599328	0.151667	0.609432	0.792371	-0.027205	-0.103872	0.113814	0.988057
0.785246	-0.600073	0.152649	0.610367	0.791629	-0.027860	-0.104123	0.115049	0.987888
0.785426	-0.599871	0.152513	0.610150	0.791795	-0.027884	-0.104033	0.114957	0.987908
0.786711	-0.598179	0.152536	0.608452	0.793099	-0.027928	-0.104270	0.114783	0.987903
0.787211	-0.597523	0.152527	0.607808	0.793586	-0.028107	-0.104249	0.114834	0.987899
0.786960	-0.597875	0.152443	0.608116	0.793363	-0.027753	-0.104350	0.114544	0.987922
