0.969573	-0.215276	0.116555	0.227488	0.968199	-0.104119	-0.090434	0.127466	0.987712
0.969197	-0.216942	0.116590	0.229090	0.967897	-0.103408	-0.090413	0.126932	0.987782
0.968829	-0.218794	0.116191	0.230709	0.967721	-0.101435	-0.090247	0.125080	0.988034
0.968621	-0.219860	0.115911	0.231691	0.967541	-0.100912	-0.089962	0.124601	0.988120
0.968185	-0.221185	0.117029	0.233130	0.967224	-0.100636	-0.090934	0.124717	0.988016
0.968024	-0.221624	0.117527	0.233692	0.967020	-0.101296	-0.091201	0.125522	0.987890
0.968245	-0.220520	0.117780	0.232762	0.967083	-0.102821	-0.091229	0.126970	0.987702
0.968190	-0.220167	0.118892	0.232632	0.967024	-0.103666	-0.092148	0.128026	0.987481
0.968423	-0.218487	0.120084	0.231154	0.967326	-0.104152	-0.093405	0.128621	0.987285
0.969511	-0.213182	0.120841	0.226087	0.968371	-0.105553	-0.094517	0.129655	0.987044
0.970821	-0.207435	0.120320	0.220398	0.969547	-0.106787	-0.094505	0.130189	0.986975
0.970525	-0.208744	0.120446	0.221692	0.969286	-0.106476	-0.094521	0.130039	0.986993
0.969438	-0.213031	0.121687	0.226086	0.968329	-0.105947	-0.095263	0.130221	0.986898
0.969062	-0.214789	0.121591	0.227828	0.967922	-0.105932	-0.094938	0.130356	0.986911
0.968724	-0.216133	0.121906	0.229211	0.967596	-0.105923	-0.095062	0.130552	0.986873
0.968511	-0.216652	0.122668	0.229883	0.967377	-0.106470	-0.095600	0.131316	0.986720
0.968769	-0.215268	0.123072	0.228547	0.967701	-0.106395	-0.096194	0.131200	0.986678
0.968891	-0.214566	0.123339	0.227717	0.968080	-0.104717	-0.096933	0.129546	0.986824
0.969003	-0.214007	0.123425	0.227037	0.968385	-0.103365	-0.097402	0.128183	0.986956
0.969463	-0.212854	0.121796	0.225661	0.968720	-0.103242	-0.096011	0.127574	0.987171
0.969612	-0.212804	0.120691	0.225401	0.968856	-0.102535	-0.095112	0.126623	0.987381
0.969701	-0.212690	0.120177	0.225172	0.968963	-0.102022	-0.094748	0.125992	0.987496
0.969686	-0.212945	0.119851	0.225241	0.969104	-0.100519	-0.094743	0.124467	0.987690
0.969574	-0.213181	0.120332	0.225367	0.969257	-0.098748	-0.095581	0.122862	0.987810
