0.736152	-0.660440	0.147983	0.668909	0.743272	-0.010354	-0.103153	0.106609	0.988936
0.736177	-0.660390	0.148082	0.668869	0.743308	-0.010349	-0.103236	0.106666	0.988921
0.736817	-0.659783	0.147604	0.668228	0.743881	-0.010576	-0.102822	0.106425	0.988990
0.738091	-0.658394	0.147441	0.666869	0.745091	-0.011162	-0.102508	0.106563	0.989008
0.738205	-0.658233	0.147588	0.666740	0.745204	-0.011334	-0.102522	0.106770	0.988984
0.737652	-0.658841	0.147643	0.667334	0.744676	-0.011088	-0.102641	0.106706	0.988979
0.737530	-0.659127	0.146975	0.667537	0.744496	-0.010959	-0.102199	0.106194	0.989080
0.737463	-0.659251	0.146750	0.667653	0.744390	-0.011105	-0.101918	0.106167	0.989111
0.737703	-0.658916	0.147049	0.667330	0.744682	-0.010942	-0.102295	0.106202	0.989069
0.738151	-0.658470	0.146801	0.666833	0.745130	-0.010750	-0.102308	0.105827	0.989108
0.738349	-0.658271	0.146697	0.666653	0.745286	-0.011055	-0.102054	0.105959	0.989120
0.738356	-0.658259	0.146717	0.666681	0.745256	-0.011427	-0.101820	0.106251	0.989112
0.738274	-0.658333	0.146796	0.666735	0.745212	-0.011139	-0.102061	0.106097	0.989104
0.738083	-0.658569	0.146695	0.666978	0.744992	-0.011292	-0.101850	0.106177	0.989117
0.737703	-0.659066	0.146375	0.667435	0.744584	-0.011201	-0.101606	0.105959	0.989166
0.737340	-0.659537	0.146082	0.667856	0.744209	-0.010976	-0.101477	0.105655	0.989212
0.736471	-0.660604	0.145648	0.668830	0.743342	-0.010425	-0.101380	0.105091	0.989282
0.735241	-0.661980	0.145615	0.670147	0.742165	-0.009758	-0.101611	0.104758	0.989293
0.734574	-0.662723	0.145600	0.670866	0.741518	-0.009468	-0.101690	0.104633	0.989298
0.734307	-0.663045	0.145480	0.671161	0.741253	-0.009308	-0.101666	0.104475	0.989317
0.733730	-0.663627	0.145736	0.671755	0.740717	-0.009108	-0.101905	0.104581	0.989282
0.733187	-0.664073	0.146441	0.672238	0.740283	-0.008703	-0.102628	0.104824	0.989181
0.733070	-0.664321	0.145899	0.672406	0.740134	-0.008463	-0.102363	0.104307	0.989263
0.732541	-0.664902	0.145906	0.672991	0.739603	-0.008426	-0.102310	0.104365	0.989263
0.732816	-0.664568	0.146046	0.672723	0.739840	-0.008959	-0.102097	0.104814	0.989237
