0.895973	0.081134	-0.436635	-0.111749	0.992724	-0.044844	0.429820	0.088972	0.898520
0.895894	0.081536	-0.436721	-0.112057	0.992703	-0.044538	0.429903	0.088839	0.898494
0.895792	0.082357	-0.436778	-0.112901	0.992614	-0.044388	0.429896	0.089075	0.898474
0.895659	0.082923	-0.436942	-0.113420	0.992567	-0.044123	0.430036	0.089077	0.898407
0.895495	0.083565	-0.437156	-0.113852	0.992545	-0.043490	0.430263	0.088716	0.898334
0.895649	0.083423	-0.436867	-0.113714	0.992556	-0.043598	0.429978	0.088726	0.898469
0.896017	0.082714	-0.436248	-0.112955	0.992634	-0.043794	0.429413	0.088516	0.898760
0.896448	0.082143	-0.435470	-0.112101	0.992744	-0.043508	0.428737	0.087819	0.899151
0.896595	0.081949	-0.435203	-0.111664	0.992811	-0.043101	0.428542	0.087240	0.899300
0.896365	0.082271	-0.435616	-0.111753	0.992829	-0.042447	0.429000	0.086730	0.899131
0.896451	0.082632	-0.435371	-0.111937	0.992825	-0.042049	0.428772	0.086429	0.899269
0.896576	0.083150	-0.435014	-0.112358	0.992788	-0.041809	0.428400	0.086362	0.899453
0.896621	0.083668	-0.434822	-0.112881	0.992731	-0.041746	0.428169	0.086513	0.899548
0.896585	0.084186	-0.434796	-0.113507	0.992655	-0.041860	0.428078	0.086883	0.899556
0.896480	0.084607	-0.434932	-0.114146	0.992568	-0.042193	0.428129	0.087471	0.899474
0.896236	0.085433	-0.435273	-0.115119	0.992453	-0.042240	0.428379	0.087965	0.899307
0.895871	0.086013	-0.435910	-0.115741	0.992389	-0.042053	0.428975	0.088127	0.899007
0.895488	0.086439	-0.436611	-0.116050	0.992374	-0.041552	0.429690	0.087878	0.898690
0.894941	0.087361	-0.437548	-0.116991	0.992279	-0.041169	0.430573	0.088033	0.898252
0.894356	0.088472	-0.438519	-0.118319	0.992123	-0.041149	0.431424	0.088687	0.897779
0.893980	0.089074	-0.439165	-0.119197	0.992005	-0.041439	0.431962	0.089393	0.897451
0.893838	0.089371	-0.439393	-0.119650	0.991942	-0.041642	0.432131	0.089794	0.897329
0.894169	0.089511	-0.438691	-0.119756	0.991927	-0.041702	0.431416	0.089825	0.897670
0.894368	0.089393	-0.438308	-0.119717	0.991920	-0.041981	0.431014	0.090019	0.897844
0.894515	0.088764	-0.438137	-0.119025	0.992001	-0.042031	0.430901	0.089746	0.897925
