0.891156	0.081057	-0.446397	-0.103827	0.994236	-0.026739	0.441656	0.070176	0.894435
0.890947	0.081442	-0.446744	-0.104138	0.994211	-0.026437	0.442005	0.070077	0.894271
0.890360	0.082601	-0.447702	-0.105376	0.994088	-0.026157	0.442895	0.070466	0.893800
0.890063	0.083042	-0.448210	-0.105961	0.994024	-0.026253	0.443351	0.070860	0.893543
0.889755	0.083989	-0.448645	-0.106842	0.993941	-0.025818	0.443758	0.070906	0.893337
0.889507	0.084803	-0.448983	-0.107560	0.993875	-0.025374	0.444081	0.070863	0.893180
0.889462	0.085200	-0.448996	-0.107919	0.993840	-0.025201	0.444083	0.070871	0.893178
0.889380	0.085403	-0.449122	-0.108125	0.993820	-0.025134	0.444199	0.070915	0.893117
0.889328	0.085642	-0.449179	-0.108300	0.993805	-0.024941	0.444261	0.070827	0.893094
0.889345	0.085905	-0.449094	-0.108497	0.993788	-0.024760	0.444177	0.070746	0.893141
0.889409	0.085846	-0.448978	-0.108300	0.993816	-0.024519	0.444097	0.070432	0.893206
0.889563	0.085945	-0.448655	-0.108185	0.993838	-0.024121	0.443818	0.069995	0.893379
0.889420	0.086433	-0.448844	-0.108485	0.993818	-0.023595	0.444030	0.069679	0.893298
0.889251	0.086969	-0.449075	-0.109033	0.993762	-0.023450	0.444234	0.069816	0.893186
0.889145	0.087372	-0.449208	-0.109418	0.993723	-0.023296	0.444352	0.069865	0.893124
0.888963	0.088009	-0.449442	-0.110056	0.993657	-0.023106	0.444558	0.070004	0.893010
0.888450	0.089204	-0.450222	-0.111242	0.993535	-0.022668	0.445289	0.070222	0.892629
0.887971	0.090390	-0.450928	-0.112480	0.993402	-0.022366	0.445932	0.070581	0.892280
0.887655	0.091009	-0.451427	-0.113123	0.993333	-0.022179	0.446399	0.070754	0.892032
0.887366	0.091374	-0.451921	-0.113415	0.993307	-0.021858	0.446899	0.070650	0.891790
0.887343	0.091649	-0.451911	-0.113560	0.993298	-0.021537	0.446908	0.070430	0.891803
0.887254	0.091489	-0.452118	-0.113479	0.993304	-0.021693	0.447106	0.070553	0.891694
0.887325	0.091096	-0.452058	-0.113042	0.993353	-0.021711	0.447076	0.070366	0.891724
0.887297	0.090931	-0.452146	-0.112935	0.993362	-0.021848	0.447158	0.070449	0.891676
0.887337	0.090996	-0.452054	-0.112952	0.993362	-0.021754	0.447074	0.070364	0.891725
