0.897352	0.064565	-0.436567	-0.103970	0.992325	-0.066948	0.428894	0.105466	0.897177
0.897320	0.064403	-0.436657	-0.103866	0.992326	-0.067082	0.428986	0.105548	0.897124
0.897145	0.064575	-0.436991	-0.104000	0.992326	-0.066875	0.429320	0.105444	0.896976
0.896885	0.064914	-0.437474	-0.104294	0.992316	-0.066574	0.429791	0.105335	0.896763
0.896502	0.065061	-0.438236	-0.104544	0.992291	-0.066550	0.430528	0.105477	0.896393
0.896548	0.064277	-0.438258	-0.103912	0.992325	-0.067035	0.430585	0.105640	0.896346
0.897498	0.062513	-0.436565	-0.102048	0.992475	-0.067678	0.429049	0.105291	0.897124
0.898283	0.061375	-0.435111	-0.100823	0.992568	-0.068140	0.427695	0.105078	0.897795
0.898480	0.061205	-0.434728	-0.100610	0.992586	-0.068191	0.427331	0.105006	0.897977
0.898513	0.061625	-0.434600	-0.100985	0.992559	-0.068038	0.427174	0.105021	0.898050
0.898414	0.062116	-0.434735	-0.101457	0.992523	-0.067854	0.427270	0.105068	0.897999
0.898314	0.062478	-0.434888	-0.101794	0.992501	-0.067680	0.427398	0.105066	0.897937
0.898164	0.063427	-0.435062	-0.102664	0.992440	-0.067259	0.427507	0.105075	0.897885
0.898006	0.064050	-0.435297	-0.103300	0.992385	-0.067085	0.427686	0.105209	0.897784
0.898015	0.063823	-0.435312	-0.103075	0.992405	-0.067136	0.427721	0.105159	0.897773
0.899221	0.061213	-0.433191	-0.100169	0.992667	-0.067661	0.425873	0.104235	0.898759
0.901045	0.057771	-0.429861	-0.096500	0.992950	-0.068831	0.422854	0.103501	0.900268
0.902062	0.056475	-0.427896	-0.094835	0.993109	-0.068852	0.421059	0.102688	0.901202
0.902236	0.056372	-0.427541	-0.094666	0.993127	-0.068826	0.420723	0.102571	0.901372
0.902436	0.056822	-0.427060	-0.094878	0.993140	-0.068350	0.420247	0.102200	0.901636
0.902116	0.057932	-0.427586	-0.096088	0.993035	-0.068182	0.420658	0.102594	0.901400
0.901645	0.058785	-0.428463	-0.097368	0.992876	-0.068676	0.421373	0.103640	0.900946
0.901305	0.059799	-0.429038	-0.098570	0.992756	-0.068701	0.421822	0.104210	0.900670
0.900355	0.061649	-0.430768	-0.100593	0.992588	-0.068196	0.423371	0.104733	0.899882
0.899139	0.063451	-0.433039	-0.102503	0.992446	-0.067414	0.425490	0.105003	0.898851
