0.896908	0.043011	-0.440121	-0.073434	0.995927	-0.052320	0.436078	0.079246	0.896413
0.896851	0.043072	-0.440231	-0.073630	0.995899	-0.052564	0.436162	0.079557	0.896344
0.896893	0.042968	-0.440156	-0.073593	0.995893	-0.052740	0.436082	0.079695	0.896371
0.896950	0.042797	-0.440055	-0.073515	0.995885	-0.052988	0.435977	0.079879	0.896406
0.896814	0.042968	-0.440316	-0.073698	0.995875	-0.052921	0.436226	0.079911	0.896282
0.896751	0.042845	-0.440457	-0.073590	0.995882	-0.052952	0.436375	0.079898	0.896211
0.896582	0.042759	-0.440809	-0.073582	0.995877	-0.053060	0.436722	0.080008	0.896031
0.896504	0.043206	-0.440923	-0.074131	0.995831	-0.053144	0.436789	0.080330	0.895970
0.896374	0.043951	-0.441115	-0.074892	0.995784	-0.052971	0.436927	0.080518	0.895886
0.896078	0.044122	-0.441698	-0.075285	0.995739	-0.053264	0.437466	0.080982	0.895581
0.895681	0.044736	-0.442442	-0.075845	0.995717	-0.052862	0.438182	0.080904	0.895238
0.895511	0.045264	-0.442732	-0.076333	0.995694	-0.052600	0.438445	0.080899	0.895110
0.895632	0.045607	-0.442451	-0.076636	0.995676	-0.052499	0.438143	0.080927	0.895255
0.895802	0.045582	-0.442110	-0.076763	0.995646	-0.052884	0.437774	0.081311	0.895401
0.895834	0.045448	-0.442059	-0.076680	0.995645	-0.053029	0.437723	0.081402	0.895417
0.896300	0.045082	-0.441151	-0.075902	0.995735	-0.052456	0.436905	0.080501	0.895898
0.896732	0.044349	-0.440347	-0.075053	0.995794	-0.052549	0.436164	0.080172	0.896289
0.896827	0.044115	-0.440177	-0.074855	0.995800	-0.052711	0.436003	0.080222	0.896362
0.896558	0.044527	-0.440683	-0.075185	0.995795	-0.052346	0.436498	0.080064	0.896136
0.896267	0.045047	-0.441221	-0.075474	0.995809	-0.051646	0.437045	0.079589	0.895911
0.896050	0.045329	-0.441633	-0.075643	0.995816	-0.051265	0.437461	0.079343	0.895730
0.895801	0.045635	-0.442106	-0.076014	0.995790	-0.051233	0.437907	0.079501	0.895498
0.895583	0.046030	-0.442506	-0.076524	0.995747	-0.051297	0.438263	0.079803	0.895297
0.895349	0.046493	-0.442932	-0.077076	0.995705	-0.051287	0.438646	0.080059	0.895087
0.895199	0.046691	-0.443213	-0.077384	0.995675	-0.051408	0.438896	0.080318	0.894941
