0.899666	0.055755	-0.433003	-0.093576	0.993388	-0.066514	0.426432	0.100359	0.898935
0.899836	0.055291	-0.432710	-0.093256	0.993386	-0.066995	0.426143	0.100638	0.899041
0.899756	0.055457	-0.432855	-0.093413	0.993377	-0.066905	0.426278	0.100632	0.898977
0.899552	0.056208	-0.433182	-0.094210	0.993312	-0.066748	0.426533	0.100853	0.898831
0.899291	0.056798	-0.433647	-0.094981	0.993230	-0.066881	0.426913	0.101334	0.898597
0.898964	0.057487	-0.434234	-0.095870	0.993137	-0.066994	0.427403	0.101855	0.898305
0.898585	0.058082	-0.434938	-0.096698	0.993045	-0.067167	0.428011	0.102412	0.897952
0.897967	0.058949	-0.436098	-0.097777	0.992943	-0.067113	0.429064	0.102905	0.897393
0.897820	0.059638	-0.436307	-0.098374	0.992911	-0.066713	0.429235	0.102817	0.897322
0.898194	0.059140	-0.435604	-0.097634	0.992998	-0.066501	0.428621	0.102261	0.897679
0.898532	0.058352	-0.435012	-0.096655	0.993098	-0.066432	0.428133	0.101738	0.897971
0.898837	0.058119	-0.434413	-0.096084	0.993187	-0.065931	0.427621	0.101001	0.898298
0.899274	0.058074	-0.433514	-0.095689	0.993258	-0.065439	0.426791	0.100330	0.898768
0.899851	0.057505	-0.432390	-0.094750	0.993372	-0.065074	0.425782	0.099526	0.899335
0.900456	0.056382	-0.431277	-0.093406	0.993495	-0.065137	0.424799	0.098937	0.899865
0.900929	0.055460	-0.430408	-0.092294	0.993598	-0.065160	0.424038	0.098429	0.900280
0.901109	0.055001	-0.430091	-0.091765	0.993644	-0.065193	0.423772	0.098213	0.900429
0.901130	0.054709	-0.430083	-0.091499	0.993661	-0.065314	0.423784	0.098208	0.900424
0.901018	0.054549	-0.430337	-0.091500	0.993640	-0.065626	0.424021	0.098506	0.900279
0.900795	0.054851	-0.430767	-0.091795	0.993626	-0.065436	0.424432	0.098487	0.900087
0.900444	0.055187	-0.431457	-0.092270	0.993579	-0.065478	0.425073	0.098769	0.899754
0.899920	0.056015	-0.432443	-0.093321	0.993478	-0.065516	0.425953	0.099315	0.899278
0.899589	0.056637	-0.433050	-0.094244	0.993368	-0.065859	0.426448	0.100058	0.898961
0.899377	0.057028	-0.433439	-0.094890	0.993284	-0.066207	0.426752	0.100674	0.898748
0.899089	0.057359	-0.433992	-0.095470	0.993208	-0.066514	0.427229	0.101235	0.898458
