0.889730	0.052700	-0.453435	-0.074101	0.996813	-0.029547	0.450433	0.059889	0.890799
0.888700	0.054138	-0.455281	-0.075553	0.996721	-0.028958	0.452221	0.060133	0.889876
0.888526	0.054457	-0.455583	-0.075491	0.996751	-0.028088	0.452573	0.059349	0.889750
0.888284	0.054556	-0.456043	-0.075561	0.996750	-0.027939	0.453037	0.059277	0.889519
0.888098	0.054498	-0.456412	-0.075675	0.996733	-0.028236	0.453382	0.059615	0.889321
0.887841	0.054690	-0.456889	-0.076162	0.996683	-0.028695	0.453804	0.060274	0.889061
0.887494	0.055006	-0.457524	-0.076635	0.996642	-0.028834	0.454402	0.060653	0.888730
0.887493	0.054732	-0.457560	-0.076243	0.996677	-0.028661	0.454471	0.060322	0.888717
0.887737	0.053691	-0.457210	-0.075112	0.996759	-0.028791	0.454182	0.059901	0.888893
0.887841	0.053003	-0.457087	-0.074469	0.996800	-0.029061	0.454084	0.059840	0.888947
0.887516	0.053325	-0.457681	-0.074866	0.996771	-0.029042	0.454655	0.060040	0.888642
0.887188	0.054093	-0.458227	-0.075707	0.996711	-0.028920	0.455155	0.060348	0.888365
0.886843	0.054783	-0.458811	-0.076333	0.996674	-0.028540	0.455721	0.060333	0.888075
0.886511	0.055279	-0.459394	-0.076783	0.996648	-0.028244	0.456293	0.060312	0.887783
0.886207	0.055734	-0.459925	-0.077237	0.996618	-0.028053	0.456806	0.060384	0.887515
0.886195	0.056229	-0.459888	-0.077601	0.996600	-0.027684	0.456768	0.060221	0.887545
0.886026	0.056700	-0.460156	-0.078048	0.996571	-0.027484	0.457020	0.060266	0.887412
0.885950	0.056902	-0.460277	-0.078251	0.996557	-0.027421	0.457132	0.060310	0.887352
0.885784	0.056927	-0.460593	-0.078254	0.996559	-0.027323	0.457453	0.060245	0.887191
0.885745	0.056990	-0.460660	-0.078373	0.996547	-0.027408	0.457508	0.060380	0.887153
0.885831	0.057339	-0.460452	-0.078626	0.996534	-0.027167	0.457298	0.060269	0.887269
0.885748	0.057638	-0.460573	-0.078917	0.996514	-0.027061	0.457408	0.060317	0.887209
0.885755	0.057840	-0.460535	-0.079016	0.996513	-0.026818	0.457378	0.060144	0.887236
0.885651	0.057860	-0.460732	-0.078992	0.996518	-0.026700	0.457583	0.060041	0.887137
0.885577	0.057838	-0.460877	-0.078972	0.996520	-0.026688	0.457730	0.060031	0.887063
