0.892734	0.032738	-0.449393	-0.056110	0.997671	-0.038783	0.447077	0.059838	0.892492
0.892911	0.032384	-0.449068	-0.055927	0.997663	-0.039258	0.446747	0.060169	0.892635
0.891300	0.035148	-0.452049	-0.059265	0.997469	-0.039296	0.449524	0.061815	0.891127
0.890076	0.037685	-0.454251	-0.062000	0.997324	-0.038746	0.451575	0.062651	0.890031
0.890774	0.036929	-0.452944	-0.060972	0.997393	-0.038591	0.450338	0.061993	0.890703
0.891703	0.035129	-0.451255	-0.058625	0.997549	-0.038189	0.448808	0.060508	0.891577
0.892534	0.033766	-0.449713	-0.056903	0.997655	-0.038027	0.447375	0.059530	0.892363
0.892897	0.033300	-0.449028	-0.056229	0.997701	-0.037822	0.446736	0.059020	0.892717
0.892931	0.033238	-0.448964	-0.056111	0.997711	-0.037734	0.446682	0.058886	0.892753
0.892791	0.033508	-0.449223	-0.056379	0.997700	-0.037628	0.446929	0.058921	0.892627
0.892291	0.034319	-0.450155	-0.057287	0.997653	-0.037493	0.447812	0.059243	0.892163
0.892103	0.034210	-0.450535	-0.057232	0.997654	-0.037570	0.448193	0.059302	0.891968
0.891909	0.033882	-0.450943	-0.056957	0.997665	-0.037695	0.448613	0.059305	0.891756
0.891699	0.034033	-0.451347	-0.057119	0.997658	-0.037619	0.449010	0.059326	0.891555
0.891658	0.034457	-0.451397	-0.057463	0.997649	-0.037354	0.449048	0.059245	0.891541
0.891478	0.034644	-0.451737	-0.057594	0.997649	-0.037149	0.449387	0.059135	0.891378
0.891473	0.034594	-0.451752	-0.057426	0.997667	-0.036924	0.449420	0.058859	0.891379
0.891242	0.034910	-0.452182	-0.057716	0.997657	-0.036735	0.449840	0.058838	0.891169
0.891223	0.035074	-0.452207	-0.057845	0.997654	-0.036622	0.449861	0.058796	0.891161
0.891077	0.035271	-0.452479	-0.058149	0.997631	-0.036748	0.450111	0.059056	0.891018
0.890991	0.035463	-0.452634	-0.058427	0.997611	-0.036850	0.450246	0.059279	0.890935
0.890864	0.035666	-0.452868	-0.058654	0.997599	-0.036815	0.450468	0.059360	0.890817
0.890692	0.035807	-0.453194	-0.058867	0.997585	-0.036875	0.450779	0.059522	0.890649
0.890670	0.035897	-0.453232	-0.059031	0.997570	-0.036995	0.450803	0.059705	0.890625
0.890478	0.036202	-0.453583	-0.059372	0.997552	-0.036941	0.451136	0.059826	0.890448
