0.864019	0.278483	-0.419426	-0.322968	0.945669	-0.037427	0.386215	0.167799	0.907018
0.863245	0.279456	-0.420372	-0.324014	0.945331	-0.036931	0.387070	0.168087	0.906600
0.862609	0.280017	-0.421303	-0.324938	0.945003	-0.037211	0.387713	0.168996	0.906156
0.862259	0.280221	-0.421883	-0.325518	0.944781	-0.037765	0.388005	0.169894	0.905863
0.861678	0.280784	-0.422695	-0.326418	0.944460	-0.038037	0.388538	0.170751	0.905473
0.861038	0.281494	-0.423526	-0.327470	0.944086	-0.038273	0.389071	0.171647	0.905075
0.860888	0.281690	-0.423700	-0.327837	0.943948	-0.038541	0.389094	0.172084	0.904982
0.860716	0.281732	-0.424023	-0.328023	0.943876	-0.038710	0.389319	0.172408	0.904824
0.860994	0.281265	-0.423769	-0.327604	0.944008	-0.039050	0.389057	0.172450	0.904928
0.861229	0.280803	-0.423597	-0.327267	0.944105	-0.039528	0.388820	0.172672	0.904988
0.861590	0.280240	-0.423236	-0.326860	0.944218	-0.040194	0.388363	0.172970	0.905128
0.861879	0.279884	-0.422882	-0.326515	0.944325	-0.040471	0.388011	0.172958	0.905280
0.862029	0.279603	-0.422764	-0.326325	0.944377	-0.040805	0.387839	0.173133	0.905321
0.862351	0.278775	-0.422652	-0.325664	0.944577	-0.041434	0.387676	0.173374	0.905345
0.863056	0.277861	-0.421815	-0.324551	0.944954	-0.041583	0.387041	0.172789	0.905728
0.863678	0.277358	-0.420872	-0.323870	0.945181	-0.041736	0.386224	0.172354	0.906160
0.863508	0.277399	-0.421193	-0.324055	0.945110	-0.041907	0.386449	0.172677	0.906002
0.863452	0.277547	-0.421210	-0.324206	0.945059	-0.041875	0.386446	0.172716	0.905996
0.863622	0.277589	-0.420834	-0.324180	0.945068	-0.041888	0.386089	0.172601	0.906170
0.863823	0.277749	-0.420317	-0.324283	0.945029	-0.041973	0.385553	0.172558	0.906406
0.864015	0.277612	-0.420011	-0.324136	0.945072	-0.042131	0.385245	0.172542	0.906540
0.864606	0.277058	-0.419160	-0.323292	0.945367	-0.041987	0.384628	0.171814	0.906941
0.865016	0.276835	-0.418461	-0.322828	0.945534	-0.041807	0.384095	0.171255	0.907272
0.864809	0.277367	-0.418537	-0.323521	0.945287	-0.042034	0.383979	0.171757	0.907226
0.863912	0.278689	-0.419509	-0.325115	0.944746	-0.041907	0.384651	0.172593	0.906783
