0.892488	0.100304	-0.439778	-0.115458	0.993282	-0.007764	0.436045	0.057706	0.898073
0.892217	0.100999	-0.440168	-0.116364	0.993175	-0.007979	0.436358	0.058338	0.897880
0.892143	0.101394	-0.440227	-0.116801	0.993123	-0.007964	0.436392	0.058524	0.897851
0.891900	0.102300	-0.440510	-0.117418	0.993057	-0.007118	0.436723	0.058072	0.897720
0.891676	0.102899	-0.440825	-0.117837	0.993011	-0.006562	0.437069	0.057797	0.897569
0.891306	0.103633	-0.441399	-0.118516	0.992933	-0.006193	0.437638	0.057833	0.897290
0.891005	0.104316	-0.441847	-0.119250	0.992846	-0.006072	0.438053	0.058100	0.897070
0.890788	0.104793	-0.442171	-0.119779	0.992782	-0.006018	0.438349	0.058324	0.896911
0.890634	0.104974	-0.442439	-0.119961	0.992761	-0.005937	0.438613	0.058363	0.896779
0.890485	0.105026	-0.442726	-0.120005	0.992756	-0.005867	0.438903	0.058354	0.896638
0.890395	0.105072	-0.442895	-0.120025	0.992754	-0.005778	0.439079	0.058303	0.896555
0.890364	0.105189	-0.442931	-0.119990	0.992760	-0.005434	0.439153	0.057985	0.896539
0.890376	0.105166	-0.442911	-0.119868	0.992776	-0.005242	0.439160	0.057758	0.896550
0.890264	0.105283	-0.443108	-0.119932	0.992769	-0.005077	0.439370	0.057662	0.896454
0.890340	0.105337	-0.442943	-0.120002	0.992760	-0.005122	0.439197	0.057714	0.896535
0.890417	0.105629	-0.442719	-0.120228	0.992734	-0.004951	0.438980	0.057635	0.896646
0.890483	0.105416	-0.442636	-0.120097	0.992749	-0.005179	0.438881	0.057771	0.896686
0.890568	0.105050	-0.442553	-0.119706	0.992796	-0.005228	0.438815	0.057632	0.896727
0.890505	0.104971	-0.442699	-0.119513	0.992820	-0.004991	0.438996	0.057353	0.896657
0.890610	0.105061	-0.442467	-0.119557	0.992815	-0.004908	0.438772	0.057271	0.896771
0.890620	0.105252	-0.442400	-0.119790	0.992787	-0.004961	0.438687	0.057413	0.896804
0.890547	0.105357	-0.442522	-0.119904	0.992773	-0.004936	0.438804	0.057456	0.896744
0.890510	0.105292	-0.442612	-0.119884	0.992775	-0.005031	0.438885	0.057543	0.896699
0.890379	0.105326	-0.442868	-0.120053	0.992754	-0.005262	0.439105	0.057853	0.896571
0.890453	0.105143	-0.442762	-0.119970	0.992762	-0.005523	0.438976	0.058036	0.896622
