0.888266	0.169021	-0.427102	-0.204321	0.978172	-0.037837	0.411384	0.120875	0.903412
0.888241	0.169159	-0.427098	-0.204464	0.978143	-0.037818	0.411366	0.120918	0.903414
0.888158	0.169264	-0.427230	-0.204584	0.978120	-0.037784	0.411486	0.120963	0.903353
0.888160	0.169333	-0.427198	-0.204682	0.978097	-0.037843	0.411433	0.121051	0.903366
0.888298	0.169158	-0.426980	-0.204571	0.978110	-0.038092	0.411190	0.121185	0.903459
0.888847	0.168287	-0.426181	-0.203617	0.978299	-0.038363	0.410477	0.120876	0.903824
0.889497	0.167103	-0.425289	-0.202302	0.978561	-0.038623	0.409717	0.120392	0.904233
0.890249	0.165679	-0.424273	-0.200726	0.978874	-0.038932	0.408859	0.119822	0.904697
0.890667	0.164639	-0.423799	-0.199579	0.979102	-0.039075	0.408510	0.119384	0.904913
0.890972	0.163671	-0.423534	-0.198581	0.979296	-0.039306	0.408332	0.119126	0.905027
0.890533	0.164126	-0.424281	-0.199156	0.979182	-0.039233	0.409009	0.119437	0.904680
0.889278	0.166627	-0.425934	-0.202032	0.978603	-0.038976	0.410326	0.120713	0.903914
0.887904	0.168721	-0.427972	-0.204559	0.978085	-0.038801	0.412046	0.121998	0.902959
0.887371	0.169317	-0.428841	-0.205307	0.977932	-0.038715	0.412822	0.122399	0.902550
0.887017	0.170083	-0.429270	-0.206092	0.977777	-0.038448	0.413191	0.122573	0.902358
0.886942	0.170464	-0.429275	-0.206474	0.977700	-0.038362	0.413162	0.122659	0.902359
0.887005	0.170600	-0.429089	-0.206512	0.977699	-0.038180	0.413006	0.122478	0.902455
0.887236	0.170456	-0.428668	-0.206081	0.977808	-0.037721	0.412725	0.121808	0.902674
0.887993	0.169508	-0.427476	-0.204740	0.978099	-0.037458	0.411765	0.120784	0.903250
0.888930	0.168110	-0.426077	-0.203004	0.978461	-0.037474	0.410600	0.119807	0.903910
0.889753	0.166958	-0.424811	-0.201664	0.978728	-0.037721	0.409477	0.119231	0.904496
0.889915	0.166679	-0.424581	-0.201327	0.978797	-0.037728	0.409290	0.119055	0.904604
0.889643	0.167097	-0.424986	-0.201779	0.978710	-0.037581	0.409658	0.119186	0.904420
0.888514	0.168636	-0.426737	-0.203732	0.978305	-0.037592	0.411139	0.120341	0.903594
0.886490	0.171782	-0.429682	-0.207436	0.977543	-0.037157	0.413650	0.122071	0.902215
