0.896999	0.043935	-0.439844	-0.074265	0.995883	-0.051977	0.435750	0.079288	0.896569
0.897021	0.044274	-0.439766	-0.074750	0.995834	-0.052215	0.435622	0.079710	0.896593
0.896832	0.044409	-0.440137	-0.075041	0.995801	-0.052432	0.435960	0.080051	0.896398
0.896821	0.044212	-0.440178	-0.074943	0.995796	-0.052671	0.435999	0.080225	0.896364
0.896753	0.043962	-0.440343	-0.074701	0.995812	-0.052710	0.436181	0.080162	0.896281
0.896669	0.044226	-0.440488	-0.074945	0.995800	-0.052580	0.436312	0.080159	0.896218
0.896648	0.044446	-0.440508	-0.075245	0.995772	-0.052690	0.436304	0.080390	0.896201
0.896490	0.044614	-0.440812	-0.075506	0.995748	-0.052780	0.436583	0.080601	0.896046
0.896379	0.044524	-0.441046	-0.075471	0.995746	-0.052865	0.436816	0.080674	0.895926
0.896099	0.044573	-0.441610	-0.075651	0.995724	-0.053009	0.437359	0.080910	0.895640
0.895792	0.044938	-0.442196	-0.076220	0.995670	-0.053221	0.437889	0.081379	0.895338
0.895537	0.045173	-0.442687	-0.076628	0.995628	-0.053418	0.438339	0.081760	0.895083
0.895506	0.045083	-0.442761	-0.076489	0.995644	-0.053323	0.438428	0.081617	0.895053
0.895564	0.044633	-0.442688	-0.076017	0.995676	-0.053399	0.438390	0.081474	0.895084
0.895966	0.043419	-0.441995	-0.074755	0.995754	-0.053717	0.437786	0.081170	0.895408
0.896886	0.042174	-0.440246	-0.073252	0.995860	-0.053831	0.436153	0.080529	0.896262
0.898153	0.040066	-0.437853	-0.071003	0.995986	-0.054508	0.433911	0.080046	0.897393
0.898811	0.038964	-0.436601	-0.069824	0.996050	-0.054851	0.432739	0.079786	0.897982
0.898955	0.038825	-0.436317	-0.069688	0.996054	-0.054948	0.432462	0.079801	0.898114
0.898203	0.040479	-0.437714	-0.071374	0.995967	-0.054358	0.433748	0.080066	0.897470
0.897224	0.042570	-0.439520	-0.073490	0.995856	-0.053566	0.435418	0.080361	0.896634
0.896400	0.044361	-0.441020	-0.075342	0.995749	-0.052978	0.436795	0.080716	0.895932
0.895737	0.046184	-0.442179	-0.077033	0.995669	-0.052054	0.437859	0.080689	0.895415
0.895100	0.047653	-0.443311	-0.078420	0.995599	-0.051319	0.438914	0.080700	0.894898
0.894520	0.048505	-0.444389	-0.079284	0.995550	-0.050928	0.439941	0.080789	0.894385
