0.887972	0.056900	-0.456364	-0.080208	0.996269	-0.031849	0.452849	0.064885	0.889223
0.888491	0.056241	-0.455434	-0.079420	0.996331	-0.031900	0.451969	0.064514	0.889698
0.889028	0.056410	-0.454365	-0.079153	0.996375	-0.031172	0.450959	0.063677	0.890270
0.889272	0.056687	-0.453853	-0.079236	0.996380	-0.030804	0.450464	0.063354	0.890544
0.889239	0.057800	-0.453777	-0.080428	0.996287	-0.030708	0.450317	0.063803	0.890586
0.888960	0.058936	-0.454176	-0.081727	0.996182	-0.030694	0.450633	0.064404	0.890383
0.888477	0.059808	-0.455007	-0.082789	0.996093	-0.030728	0.451391	0.064971	0.889958
0.888154	0.059957	-0.455617	-0.083133	0.996057	-0.030980	0.451963	0.065392	0.889637
0.887949	0.059617	-0.456062	-0.082932	0.996065	-0.031262	0.452403	0.065582	0.889399
0.887931	0.059036	-0.456173	-0.082428	0.996098	-0.031534	0.452531	0.065602	0.889332
0.887818	0.058725	-0.456432	-0.082170	0.996115	-0.031669	0.452799	0.065621	0.889194
0.887799	0.058444	-0.456506	-0.081854	0.996141	-0.031656	0.452894	0.065471	0.889157
0.887956	0.058542	-0.456187	-0.081734	0.996164	-0.031256	0.452607	0.065040	0.889335
0.887537	0.058910	-0.456955	-0.082154	0.996133	-0.031147	0.453353	0.065185	0.888944
0.887159	0.058990	-0.457678	-0.082232	0.996131	-0.031005	0.454079	0.065142	0.888577
0.886783	0.059198	-0.458378	-0.082445	0.996118	-0.030853	0.454773	0.065151	0.888221
0.886697	0.059422	-0.458516	-0.082772	0.996087	-0.030980	0.454881	0.065422	0.888146
0.886535	0.059847	-0.458775	-0.083304	0.996041	-0.031043	0.455101	0.065738	0.888010
0.886469	0.060077	-0.458872	-0.083554	0.996021	-0.031011	0.455183	0.065831	0.887961
0.886465	0.059951	-0.458896	-0.083419	0.996032	-0.031021	0.455215	0.065780	0.887948
0.886534	0.059197	-0.458860	-0.082759	0.996075	-0.031390	0.455201	0.065803	0.887954
0.886708	0.058502	-0.458613	-0.082086	0.996123	-0.031643	0.454984	0.065704	0.888072
0.886876	0.057955	-0.458359	-0.081674	0.996143	-0.032077	0.454732	0.065884	0.888188
0.886698	0.058225	-0.458668	-0.082024	0.996113	-0.032118	0.455015	0.066101	0.888027
