0.885456	0.102222	-0.453341	-0.113634	0.993521	0.002078	0.450616	0.049675	0.891335
0.885421	0.102057	-0.453447	-0.113276	0.993561	0.002432	0.450775	0.049211	0.891280
0.885009	0.102764	-0.454090	-0.113983	0.993479	0.002683	0.451405	0.049384	0.890952
0.884597	0.103442	-0.454740	-0.114891	0.993375	0.002473	0.451983	0.050058	0.890621
0.884530	0.103261	-0.454911	-0.114932	0.993371	0.002012	0.452103	0.050504	0.890535
0.885457	0.101568	-0.453487	-0.113021	0.993591	0.001857	0.450769	0.049609	0.891261
0.886438	0.099743	-0.451972	-0.110951	0.993824	0.001716	0.449352	0.048626	0.892030
0.886796	0.098894	-0.451456	-0.110011	0.993929	0.001632	0.448877	0.048217	0.892292
0.887108	0.098605	-0.450907	-0.109617	0.993972	0.001705	0.448357	0.047914	0.892569
0.887377	0.099112	-0.450266	-0.109922	0.993938	0.002151	0.447749	0.047585	0.892892
0.888084	0.099031	-0.448888	-0.109713	0.993961	0.002225	0.446397	0.047273	0.893585
0.888501	0.098802	-0.448111	-0.109562	0.993978	0.001920	0.445602	0.047390	0.893976
0.888732	0.099115	-0.447583	-0.109712	0.993961	0.002260	0.445104	0.047097	0.894239
0.888319	0.100285	-0.448144	-0.110798	0.993839	0.002774	0.445661	0.047189	0.893957
0.887471	0.102045	-0.449424	-0.112647	0.993630	0.003169	0.446884	0.047814	0.893313
0.886216	0.104206	-0.451400	-0.114759	0.993385	0.004021	0.448833	0.048239	0.892312
0.884955	0.106640	-0.453302	-0.117076	0.993110	0.005069	0.450719	0.048585	0.891343
0.882885	0.109911	-0.456544	-0.120467	0.992699	0.006024	0.453873	0.049680	0.889680
0.880246	0.113915	-0.460640	-0.124430	0.992199	0.007592	0.457912	0.050635	0.887554
0.878496	0.116496	-0.463329	-0.126954	0.991871	0.008675	0.460573	0.051200	0.886144
0.879023	0.115107	-0.462677	-0.125852	0.992019	0.007699	0.459870	0.051461	0.886494
0.879875	0.113267	-0.461510	-0.124165	0.992238	0.006801	0.458698	0.051319	0.887109
0.880781	0.110977	-0.460335	-0.121945	0.992519	0.005951	0.457552	0.050894	0.887725
0.882625	0.107375	-0.457650	-0.118474	0.992947	0.004478	0.454903	0.050267	0.889121
0.884401	0.103463	-0.455116	-0.114715	0.993394	0.002911	0.452410	0.049634	0.890428
0.886126	0.099617	-0.452612	-0.110887	0.993832	0.001641	0.449983	0.048734	0.891706
