0.914183	-0.185038	0.360596	0.092028	0.961230	0.259939	-0.394715	-0.204447	0.895769
0.914205	-0.185758	0.360171	0.092780	0.961091	0.260185	-0.394489	-0.204446	0.895869
0.914261	-0.185916	0.359946	0.092928	0.961033	0.260347	-0.394323	-0.204576	0.895912
0.914221	-0.186182	0.359911	0.093226	0.961010	0.260323	-0.394346	-0.204439	0.895933
0.914114	-0.186896	0.359814	0.094309	0.961094	0.259621	-0.394338	-0.203390	0.896175
0.914097	-0.187104	0.359747	0.094614	0.961107	0.259463	-0.394303	-0.203138	0.896248
0.914085	-0.187452	0.359596	0.095035	0.961078	0.259419	-0.394229	-0.202957	0.896322
0.914091	-0.187376	0.359622	0.095100	0.961164	0.259076	-0.394200	-0.202619	0.896411
0.914135	-0.186965	0.359724	0.094808	0.961294	0.258700	-0.394168	-0.202382	0.896478
0.914131	-0.186889	0.359773	0.094653	0.961270	0.258846	-0.394215	-0.202566	0.896416
0.914122	-0.186769	0.359860	0.094608	0.961336	0.258615	-0.394248	-0.202360	0.896448
0.914096	-0.186699	0.359961	0.094679	0.961433	0.258230	-0.394290	-0.201966	0.896518
0.913990	-0.186750	0.360203	0.094745	0.961469	0.258072	-0.394519	-0.201748	0.896467
0.913885	-0.186800	0.360445	0.094810	0.961505	0.257914	-0.394748	-0.201529	0.896415
0.913878	-0.186591	0.360571	0.094636	0.961568	0.257744	-0.394806	-0.201423	0.896413
0.913960	-0.186225	0.360552	0.094324	0.961641	0.257585	-0.394690	-0.201413	0.896467
0.914638	-0.184101	0.359921	0.092145	0.961794	0.257801	-0.393632	-0.202630	0.896658
0.914768	-0.183583	0.359857	0.091484	0.961777	0.258101	-0.393485	-0.203181	0.896597
0.914792	-0.183646	0.359764	0.091315	0.961635	0.258687	-0.393468	-0.203793	0.896466
0.914614	-0.184456	0.359803	0.091652	0.961293	0.259836	-0.393804	-0.204673	0.896118
0.914175	-0.185696	0.360278	0.092157	0.960824	0.261391	-0.394703	-0.205755	0.895474
0.913786	-0.187201	0.360488	0.093011	0.960322	0.262926	-0.395405	-0.206729	0.894940
