0.923558	-0.126013	0.362161	0.013617	0.954643	0.297441	-0.383216	-0.269772	0.883385
0.923342	-0.127614	0.362151	0.015572	0.954826	0.296756	-0.383662	-0.268368	0.883619
0.923363	-0.127879	0.362005	0.016173	0.955017	0.296108	-0.383587	-0.267561	0.883896
0.923353	-0.127532	0.362154	0.015754	0.955014	0.296141	-0.383629	-0.267738	0.883824
0.923329	-0.127263	0.362309	0.015612	0.955149	0.295713	-0.383693	-0.267384	0.883904
0.923314	-0.126879	0.362483	0.015393	0.955318	0.295178	-0.383738	-0.266963	0.884011
0.923310	-0.126924	0.362477	0.015627	0.955446	0.294751	-0.383739	-0.266482	0.884156
0.923400	-0.126677	0.362333	0.015677	0.955631	0.294150	-0.383518	-0.265938	0.884416
0.923386	-0.126564	0.362407	0.015723	0.955762	0.293722	-0.383550	-0.265521	0.884527
0.923410	-0.125975	0.362552	0.015388	0.955993	0.292985	-0.383506	-0.264967	0.884712
0.923365	-0.125682	0.362770	0.015207	0.956130	0.292546	-0.383623	-0.264610	0.884768
0.923707	-0.122958	0.362831	0.012938	0.956566	0.291229	-0.382880	-0.264316	0.885178
0.923967	-0.121284	0.362732	0.011441	0.956730	0.290751	-0.382300	-0.264494	0.885375
0.924109	-0.120462	0.362645	0.010760	0.956839	0.290418	-0.381977	-0.264476	0.885520
0.924083	-0.120641	0.362652	0.010927	0.956826	0.290457	-0.382036	-0.264443	0.885504
0.923850	-0.121763	0.362870	0.011888	0.956721	0.290765	-0.382570	-0.264310	0.885314
0.923517	-0.123323	0.363193	0.013371	0.956677	0.290843	-0.383326	-0.263742	0.885156
0.923082	-0.125326	0.363612	0.014916	0.956373	0.291767	-0.384315	-0.263902	0.884679
0.922777	-0.126749	0.363893	0.015570	0.955847	0.293452	-0.385020	-0.265125	0.884007
0.922358	-0.129205	0.364090	0.017391	0.955349	0.294969	-0.385945	-0.265735	0.883420
0.922082	-0.130972	0.364158	0.018894	0.955104	0.295668	-0.386533	-0.265750	0.883158
0.921837	-0.132086	0.364376	0.019758	0.954930	0.296174	-0.387073	-0.265825	0.882899
0.921882	-0.132625	0.364065	0.020596	0.955041	0.295758	-0.386922	-0.265155	0.883167
