0.909423	-0.200498	0.364348	0.108636	0.960221	0.257244	-0.401432	-0.194362	0.895028
0.909431	-0.200036	0.364582	0.108269	0.960366	0.256855	-0.401513	-0.194120	0.895045
0.909411	-0.200010	0.364646	0.108230	0.960372	0.256849	-0.401568	-0.194116	0.895021
0.909797	-0.197975	0.364794	0.106188	0.960685	0.256533	-0.401239	-0.194656	0.895051
0.910469	-0.193673	0.365427	0.101134	0.961011	0.257350	-0.401021	-0.197352	0.894558
0.910805	-0.191205	0.365890	0.098006	0.961087	0.258274	-0.401036	-0.199378	0.894102
0.910849	-0.190146	0.366333	0.095996	0.960817	0.260029	-0.401422	-0.201680	0.893412
0.910653	-0.190511	0.366628	0.095712	0.960484	0.261360	-0.401933	-0.202917	0.892902
0.910488	-0.191155	0.366702	0.096203	0.960332	0.261741	-0.402189	-0.203034	0.892761
0.910423	-0.192113	0.366365	0.097344	0.960247	0.261631	-0.402063	-0.202531	0.892931
0.910421	-0.193222	0.365786	0.098757	0.960166	0.261396	-0.401723	-0.201856	0.893237
0.910398	-0.194148	0.365352	0.099944	0.960108	0.261158	-0.401481	-0.201243	0.893484
0.910374	-0.194753	0.365089	0.100657	0.960041	0.261131	-0.401356	-0.200978	0.893600
0.910424	-0.195187	0.364732	0.101391	0.960080	0.260703	-0.401058	-0.200370	0.893870
0.910267	-0.195835	0.364777	0.102202	0.960078	0.260393	-0.401208	-0.199747	0.893942
0.910363	-0.196143	0.364371	0.102754	0.960098	0.260102	-0.400850	-0.199347	0.894193
0.910382	-0.196548	0.364107	0.103128	0.959989	0.260357	-0.400711	-0.199474	0.894226
0.910372	-0.196649	0.364077	0.103232	0.959972	0.260379	-0.400707	-0.199457	0.894232
0.910298	-0.196698	0.364236	0.103389	0.960041	0.260061	-0.400835	-0.199075	0.894260
0.910229	-0.197341	0.364060	0.104154	0.959987	0.259957	-0.400793	-0.198702	0.894361
0.910274	-0.197700	0.363752	0.104732	0.960000	0.259674	-0.400540	-0.198278	0.894569
0.910227	-0.197761	0.363838	0.104954	0.960083	0.259278	-0.400590	-0.197815	0.894649
0.910319	-0.197097	0.363966	0.104562	0.960330	0.258522	-0.400482	-0.197280	0.894816
0.910363	-0.196611	0.364120	0.104116	0.960440	0.258293	-0.400498	-0.197229	0.894819
