0.913164	-0.185951	0.362703	0.092133	0.961006	0.260729	-0.397042	-0.204671	0.894688
0.913299	-0.185451	0.362618	0.091764	0.961125	0.260421	-0.396817	-0.204567	0.894812
0.913334	-0.185514	0.362500	0.091816	0.961093	0.260519	-0.396726	-0.204657	0.894832
0.913393	-0.185426	0.362396	0.091647	0.961047	0.260747	-0.396629	-0.204952	0.894807
0.913435	-0.185072	0.362471	0.091219	0.961065	0.260832	-0.396631	-0.205189	0.894752
0.913340	-0.185717	0.362381	0.091893	0.960985	0.260891	-0.396694	-0.204982	0.894772
0.913129	-0.186728	0.362393	0.092786	0.960796	0.261270	-0.396972	-0.204948	0.894656
0.913114	-0.187632	0.361964	0.093803	0.960675	0.261352	-0.396767	-0.204691	0.894806
0.913219	-0.187380	0.361829	0.093089	0.960447	0.262441	-0.396694	-0.205984	0.894542
0.913328	-0.186495	0.362011	0.092416	0.960699	0.261759	-0.396600	-0.205616	0.894668
0.913275	-0.186255	0.362268	0.092235	0.960798	0.261456	-0.396764	-0.205368	0.894652
0.913380	-0.186298	0.361980	0.092397	0.960811	0.261352	-0.396484	-0.205267	0.894799
0.913282	-0.186715	0.362013	0.092825	0.960768	0.261358	-0.396610	-0.205090	0.894784
0.913381	-0.186557	0.361845	0.092910	0.960890	0.260881	-0.396362	-0.204665	0.894991
0.913435	-0.186582	0.361697	0.093039	0.960919	0.260728	-0.396208	-0.204506	0.895096
0.913462	-0.186816	0.361506	0.093253	0.960850	0.260905	-0.396094	-0.204615	0.895121
0.913474	-0.187005	0.361377	0.093356	0.960762	0.261193	-0.396042	-0.204856	0.895089
0.913478	-0.186980	0.361382	0.093187	0.960691	0.261513	-0.396074	-0.205210	0.894994
0.913584	-0.186456	0.361385	0.092558	0.960705	0.261686	-0.395977	-0.205623	0.894942
0.913515	-0.186387	0.361594	0.092318	0.960656	0.261950	-0.396192	-0.205914	0.894780
0.913550	-0.185983	0.361714	0.091904	0.960720	0.261861	-0.396207	-0.205980	0.894758
0.913498	-0.185806	0.361936	0.091684	0.960753	0.261817	-0.396378	-0.205986	0.894681
