0.920248	-0.137336	0.366446	0.024520	0.954793	0.296258	-0.390567	-0.263646	0.882014
0.920463	-0.138692	0.365392	0.026897	0.955180	0.294800	-0.389902	-0.261524	0.882939
0.921036	-0.138609	0.363978	0.027526	0.955359	0.294162	-0.388503	-0.260915	0.883735
0.921416	-0.137746	0.363343	0.027099	0.955563	0.293540	-0.387631	-0.260626	0.884204
0.921353	-0.137517	0.363589	0.027008	0.955720	0.293035	-0.387787	-0.260169	0.884270
0.921365	-0.137573	0.363537	0.027092	0.955725	0.293011	-0.387752	-0.260121	0.884299
0.921429	-0.137751	0.363308	0.027410	0.955761	0.292866	-0.387578	-0.259897	0.884441
0.921459	-0.137768	0.363226	0.027571	0.955839	0.292596	-0.387495	-0.259601	0.884565
0.921551	-0.137325	0.363161	0.027294	0.955960	0.292225	-0.387297	-0.259388	0.884714
0.921620	-0.136745	0.363205	0.026683	0.955980	0.292216	-0.387176	-0.259620	0.884699
0.921621	-0.136638	0.363242	0.026484	0.955933	0.292389	-0.387187	-0.259852	0.884626
0.921615	-0.136569	0.363284	0.026425	0.955952	0.292331	-0.387205	-0.259817	0.884628
0.921599	-0.136614	0.363306	0.026445	0.955937	0.292379	-0.387241	-0.259849	0.884603
0.921700	-0.136386	0.363136	0.026224	0.955918	0.292461	-0.387016	-0.260039	0.884646
0.921754	-0.136211	0.363064	0.026026	0.955897	0.292548	-0.386900	-0.260208	0.884647
0.922475	-0.133197	0.362351	0.023037	0.955915	0.292739	-0.385368	-0.261697	0.884876
0.922472	-0.133134	0.362381	0.022517	0.955614	0.293760	-0.385406	-0.262825	0.884525
0.921885	-0.134539	0.363357	0.023203	0.955267	0.294833	-0.386769	-0.263371	0.883768
0.921393	-0.135248	0.364340	0.023633	0.955255	0.294838	-0.387913	-0.263051	0.883361
0.921426	-0.136394	0.363828	0.025307	0.955443	0.294089	-0.387729	-0.261773	0.883822
0.921511	-0.137498	0.363197	0.026592	0.955370	0.294213	-0.387441	-0.261463	0.884040
