0.924939	-0.136246	0.354860	0.036023	0.960773	0.274987	-0.378406	-0.241563	0.893564
0.924977	-0.135980	0.354861	0.035942	0.960908	0.274526	-0.378318	-0.241176	0.893705
0.924976	-0.135754	0.354950	0.035910	0.961062	0.273988	-0.378324	-0.240687	0.893835
0.924919	-0.135614	0.355152	0.035948	0.961222	0.273422	-0.378460	-0.240126	0.893928
0.924939	-0.135159	0.355275	0.035759	0.961443	0.272671	-0.378430	-0.239499	0.894109
0.924958	-0.134425	0.355504	0.035210	0.961649	0.272015	-0.378435	-0.239085	0.894217
0.924994	-0.134096	0.355533	0.035164	0.961853	0.271296	-0.378351	-0.238445	0.894424
0.925031	-0.134383	0.355329	0.035709	0.961961	0.270844	-0.378209	-0.237851	0.894642
0.925021	-0.134524	0.355303	0.035952	0.962011	0.270633	-0.378212	-0.237567	0.894716
0.925083	-0.134091	0.355305	0.035677	0.962138	0.270217	-0.378087	-0.237296	0.894841
0.925418	-0.132192	0.355142	0.034104	0.962432	0.269374	-0.377409	-0.237172	0.895160
0.925740	-0.130210	0.355037	0.032281	0.962634	0.268874	-0.376781	-0.237446	0.895352
0.925665	-0.129472	0.355501	0.031584	0.962789	0.268404	-0.377023	-0.237224	0.895309
0.925761	-0.129681	0.355175	0.031694	0.962654	0.268873	-0.376778	-0.237655	0.895298
0.925663	-0.130607	0.355090	0.032083	0.962244	0.270290	-0.376985	-0.238806	0.894904
0.925311	-0.132683	0.355239	0.032565	0.961132	0.274161	-0.377808	-0.242115	0.893667
0.925364	-0.133505	0.354792	0.032504	0.960429	0.276623	-0.377683	-0.244445	0.893086
0.925431	-0.134335	0.354304	0.033212	0.960205	0.277314	-0.377457	-0.244868	0.893065
0.925246	-0.135578	0.354314	0.034626	0.960242	0.277015	-0.377784	-0.244038	0.893154
0.924964	-0.137765	0.354206	0.037631	0.960607	0.275350	-0.378187	-0.241360	0.893712
0.924898	-0.137658	0.354421	0.037713	0.960776	0.274749	-0.378341	-0.240749	0.893811
0.924862	-0.137262	0.354667	0.037430	0.960919	0.274287	-0.378455	-0.240403	0.893856
0.924862	-0.137289	0.354658	0.037594	0.961003	0.273970	-0.378441	-0.240052	0.893956
