0.923940	-0.127746	0.360576	0.025335	0.960958	0.275534	-0.381697	-0.245441	0.891104
0.923860	-0.127909	0.360724	0.025468	0.960958	0.275519	-0.381882	-0.245354	0.891048
0.923891	-0.127901	0.360648	0.025463	0.960946	0.275563	-0.381808	-0.245407	0.891066
0.923952	-0.127993	0.360458	0.025651	0.960966	0.275475	-0.381646	-0.245279	0.891170
0.923977	-0.127915	0.360422	0.025587	0.960972	0.275460	-0.381591	-0.245297	0.891189
0.923894	-0.127882	0.360647	0.025393	0.960914	0.275679	-0.381805	-0.245540	0.891030
0.923968	-0.127757	0.360501	0.025399	0.960977	0.275461	-0.381625	-0.245360	0.891157
0.923940	-0.128183	0.360423	0.025667	0.960838	0.275921	-0.381676	-0.245683	0.891046
0.923908	-0.128797	0.360285	0.025612	0.960346	0.277631	-0.381757	-0.247278	0.890570
0.923943	-0.130530	0.359571	0.026043	0.959264	0.281309	-0.381642	-0.250549	0.889704
0.924226	-0.132053	0.358286	0.026533	0.958240	0.284733	-0.380924	-0.253651	0.889134
0.924304	-0.131309	0.358357	0.026069	0.958480	0.283966	-0.380766	-0.253129	0.889350
0.924400	-0.130553	0.358387	0.025845	0.958879	0.282637	-0.380548	-0.252007	0.889761
0.924503	-0.130473	0.358148	0.026175	0.959106	0.281833	-0.380274	-0.251181	0.890112
0.924423	-0.130581	0.358317	0.026439	0.959237	0.281363	-0.380452	-0.250625	0.890193
0.924447	-0.130366	0.358332	0.026472	0.959415	0.280753	-0.380390	-0.250056	0.890380
0.924387	-0.129946	0.358640	0.026149	0.959562	0.280281	-0.380559	-0.249710	0.890404
0.924370	-0.128863	0.359075	0.025765	0.960163	0.278249	-0.380627	-0.247953	0.890866
0.924468	-0.128713	0.358875	0.026037	0.960406	0.277385	-0.380369	-0.247090	0.891216
0.924426	-0.128527	0.359052	0.026055	0.960583	0.276770	-0.380471	-0.246498	0.891336
0.924460	-0.128089	0.359119	0.025812	0.960745	0.276228	-0.380404	-0.246092	0.891477
0.924402	-0.127813	0.359367	0.025487	0.960776	0.276152	-0.380567	-0.246116	0.891401
