0.922638	-0.139816	0.359430	0.044276	0.964210	0.261416	-0.383116	-0.225278	0.895808
0.922519	-0.140396	0.359511	0.044584	0.964020	0.262064	-0.383369	-0.225731	0.895586
0.922361	-0.141447	0.359505	0.045395	0.963799	0.262738	-0.383654	-0.226020	0.895391
0.922259	-0.142928	0.359180	0.046623	0.963482	0.263683	-0.383751	-0.226438	0.895243
0.921969	-0.145364	0.358947	0.048564	0.962960	0.265235	-0.384208	-0.227106	0.894878
0.921931	-0.148395	0.357803	0.050598	0.961928	0.268577	-0.384036	-0.229506	0.894340
0.921906	-0.149793	0.357283	0.050700	0.960944	0.272058	-0.384081	-0.232698	0.893495
0.922107	-0.150631	0.356410	0.049910	0.959722	0.276482	-0.383701	-0.237158	0.892485
0.922205	-0.150549	0.356192	0.049004	0.959176	0.278533	-0.383583	-0.239410	0.891934
0.922263	-0.149786	0.356364	0.048843	0.959642	0.276950	-0.383465	-0.238015	0.892358
0.922260	-0.149651	0.356428	0.049964	0.960439	0.273971	-0.383328	-0.234864	0.893252
0.922074	-0.151060	0.356316	0.052441	0.960955	0.271691	-0.383445	-0.231833	0.893993
0.921808	-0.151831	0.356677	0.054109	0.961493	0.269450	-0.383853	-0.229082	0.894527
0.921766	-0.151033	0.357123	0.053883	0.961978	0.267759	-0.383985	-0.227568	0.894857
0.921964	-0.149230	0.357371	0.052453	0.962393	0.266550	-0.383708	-0.227004	0.895119
0.921946	-0.147945	0.357950	0.051316	0.962684	0.265719	-0.383904	-0.226610	0.895134
0.922055	-0.146269	0.358358	0.049760	0.962960	0.265014	-0.383848	-0.226525	0.895180
0.922114	-0.145418	0.358551	0.049007	0.963118	0.264578	-0.383801	-0.226399	0.895232
0.922063	-0.144887	0.358897	0.048487	0.963225	0.264283	-0.383990	-0.226284	0.895180
0.922227	-0.143817	0.358906	0.047606	0.963422	0.263728	-0.383706	-0.226131	0.895340
0.922239	-0.143505	0.359000	0.047199	0.963406	0.263858	-0.383728	-0.226396	0.895264
0.922279	-0.142837	0.359165	0.046367	0.963388	0.264070	-0.383734	-0.226893	0.895135
0.922399	-0.141919	0.359221	0.045271	0.963362	0.264355	-0.383577	-0.227579	0.895029
