0.919422	-0.164610	0.357164	0.070783	0.962621	0.261440	-0.386849	-0.215093	0.896707
0.919433	-0.164578	0.357151	0.070738	0.962615	0.261474	-0.386832	-0.215144	0.896702
0.919524	-0.164254	0.357066	0.070536	0.962703	0.261205	-0.386652	-0.214998	0.896814
0.919517	-0.164355	0.357037	0.070640	0.962689	0.261228	-0.386650	-0.214982	0.896819
0.919521	-0.164425	0.356996	0.070699	0.962669	0.261285	-0.386630	-0.215018	0.896819
0.919483	-0.164204	0.357194	0.070459	0.962713	0.261190	-0.386763	-0.214992	0.896768
0.919404	-0.163692	0.357632	0.069920	0.962819	0.260942	-0.387049	-0.214905	0.896665
0.919357	-0.163326	0.357922	0.069467	0.962854	0.260934	-0.387243	-0.215027	0.896552
0.919632	-0.161850	0.357884	0.067786	0.962882	0.261271	-0.386887	-0.216014	0.896469
0.920019	-0.160289	0.357592	0.065996	0.962862	0.261803	-0.386277	-0.217264	0.896430
0.920042	-0.159755	0.357773	0.065093	0.962735	0.262494	-0.386375	-0.218217	0.896156
0.919403	-0.161920	0.358440	0.066650	0.962288	0.263742	-0.387628	-0.218595	0.895523
0.919014	-0.163327	0.358801	0.067783	0.962052	0.264312	-0.388354	-0.218586	0.895210
0.918825	-0.164494	0.358751	0.068768	0.961824	0.264889	-0.388628	-0.218716	0.895060
0.918668	-0.165486	0.358697	0.070150	0.961933	0.264128	-0.388752	-0.217484	0.895306
0.918501	-0.166637	0.358592	0.072067	0.962223	0.262550	-0.388796	-0.215310	0.895812
0.918609	-0.167111	0.358095	0.072901	0.962294	0.262060	-0.388385	-0.214625	0.896155
0.918675	-0.166958	0.357997	0.072990	0.962428	0.261543	-0.388213	-0.214143	0.896345
0.918681	-0.166705	0.358098	0.072795	0.962503	0.261322	-0.388234	-0.214004	0.896368
0.918682	-0.166617	0.358138	0.072665	0.962496	0.261383	-0.388257	-0.214104	0.896335
0.918591	-0.166763	0.358302	0.072608	0.962394	0.261775	-0.388482	-0.214448	0.896155
0.918555	-0.166694	0.358428	0.072460	0.962377	0.261877	-0.388596	-0.214577	0.896075
0.918595	-0.166592	0.358372	0.072446	0.962428	0.261695	-0.388503	-0.214429	0.896150
