0.922451	-0.127933	0.364305	0.014675	0.954449	0.298014	-0.385836	-0.269557	0.882309
0.922449	-0.127206	0.364562	0.014007	0.954577	0.297636	-0.385864	-0.269448	0.882330
0.922507	-0.126588	0.364631	0.013598	0.954762	0.297059	-0.385740	-0.269081	0.882497
0.922618	-0.125984	0.364560	0.013225	0.954930	0.296535	-0.385488	-0.268767	0.882702
0.922465	-0.126010	0.364938	0.013177	0.954963	0.296432	-0.385856	-0.268639	0.882580
0.922530	-0.125302	0.365017	0.012300	0.954889	0.296708	-0.385729	-0.269232	0.882455
0.922438	-0.124906	0.365386	0.011615	0.954786	0.297068	-0.385971	-0.269783	0.882181
0.922513	-0.124331	0.365392	0.010760	0.954612	0.297656	-0.385815	-0.270660	0.881980
0.922566	-0.124130	0.365326	0.009844	0.954101	0.299324	-0.385713	-0.272549	0.881443
0.922545	-0.125144	0.365034	0.009768	0.953224	0.302106	-0.385766	-0.275141	0.880615
0.922599	-0.125978	0.364611	0.009926	0.952612	0.304025	-0.385634	-0.276874	0.880129
0.922538	-0.126534	0.364573	0.010371	0.952505	0.304347	-0.385767	-0.276991	0.880034
0.922568	-0.126872	0.364378	0.011125	0.952746	0.303566	-0.385674	-0.276006	0.880384
0.922514	-0.127553	0.364278	0.012053	0.952874	0.303128	-0.385776	-0.275249	0.880576
0.922531	-0.128183	0.364013	0.012928	0.952963	0.302811	-0.385706	-0.274647	0.880795
0.922516	-0.128393	0.363977	0.013569	0.953253	0.301869	-0.385720	-0.273540	0.881133
0.922560	-0.128042	0.363988	0.013670	0.953589	0.300800	-0.385610	-0.272531	0.881494
0.922554	-0.127733	0.364114	0.013605	0.953802	0.300128	-0.385629	-0.271931	0.881671
0.922546	-0.127582	0.364186	0.013512	0.953865	0.299931	-0.385651	-0.271779	0.881708
0.922473	-0.127336	0.364456	0.013135	0.953844	0.300015	-0.385837	-0.271969	0.881568
0.922443	-0.126973	0.364661	0.012770	0.953904	0.299840	-0.385923	-0.271929	0.881543
0.922317	-0.127010	0.364965	0.012788	0.953959	0.299666	-0.386222	-0.271720	0.881477
0.922344	-0.127045	0.364884	0.013018	0.954076	0.299283	-0.386149	-0.271292	0.881640
