0.924602	-0.122936	0.360552	0.023295	0.962969	0.268603	-0.380221	-0.239952	0.893227
0.924686	-0.123928	0.359997	0.024186	0.962752	0.269301	-0.379962	-0.240312	0.893241
0.924692	-0.123998	0.359957	0.024245	0.962735	0.269359	-0.379943	-0.240347	0.893239
0.924584	-0.124314	0.360126	0.024382	0.962636	0.269699	-0.380197	-0.240579	0.893069
0.924522	-0.124577	0.360193	0.024494	0.962539	0.270034	-0.380340	-0.240830	0.892940
0.924544	-0.124956	0.360007	0.024832	0.962458	0.270291	-0.380266	-0.240956	0.892938
0.924614	-0.125099	0.359776	0.025009	0.962430	0.270377	-0.380083	-0.240997	0.893005
0.924687	-0.125005	0.359621	0.024718	0.962281	0.270932	-0.379924	-0.241638	0.892899
0.924715	-0.124990	0.359556	0.024618	0.962215	0.271175	-0.379864	-0.241908	0.892851
0.924561	-0.126122	0.359556	0.025708	0.962129	0.271381	-0.380167	-0.241665	0.892789
0.924428	-0.126841	0.359644	0.026505	0.962156	0.271209	-0.380434	-0.241181	0.892806
0.924367	-0.126965	0.359758	0.026714	0.962224	0.270946	-0.380568	-0.240843	0.892839
0.924281	-0.126785	0.360042	0.026524	0.962279	0.270767	-0.380790	-0.240715	0.892779
0.924255	-0.126090	0.360353	0.026026	0.962500	0.270031	-0.380888	-0.240199	0.892877
0.924247	-0.125520	0.360573	0.025671	0.962707	0.269327	-0.380932	-0.239668	0.893001
0.924216	-0.125363	0.360705	0.025610	0.962799	0.269002	-0.381009	-0.239378	0.893045
0.924195	-0.125091	0.360853	0.025470	0.962924	0.268570	-0.381070	-0.239020	0.893116
0.924341	-0.124317	0.360747	0.025020	0.963149	0.267802	-0.380746	-0.238515	0.893389
0.924669	-0.122732	0.360450	0.023607	0.963287	0.267435	-0.380039	-0.238780	0.893619
0.924924	-0.121606	0.360177	0.022419	0.963255	0.267652	-0.379491	-0.239483	0.893664
