0.928105	0.330110	-0.172187	-0.229962	0.871970	0.432187	0.292812	-0.361518	0.885193
0.928206	0.329758	-0.172318	-0.229529	0.872006	0.432345	0.292832	-0.361753	0.885090
0.928251	0.329363	-0.172833	-0.228898	0.872079	0.432533	0.293184	-0.361938	0.884898
0.928445	0.328832	-0.172800	-0.228443	0.872245	0.432438	0.292923	-0.362020	0.884951
0.928627	0.328777	-0.171925	-0.228759	0.872209	0.432343	0.292099	-0.362156	0.885167
0.928403	0.329645	-0.171473	-0.229873	0.872104	0.431964	0.291937	-0.361620	0.885440
0.928319	0.330289	-0.170684	-0.230638	0.871688	0.432396	0.291599	-0.362036	0.885381
0.928094	0.331141	-0.170255	-0.231444	0.871235	0.432877	0.291676	-0.362346	0.885229
0.927231	0.332895	-0.171533	-0.232736	0.871094	0.432469	0.293388	-0.361077	0.885182
0.926876	0.333495	-0.172284	-0.233121	0.871154	0.432141	0.294202	-0.360378	0.885197
0.926654	0.333620	-0.173236	-0.233148	0.871553	0.431320	0.294881	-0.359294	0.885411
0.926858	0.333095	-0.173152	-0.232776	0.871785	0.431052	0.294533	-0.359218	0.885558
0.927346	0.332049	-0.172548	-0.231944	0.871890	0.431288	0.293652	-0.359932	0.885561
0.929159	0.328005	-0.170515	-0.227993	0.871527	0.434119	0.291002	-0.364490	0.884571
0.932792	0.318936	-0.167869	-0.219157	0.871683	0.438336	0.286129	-0.372086	0.882996
0.934804	0.315016	-0.164031	-0.216280	0.871246	0.440628	0.281717	-0.376424	0.882576
0.934911	0.315912	-0.161685	-0.217869	0.870565	0.441191	0.280135	-0.377248	0.882728
0.934550	0.317598	-0.160461	-0.220546	0.870881	0.439233	0.279242	-0.375096	0.883927
0.934585	0.317970	-0.159521	-0.221631	0.871194	0.438066	0.278265	-0.374055	0.884676
0.934689	0.317993	-0.158862	-0.221862	0.871055	0.438224	0.277729	-0.374358	0.884716
0.934591	0.318205	-0.159010	-0.222038	0.871068	0.438108	0.277917	-0.374146	0.884747
0.934246	0.319094	-0.159261	-0.222844	0.870984	0.437866	0.278434	-0.373584	0.884822
0.933748	0.320295	-0.159765	-0.223882	0.870904	0.437496	0.279268	-0.372743	0.884914
0.933115	0.321653	-0.160736	-0.224774	0.870684	0.437476	0.280666	-0.372086	0.884748
0.932061	0.323859	-0.162412	-0.226063	0.870173	0.437830	0.283122	-0.371369	0.884266
