0.922384	0.349717	-0.164028	-0.252991	0.867834	0.427620	0.291895	-0.352933	0.888952
0.922583	0.349630	-0.163097	-0.253364	0.867887	0.427291	0.290943	-0.352889	0.889281
0.922823	0.349204	-0.162651	-0.253079	0.867893	0.427449	0.290430	-0.353296	0.889287
0.923009	0.348817	-0.162421	-0.252680	0.867826	0.427821	0.290184	-0.353842	0.889151
0.923052	0.348711	-0.162406	-0.252442	0.867678	0.428261	0.290256	-0.354309	0.888941
0.923143	0.348723	-0.161861	-0.252520	0.867448	0.428681	0.289897	-0.354861	0.888838
0.923018	0.349151	-0.161650	-0.252857	0.867131	0.429124	0.290001	-0.355215	0.888663
0.922886	0.349558	-0.161525	-0.253163	0.866855	0.429501	0.290154	-0.355488	0.888504
0.922812	0.349787	-0.161452	-0.253311	0.866668	0.429792	0.290261	-0.355720	0.888376
0.922621	0.350010	-0.162058	-0.252948	0.866251	0.430844	0.291183	-0.356513	0.887756
0.921874	0.351188	-0.163755	-0.253371	0.866062	0.430974	0.293175	-0.355813	0.887381
0.921876	0.351109	-0.163913	-0.253270	0.866140	0.430878	0.293256	-0.355702	0.887399
0.921223	0.352262	-0.165105	-0.253993	0.866060	0.430612	0.294679	-0.354754	0.887307
0.920727	0.352944	-0.166410	-0.254197	0.866079	0.430454	0.296050	-0.354030	0.887140
0.920629	0.352862	-0.167128	-0.253884	0.866221	0.430353	0.296625	-0.353765	0.887054
0.920483	0.353353	-0.166889	-0.254535	0.866177	0.430057	0.296518	-0.353381	0.887242
0.920320	0.353861	-0.166712	-0.255296	0.866277	0.429405	0.296369	-0.352629	0.887591
0.920666	0.353224	-0.166151	-0.255211	0.866754	0.428491	0.295366	-0.352093	0.888138
0.921235	0.351838	-0.165941	-0.254052	0.867195	0.428288	0.294591	-0.352396	0.888275
0.921236	0.351557	-0.166528	-0.253426	0.867166	0.428718	0.295126	-0.352748	0.887958
0.920431	0.352876	-0.168181	-0.253854	0.866750	0.429304	0.297262	-0.352452	0.887363
0.919416	0.354525	-0.170254	-0.254658	0.866552	0.429228	0.299706	-0.351283	0.887004
0.919038	0.355138	-0.171014	-0.255241	0.866803	0.428373	0.300367	-0.350042	0.887271
0.919368	0.354415	-0.170740	-0.254773	0.867103	0.428047	0.299755	-0.350033	0.887482
0.919290	0.354783	-0.170399	-0.255190	0.866898	0.428212	0.299641	-0.350167	0.887468
