0.899422	0.390249	-0.196838	-0.298525	0.877425	0.375511	0.319253	-0.278983	0.905674
0.897798	0.391193	-0.202304	-0.299432	0.879048	0.370966	0.322954	-0.272476	0.906343
0.896824	0.390919	-0.207096	-0.299110	0.880735	0.367205	0.325945	-0.267374	0.906792
0.896327	0.389986	-0.210973	-0.298183	0.882321	0.364139	0.328154	-0.263479	0.907135
0.896274	0.388414	-0.214073	-0.296551	0.883777	0.361933	0.329773	-0.260908	0.907291
0.896331	0.386728	-0.216868	-0.294824	0.885169	0.359937	0.331163	-0.258685	0.907421
0.896643	0.386066	-0.216761	-0.294546	0.885646	0.358991	0.330567	-0.258040	0.907822
0.896908	0.386072	-0.215646	-0.295037	0.885674	0.358517	0.329406	-0.257934	0.908274
0.897412	0.385524	-0.214531	-0.294937	0.885852	0.358161	0.328122	-0.258145	0.908679
0.897943	0.384514	-0.214119	-0.294064	0.886151	0.358138	0.327451	-0.258623	0.908785
0.898581	0.383231	-0.213743	-0.292780	0.886436	0.358484	0.326852	-0.259547	0.908737
0.899902	0.380735	-0.212646	-0.290269	0.886855	0.359488	0.325455	-0.261779	0.908598
0.901264	0.378605	-0.210671	-0.288327	0.887027	0.360626	0.323406	-0.264277	0.908607
0.902538	0.377385	-0.207380	-0.287173	0.886361	0.363174	0.320870	-0.268224	0.908349
0.903553	0.376673	-0.204227	-0.286530	0.885560	0.365629	0.318578	-0.271848	0.908079
0.903935	0.376929	-0.202054	-0.286616	0.884580	0.367927	0.317415	-0.274670	0.907636
0.904203	0.377882	-0.199053	-0.287343	0.883028	0.371074	0.315992	-0.278330	0.907018
0.904016	0.379399	-0.197008	-0.288785	0.881765	0.372954	0.315213	-0.280264	0.906694
0.903705	0.381260	-0.194828	-0.290666	0.880423	0.374658	0.314373	-0.281951	0.906462
0.903567	0.382559	-0.192913	-0.291950	0.879304	0.376284	0.313580	-0.283677	0.906198
0.903672	0.383041	-0.191456	-0.292363	0.878547	0.377729	0.312889	-0.285369	0.905906
0.903900	0.382695	-0.191075	-0.291833	0.878335	0.378630	0.312728	-0.286482	0.905610
0.904129	0.382756	-0.189866	-0.292024	0.877970	0.379329	0.311887	-0.287517	0.905572
0.904129	0.383364	-0.188634	-0.292943	0.877601	0.379475	0.311023	-0.287835	0.905768
