0.896213	0.410744	-0.167603	-0.320792	0.860996	0.394688	0.306422	-0.299959	0.903399
0.896118	0.410581	-0.168511	-0.320617	0.861427	0.393887	0.306882	-0.298942	0.903580
0.896821	0.409259	-0.167985	-0.319234	0.861562	0.394715	0.306270	-0.300362	0.903317
0.897901	0.406391	-0.169173	-0.315437	0.862066	0.396664	0.307039	-0.302802	0.902241
0.898610	0.404146	-0.170782	-0.312496	0.862777	0.397444	0.307972	-0.303778	0.901594
0.898654	0.403576	-0.171894	-0.311335	0.862856	0.398184	0.309017	-0.304313	0.901056
0.897833	0.405296	-0.172136	-0.313088	0.862463	0.397661	0.309631	-0.303140	0.901241
0.896820	0.407675	-0.171798	-0.315651	0.861754	0.397171	0.309965	-0.301963	0.901521
0.895990	0.409551	-0.171665	-0.317823	0.861391	0.396225	0.310145	-0.300454	0.901963
0.895913	0.409978	-0.171051	-0.318457	0.861194	0.396145	0.309719	-0.300439	0.902115
0.896067	0.409999	-0.170192	-0.318637	0.860972	0.396480	0.309087	-0.301043	0.902130
0.896365	0.409677	-0.169395	-0.318588	0.860998	0.396465	0.308271	-0.301410	0.902286
0.896536	0.409255	-0.169511	-0.318089	0.861106	0.396632	0.308291	-0.301675	0.902191
0.896489	0.409609	-0.168903	-0.318538	0.860822	0.396887	0.307964	-0.302003	0.902193
0.896427	0.410083	-0.168080	-0.319330	0.860628	0.396671	0.307322	-0.301914	0.902442
0.896560	0.410085	-0.167363	-0.319740	0.860716	0.396149	0.306506	-0.301659	0.902804
0.896621	0.410095	-0.167013	-0.319806	0.860615	0.396315	0.306261	-0.301933	0.902796
0.896722	0.409842	-0.167088	-0.319482	0.860657	0.396485	0.306302	-0.302155	0.902708
0.896831	0.409519	-0.167295	-0.319023	0.860717	0.396726	0.306461	-0.302425	0.902564
0.896937	0.409356	-0.167128	-0.318982	0.860816	0.396543	0.306194	-0.302363	0.902675
0.896986	0.409305	-0.166991	-0.319048	0.860888	0.396334	0.305982	-0.302228	0.902792
0.896886	0.409438	-0.167200	-0.319303	0.861057	0.395761	0.306009	-0.301565	0.903005
0.896835	0.409530	-0.167247	-0.319586	0.861236	0.395142	0.305862	-0.300928	0.903267
0.896952	0.409387	-0.166970	-0.319694	0.861409	0.394678	0.305406	-0.300628	0.903521
0.897237	0.409008	-0.166370	-0.319626	0.861576	0.394369	0.304640	-0.300666	0.903767
