0.863294	0.470286	-0.183181	-0.387878	0.850444	0.355381	0.322916	-0.235746	0.916597
0.862822	0.471165	-0.183144	-0.388456	0.849827	0.356225	0.323481	-0.236215	0.916276
0.862415	0.472373	-0.181942	-0.389458	0.848780	0.357623	0.323361	-0.237561	0.915971
0.862446	0.472830	-0.180604	-0.389976	0.848215	0.358399	0.322653	-0.238668	0.915933
0.862897	0.472561	-0.179151	-0.389595	0.847801	0.359791	0.321907	-0.240666	0.915672
0.863069	0.472653	-0.178075	-0.389427	0.847228	0.361320	0.321649	-0.242497	0.915280
0.863202	0.472672	-0.177377	-0.389223	0.846829	0.362473	0.321539	-0.243849	0.914959
0.863246	0.472942	-0.176443	-0.389392	0.846336	0.363441	0.321217	-0.245034	0.914756
0.863329	0.473235	-0.175245	-0.389759	0.845879	0.364111	0.320546	-0.246044	0.914720
0.863472	0.473262	-0.174471	-0.389748	0.845586	0.364802	0.320177	-0.246996	0.914593
0.863743	0.473062	-0.173668	-0.389562	0.845422	0.365380	0.319670	-0.247940	0.914514
0.864001	0.472938	-0.172718	-0.389490	0.845203	0.365963	0.319060	-0.248920	0.914461
0.864478	0.472470	-0.171608	-0.389120	0.845114	0.366562	0.318218	-0.250109	0.914430
0.864718	0.472403	-0.170583	-0.389118	0.844851	0.367170	0.317570	-0.251121	0.914378
0.864297	0.473658	-0.169230	-0.390409	0.843881	0.368029	0.317130	-0.252017	0.914285
0.863821	0.474685	-0.168783	-0.391053	0.842980	0.369407	0.317633	-0.253099	0.913811
0.863687	0.475419	-0.167396	-0.391560	0.842004	0.371094	0.317373	-0.254964	0.913383
0.863353	0.476779	-0.165235	-0.392730	0.840509	0.373241	0.316835	-0.257346	0.912901
0.862991	0.478103	-0.163292	-0.394076	0.839266	0.374615	0.316150	-0.258940	0.912688
0.863791	0.477318	-0.161348	-0.393167	0.838806	0.376596	0.315095	-0.261863	0.912218
0.866144	0.473977	-0.158557	-0.389783	0.839171	0.379292	0.312832	-0.266718	0.911591
0.868212	0.470798	-0.156709	-0.386611	0.839816	0.381106	0.311030	-0.270295	0.911153
0.869304	0.469000	-0.156045	-0.384859	0.840347	0.381708	0.310153	-0.271765	0.911015
0.869511	0.468308	-0.156966	-0.383934	0.840783	0.381680	0.310718	-0.271610	0.910869
0.869387	0.468060	-0.158386	-0.383576	0.841332	0.380827	0.311505	-0.270333	0.910980
0.869331	0.467867	-0.159259	-0.383456	0.841805	0.379901	0.311809	-0.269191	0.911214
