0.877287	0.442686	-0.185465	-0.355569	0.858985	0.368396	0.322395	-0.257243	0.910981
0.876182	0.442258	-0.191607	-0.355539	0.861466	0.362585	0.325419	-0.249566	0.912041
0.875646	0.441311	-0.196186	-0.354691	0.863342	0.358937	0.327778	-0.244716	0.912511
0.875957	0.439681	-0.198445	-0.353159	0.864743	0.357068	0.328600	-0.242694	0.912755
0.876319	0.439091	-0.198150	-0.352325	0.864705	0.357984	0.328529	-0.243895	0.912460
0.876653	0.439014	-0.196841	-0.351897	0.864073	0.359927	0.328097	-0.246263	0.911979
0.877193	0.438085	-0.196506	-0.350318	0.863840	0.362018	0.328344	-0.248720	0.911224
0.877548	0.437676	-0.195827	-0.349379	0.863382	0.364014	0.328394	-0.251022	0.910574
0.876836	0.439748	-0.194369	-0.350282	0.861214	0.368256	0.329334	-0.254816	0.909180
0.875253	0.443515	-0.192942	-0.352482	0.858071	0.373458	0.331192	-0.258861	0.907360
0.874569	0.445349	-0.191817	-0.353594	0.856415	0.376197	0.331814	-0.261185	0.906467
0.875480	0.444356	-0.189954	-0.352750	0.856282	0.377291	0.330306	-0.263304	0.906405
0.875889	0.443993	-0.188917	-0.352381	0.856058	0.378143	0.329616	-0.264640	0.906266
0.876048	0.444254	-0.187559	-0.352760	0.855580	0.378872	0.328787	-0.265746	0.906244
0.876436	0.444185	-0.185903	-0.353098	0.855357	0.379060	0.327387	-0.266580	0.906506
0.876712	0.444082	-0.184845	-0.353161	0.855157	0.379453	0.326579	-0.267391	0.906558
0.876641	0.444544	-0.184067	-0.353526	0.854624	0.380311	0.326373	-0.268324	0.906357
0.876648	0.444784	-0.183457	-0.353896	0.854422	0.380421	0.325955	-0.268571	0.906434
0.877265	0.444185	-0.181949	-0.353420	0.854210	0.381340	0.324808	-0.270232	0.906352
0.877537	0.443947	-0.181218	-0.352862	0.853767	0.382844	0.324681	-0.272014	0.905865
0.877925	0.443425	-0.180613	-0.352205	0.853629	0.383756	0.324344	-0.273297	0.905599
0.878413	0.442957	-0.179387	-0.352119	0.853677	0.383728	0.323114	-0.273906	0.905855
0.878355	0.442300	-0.181280	-0.351605	0.854741	0.381828	0.323830	-0.271641	0.906281
0.877384	0.442113	-0.186367	-0.351828	0.856963	0.376605	0.326211	-0.264858	0.907434
0.875846	0.442865	-0.191739	-0.352964	0.858807	0.371303	0.329104	-0.257528	0.908499
