0.836244	0.521515	-0.169463	-0.438960	0.821861	0.363123	0.328649	-0.229272	0.916201
0.836141	0.521802	-0.169087	-0.439293	0.821633	0.363237	0.328465	-0.229439	0.916225
0.836059	0.522025	-0.168803	-0.439580	0.821476	0.363244	0.328290	-0.229491	0.916275
0.835947	0.522245	-0.168680	-0.439820	0.821341	0.363260	0.328254	-0.229478	0.916291
0.835794	0.522573	-0.168423	-0.440213	0.821140	0.363238	0.328117	-0.229450	0.916347
0.835652	0.522997	-0.167806	-0.440704	0.820780	0.363457	0.327819	-0.229770	0.916373
0.835802	0.523060	-0.166862	-0.440904	0.820555	0.363722	0.327168	-0.230429	0.916441
0.836004	0.523109	-0.165691	-0.441048	0.820236	0.364266	0.326456	-0.231450	0.916437
0.836253	0.523101	-0.164455	-0.441067	0.819876	0.365051	0.325792	-0.232739	0.916347
0.836334	0.523579	-0.162513	-0.441501	0.818990	0.366515	0.324995	-0.234779	0.916110
0.836194	0.524086	-0.161598	-0.441775	0.818269	0.367791	0.324985	-0.236155	0.915760
0.836341	0.524174	-0.160547	-0.441857	0.817882	0.368552	0.324494	-0.237296	0.915638
0.836165	0.524853	-0.159240	-0.442382	0.816998	0.369881	0.324233	-0.238837	0.915331
0.835997	0.525588	-0.157690	-0.443149	0.816137	0.370862	0.323617	-0.240160	0.915202
0.835882	0.526054	-0.156745	-0.443636	0.815603	0.371455	0.323248	-0.240955	0.915124
0.835996	0.526121	-0.155908	-0.443608	0.815220	0.372329	0.322989	-0.242104	0.914912
0.836069	0.526059	-0.155724	-0.443321	0.815020	0.373107	0.323195	-0.242907	0.914626
0.835948	0.526248	-0.155736	-0.443199	0.814694	0.373964	0.323675	-0.243593	0.914274
0.835768	0.526617	-0.155455	-0.443595	0.814431	0.374066	0.323597	-0.243673	0.914280
0.835687	0.526889	-0.154968	-0.443914	0.814163	0.374270	0.323368	-0.243980	0.914279
0.835492	0.527368	-0.154390	-0.444514	0.813813	0.374321	0.323050	-0.244113	0.914356
0.835332	0.527700	-0.154118	-0.444637	0.813392	0.375089	0.323293	-0.244797	0.914087
0.835190	0.527950	-0.154034	-0.444561	0.812990	0.376049	0.323763	-0.245595	0.913707
0.834912	0.528216	-0.154627	-0.444353	0.812696	0.376930	0.324765	-0.245994	0.913244
0.834717	0.528472	-0.154806	-0.444371	0.812446	0.377448	0.325242	-0.246270	0.913000
