0.967593	0.172299	-0.184600	-0.074917	0.894006	0.441747	0.241146	-0.413602	0.877942
0.966772	0.176426	-0.185001	-0.078808	0.894119	0.440841	0.243189	-0.411613	0.878313
0.966497	0.178018	-0.184915	-0.080603	0.894465	0.439812	0.243695	-0.410172	0.878847
0.966651	0.178012	-0.184111	-0.081156	0.894790	0.439050	0.242897	-0.409467	0.879396
0.966516	0.178557	-0.184295	-0.081669	0.894899	0.438731	0.243264	-0.408990	0.879517
0.966624	0.178162	-0.184107	-0.081402	0.894954	0.438669	0.242922	-0.409042	0.879587
0.966646	0.178586	-0.183584	-0.081968	0.894812	0.438854	0.242646	-0.409169	0.879604
0.966620	0.179253	-0.183070	-0.082814	0.894747	0.438828	0.242463	-0.409019	0.879725
0.966646	0.179367	-0.182822	-0.083140	0.894919	0.438416	0.242248	-0.408593	0.879982
0.966794	0.178879	-0.182514	-0.082789	0.894896	0.438529	0.241775	-0.408857	0.879989
0.966848	0.178461	-0.182636	-0.082369	0.894969	0.438459	0.241701	-0.408880	0.879999
0.967110	0.177803	-0.181890	-0.082068	0.894973	0.438507	0.240754	-0.409157	0.880130
0.967119	0.176896	-0.182727	-0.080858	0.895065	0.438544	0.241129	-0.409350	0.879937
0.967139	0.176884	-0.182630	-0.080838	0.894975	0.438731	0.241054	-0.409550	0.879865
0.967128	0.177685	-0.181913	-0.081876	0.894859	0.438775	0.240750	-0.409457	0.879991
0.967158	0.178394	-0.181058	-0.083046	0.895015	0.438237	0.240228	-0.408808	0.880435
0.967287	0.178047	-0.180707	-0.082831	0.894955	0.438401	0.239781	-0.409091	0.880426
0.967416	0.177728	-0.180333	-0.082545	0.894707	0.438960	0.239360	-0.409772	0.880224
0.967493	0.177504	-0.180138	-0.082251	0.894425	0.439590	0.239149	-0.410483	0.879950
0.967710	0.177353	-0.179116	-0.082448	0.894217	0.439976	0.238200	-0.411001	0.879965
0.967832	0.177649	-0.178162	-0.083089	0.894078	0.440137	0.237481	-0.411175	0.880078
0.967931	0.177920	-0.177351	-0.083621	0.893904	0.440390	0.236889	-0.411437	0.880115
0.967680	0.178911	-0.177728	-0.084410	0.893896	0.440256	0.237637	-0.411025	0.880107
0.967843	0.178796	-0.176949	-0.084528	0.893680	0.440672	0.236926	-0.411544	0.880055
0.967988	0.178827	-0.176123	-0.084767	0.893389	0.441215	0.236248	-0.412162	0.879949
