0.969817	0.159636	-0.184316	-0.061779	0.892103	0.447588	0.235880	-0.422692	0.875038
0.969643	0.158852	-0.185899	-0.060100	0.891749	0.448522	0.237023	-0.423734	0.874225
0.969546	0.158675	-0.186553	-0.059645	0.891777	0.448527	0.237533	-0.423741	0.874083
0.969864	0.157753	-0.185681	-0.059267	0.891953	0.448227	0.236328	-0.423714	0.874423
0.970030	0.158018	-0.184584	-0.060010	0.891922	0.448189	0.235457	-0.423680	0.874674
0.970251	0.157775	-0.183632	-0.060421	0.892289	0.447403	0.234441	-0.422998	0.875277
0.970345	0.156928	-0.183857	-0.059823	0.892856	0.446352	0.234203	-0.422117	0.875766
0.970353	0.157460	-0.183361	-0.060730	0.893164	0.445613	0.233938	-0.421266	0.876246
0.970450	0.158821	-0.181668	-0.062842	0.893225	0.445196	0.232977	-0.420624	0.876811
0.970573	0.160174	-0.179811	-0.065013	0.893269	0.444796	0.231864	-0.420017	0.877396
0.970657	0.160757	-0.178833	-0.065824	0.892915	0.445388	0.231282	-0.420548	0.877296
0.970609	0.161499	-0.178429	-0.066446	0.892418	0.446290	0.231308	-0.421317	0.876920
0.970740	0.161388	-0.177814	-0.066512	0.892214	0.446688	0.230739	-0.421792	0.876842
0.970909	0.161139	-0.177115	-0.066607	0.892236	0.446630	0.229998	-0.421841	0.877013
0.971046	0.161199	-0.176310	-0.066904	0.891996	0.447066	0.229334	-0.422325	0.876953
0.970964	0.161829	-0.176181	-0.067547	0.891961	0.447038	0.229490	-0.422158	0.876993
0.971050	0.161322	-0.176176	-0.067035	0.891907	0.447222	0.229279	-0.422465	0.876900
0.971004	0.161193	-0.176546	-0.066798	0.892011	0.447050	0.229543	-0.422294	0.876914
0.971108	0.160908	-0.176231	-0.066691	0.892050	0.446988	0.229131	-0.422321	0.877008
0.971212	0.160279	-0.176234	-0.066212	0.892276	0.446609	0.228832	-0.422083	0.877201
0.970721	0.160673	-0.178562	-0.066104	0.893344	0.444484	0.230934	-0.419667	0.877809
0.970042	0.161497	-0.181486	-0.066146	0.894403	0.442344	0.233759	-0.417087	0.878291
0.969427	0.162854	-0.183548	-0.066814	0.894940	0.441156	0.236108	-0.415405	0.878460
0.968937	0.163714	-0.185363	-0.067062	0.895369	0.440246	0.238043	-0.414140	0.878535
