0.922396	0.350109	-0.163122	-0.254290	0.868343	0.425813	0.290727	-0.351288	0.889986
0.922536	0.349724	-0.163160	-0.254014	0.868577	0.425500	0.290525	-0.351094	0.890128
0.922585	0.349609	-0.163129	-0.253910	0.868595	0.425525	0.290461	-0.351163	0.890122
0.922347	0.349975	-0.163687	-0.254026	0.868529	0.425593	0.291114	-0.350963	0.889987
0.922298	0.350085	-0.163729	-0.254148	0.868545	0.425487	0.291163	-0.350814	0.890030
0.922094	0.350528	-0.163928	-0.254519	0.868478	0.425401	0.291482	-0.350538	0.890034
0.922041	0.350567	-0.164144	-0.254406	0.868406	0.425616	0.291750	-0.350676	0.889892
0.921642	0.351296	-0.164826	-0.254568	0.867954	0.426441	0.292869	-0.351066	0.889371
0.920433	0.353126	-0.167644	-0.255049	0.867522	0.427031	0.296231	-0.350296	0.888560
0.917821	0.357468	-0.172689	-0.257356	0.866958	0.426793	0.302279	-0.347276	0.887709
0.915841	0.360116	-0.177627	-0.258421	0.867183	0.425690	0.307333	-0.343962	0.887264
0.915298	0.360919	-0.178791	-0.258973	0.867326	0.425062	0.308483	-0.342756	0.887331
0.915351	0.361201	-0.177951	-0.259486	0.867087	0.425238	0.307895	-0.343066	0.887415
0.916181	0.360093	-0.175916	-0.259125	0.867113	0.425405	0.305724	-0.344164	0.887741
0.917214	0.358160	-0.174469	-0.257738	0.867397	0.425668	0.303791	-0.345461	0.887901
0.918368	0.355918	-0.172981	-0.255978	0.867645	0.426225	0.301788	-0.347152	0.887924
0.919002	0.354772	-0.171967	-0.255209	0.867783	0.426404	0.300506	-0.347979	0.888035
0.919203	0.354936	-0.170547	-0.255848	0.867534	0.426528	0.299346	-0.348432	0.888250
0.919258	0.355215	-0.169666	-0.256465	0.867392	0.426447	0.298647	-0.348502	0.888458
0.919435	0.355016	-0.169121	-0.256441	0.867343	0.426561	0.298122	-0.348825	0.888507
0.919662	0.354714	-0.168523	-0.256277	0.867244	0.426860	0.297563	-0.349378	0.888477
0.920009	0.354242	-0.167617	-0.256012	0.867093	0.427326	0.296716	-0.350232	0.888424
0.920137	0.354427	-0.166521	-0.256392	0.866682	0.427931	0.295991	-0.351060	0.888339
0.919803	0.355391	-0.166312	-0.257146	0.866115	0.428626	0.296376	-0.351485	0.888043
0.919258	0.356607	-0.166723	-0.258075	0.865744	0.428817	0.297259	-0.351166	0.887874
