0.976158	0.133641	-0.171045	-0.043669	0.892796	0.448339	0.212625	-0.430180	0.877346
0.975984	0.134729	-0.171185	-0.044485	0.892516	0.448816	0.213254	-0.430422	0.877075
0.975467	0.136989	-0.172330	-0.046004	0.892369	0.448956	0.215284	-0.430014	0.876779
0.975374	0.135862	-0.173747	-0.044402	0.892581	0.448696	0.216044	-0.429932	0.876632
0.975010	0.134771	-0.176614	-0.042264	0.892985	0.448097	0.218104	-0.429435	0.876365
0.974263	0.135472	-0.180165	-0.041740	0.893856	0.446407	0.221517	-0.427398	0.876505
0.973786	0.136119	-0.182241	-0.042002	0.895008	0.444067	0.223553	-0.424772	0.877264
0.973585	0.135972	-0.183420	-0.041832	0.895965	0.442150	0.224458	-0.422798	0.877987
0.973660	0.135389	-0.183454	-0.041496	0.896398	0.441304	0.224195	-0.422067	0.878405
0.973743	0.135487	-0.182940	-0.041843	0.896438	0.441190	0.223770	-0.421951	0.878569
0.973994	0.134738	-0.182159	-0.041487	0.896431	0.441238	0.222744	-0.422206	0.878708
0.974144	0.134425	-0.181587	-0.041433	0.896397	0.441312	0.222097	-0.422377	0.878789
0.974281	0.134126	-0.181073	-0.041266	0.896171	0.441786	0.221527	-0.422951	0.878657
0.974410	0.133999	-0.180472	-0.041372	0.896083	0.441955	0.220940	-0.423179	0.878695
0.974593	0.133887	-0.179565	-0.041645	0.896019	0.442059	0.220080	-0.423350	0.878829
0.974811	0.133923	-0.178347	-0.042028	0.895625	0.442820	0.219035	-0.424171	0.878694
0.975140	0.133373	-0.176959	-0.041988	0.895327	0.443425	0.217577	-0.424971	0.878669
0.975518	0.133009	-0.175140	-0.042260	0.894908	0.444246	0.215823	-0.425968	0.878619
0.975835	0.133280	-0.173157	-0.043035	0.894144	0.445706	0.214231	-0.427484	0.878273
0.975915	0.133474	-0.172553	-0.043365	0.893891	0.446182	0.213797	-0.427953	0.878150
0.975994	0.132908	-0.172542	-0.042858	0.893925	0.446162	0.213538	-0.428057	0.878162
0.975972	0.133391	-0.172295	-0.043422	0.893924	0.446110	0.213526	-0.427910	0.878237
0.976055	0.133370	-0.171841	-0.043711	0.894128	0.445673	0.213088	-0.427490	0.878548
0.975605	0.133596	-0.174206	-0.043191	0.894816	0.444340	0.215245	-0.425976	0.878757
0.975179	0.133719	-0.176480	-0.042393	0.895058	0.443929	0.217322	-0.425429	0.878511
