0.831588	0.534139	-0.152175	-0.443322	0.803429	0.397450	0.334556	-0.263052	0.904918
0.830469	0.535668	-0.152911	-0.444305	0.802502	0.398225	0.336028	-0.262774	0.904453
0.831900	0.533687	-0.152059	-0.442860	0.803608	0.397605	0.334392	-0.263426	0.904869
0.835169	0.529118	-0.150092	-0.438477	0.805294	0.399048	0.332011	-0.267460	0.904563
0.837106	0.525608	-0.151622	-0.434043	0.806869	0.400711	0.332956	-0.269627	0.903571
0.836232	0.525947	-0.155227	-0.433371	0.807277	0.400616	0.336014	-0.267737	0.903001
0.835305	0.526934	-0.156866	-0.433843	0.807007	0.400650	0.337707	-0.266610	0.902703
0.835060	0.527459	-0.156400	-0.434121	0.806376	0.401619	0.337954	-0.267479	0.902353
0.834513	0.528473	-0.155902	-0.434954	0.805543	0.402388	0.338237	-0.267988	0.902097
0.833424	0.530333	-0.155407	-0.436764	0.804392	0.402729	0.338589	-0.267768	0.902030
0.832048	0.532244	-0.156248	-0.438399	0.803544	0.402645	0.339857	-0.266521	0.901922
0.830864	0.533887	-0.156939	-0.440044	0.802982	0.401971	0.340627	-0.264923	0.902103
0.830072	0.535243	-0.156511	-0.441466	0.802188	0.401997	0.340718	-0.264592	0.902166
0.830030	0.535761	-0.154952	-0.442265	0.801557	0.402378	0.339781	-0.265456	0.902265
0.830287	0.535723	-0.153703	-0.442562	0.801364	0.402436	0.338766	-0.266114	0.902453
0.830764	0.535193	-0.152971	-0.442282	0.801548	0.402377	0.337963	-0.266624	0.902603
0.830883	0.535007	-0.152973	-0.442154	0.801689	0.402236	0.337836	-0.266573	0.902666
0.830818	0.534263	-0.155897	-0.441779	0.803458	0.399107	0.338485	-0.262714	0.903554
0.829677	0.534089	-0.162434	-0.441892	0.806140	0.393534	0.341127	-0.254728	0.904846
0.828887	0.534416	-0.165363	-0.442478	0.807189	0.390716	0.342284	-0.250690	0.905536
0.829610	0.533559	-0.164504	-0.441789	0.807455	0.390945	0.341422	-0.251656	0.905594
0.831108	0.532260	-0.161119	-0.440716	0.807096	0.392893	0.339159	-0.255529	0.905360
0.832348	0.531904	-0.155805	-0.440404	0.805380	0.396747	0.336514	-0.261614	0.904608
0.833366	0.531666	-0.151105	-0.440127	0.803695	0.400452	0.334349	-0.267217	0.903773
0.834111	0.531308	-0.148226	-0.439940	0.802894	0.402261	0.332734	-0.270320	0.903446
