0.916619	0.361437	-0.170803	-0.263780	0.867883	0.420949	0.300384	-0.340796	0.890858
0.916105	0.362587	-0.171124	-0.264696	0.867523	0.421117	0.301145	-0.340492	0.890717
0.916124	0.362241	-0.171752	-0.264118	0.867667	0.421184	0.301594	-0.340494	0.890565
0.916256	0.361786	-0.172004	-0.263507	0.867724	0.421448	0.301726	-0.340830	0.890391
0.916085	0.362277	-0.171881	-0.263857	0.867390	0.421918	0.301939	-0.341161	0.890192
0.915994	0.362676	-0.171528	-0.264433	0.867315	0.421710	0.301713	-0.340926	0.890359
0.916063	0.362429	-0.171676	-0.264241	0.867509	0.421432	0.301670	-0.340694	0.890462
0.915986	0.362403	-0.172147	-0.264039	0.867562	0.421449	0.302082	-0.340588	0.890363
0.915944	0.362235	-0.172723	-0.263619	0.867616	0.421602	0.302575	-0.340630	0.890179
0.916023	0.361935	-0.172930	-0.263338	0.867812	0.421373	0.302580	-0.340448	0.890247
0.916055	0.361921	-0.172792	-0.263428	0.867860	0.421217	0.302407	-0.340340	0.890348
0.915912	0.362205	-0.172955	-0.263673	0.867837	0.421112	0.302625	-0.340098	0.890366
0.915694	0.362605	-0.173272	-0.264071	0.867907	0.420719	0.302938	-0.339493	0.890490
0.915424	0.363135	-0.173583	-0.264521	0.867855	0.420543	0.303359	-0.339059	0.890512
0.915492	0.362996	-0.173515	-0.264339	0.867803	0.420764	0.303313	-0.339340	0.890421
0.915252	0.363380	-0.173982	-0.264488	0.867692	0.420899	0.303909	-0.339213	0.890266
0.915059	0.363690	-0.174344	-0.264757	0.867760	0.420591	0.304253	-0.338707	0.890341
0.915362	0.363348	-0.173468	-0.264922	0.867956	0.420081	0.303199	-0.338570	0.890753
0.915005	0.363632	-0.174750	-0.264598	0.867868	0.420468	0.304556	-0.338492	0.890320
0.914353	0.365044	-0.175219	-0.265563	0.867283	0.421065	0.305672	-0.338471	0.889945
0.914475	0.365273	-0.174103	-0.266075	0.866974	0.421379	0.304861	-0.339016	0.890016
0.915001	0.364388	-0.173190	-0.265589	0.867156	0.421310	0.303703	-0.339502	0.890226
0.916965	0.359719	-0.172563	-0.260847	0.867812	0.422920	0.301884	-0.342790	0.889585
0.918056	0.355970	-0.174522	-0.255485	0.867829	0.426145	0.303150	-0.346637	0.887661
0.914989	0.358787	-0.184574	-0.253642	0.867246	0.428428	0.313785	-0.345191	0.884524
