0.962918	0.196867	-0.184478	-0.101847	0.898425	0.427153	0.249832	-0.392525	0.885160
0.962899	0.195750	-0.185760	-0.100364	0.898744	0.426833	0.250504	-0.392354	0.885046
0.962791	0.195890	-0.186173	-0.100249	0.898631	0.427098	0.250964	-0.392542	0.884832
0.962628	0.197179	-0.185654	-0.101590	0.898352	0.427368	0.251050	-0.392536	0.884810
0.962399	0.198812	-0.185099	-0.103088	0.897752	0.428270	0.251319	-0.393085	0.884490
0.962365	0.199791	-0.184221	-0.103675	0.896520	0.430701	0.251208	-0.395393	0.883492
0.962900	0.198991	-0.182279	-0.102804	0.895022	0.434013	0.249508	-0.399173	0.882274
0.963151	0.198664	-0.181307	-0.102379	0.894156	0.435894	0.248714	-0.401269	0.881547
0.963362	0.198692	-0.180151	-0.102709	0.893797	0.436551	0.247758	-0.402054	0.881458
0.963532	0.198562	-0.179384	-0.103099	0.894077	0.435886	0.246933	-0.401496	0.881944
0.963639	0.198483	-0.178896	-0.103507	0.894510	0.434901	0.246345	-0.400571	0.882529
0.963797	0.198119	-0.178448	-0.103516	0.894786	0.434330	0.245721	-0.400134	0.882901
0.963923	0.197736	-0.178193	-0.103310	0.894882	0.434181	0.245315	-0.400108	0.883026
0.964017	0.197597	-0.177839	-0.103334	0.894888	0.434163	0.244935	-0.400163	0.883106
0.964132	0.197252	-0.177598	-0.103167	0.894997	0.433979	0.244553	-0.400090	0.883245
0.964195	0.196813	-0.177744	-0.102804	0.895225	0.433593	0.244458	-0.399796	0.883405
0.964091	0.196872	-0.178244	-0.102675	0.895284	0.433501	0.244923	-0.399634	0.883349
0.964049	0.197159	-0.178152	-0.102931	0.895169	0.433679	0.244980	-0.399750	0.883281
0.963745	0.197250	-0.179691	-0.102402	0.895288	0.433558	0.246395	-0.399439	0.883028
0.963492	0.197855	-0.180379	-0.102556	0.895065	0.433984	0.247317	-0.399641	0.882679
0.963273	0.199224	-0.180042	-0.103920	0.894821	0.434160	0.247601	-0.399505	0.882660
0.963222	0.200067	-0.179380	-0.105126	0.894931	0.433645	0.247290	-0.398839	0.883049
0.963317	0.199816	-0.179151	-0.104992	0.894953	0.433631	0.246978	-0.398914	0.883102
0.963294	0.199545	-0.179572	-0.104389	0.894721	0.434254	0.247320	-0.399569	0.882710
0.963335	0.199126	-0.179817	-0.103800	0.894621	0.434601	0.247408	-0.400002	0.882489
