0.905714	0.373210	-0.200989	-0.292426	0.893376	0.341124	0.306870	-0.250186	0.918280
0.906298	0.371927	-0.200737	-0.291056	0.893625	0.341643	0.306450	-0.251205	0.918142
0.908019	0.367801	-0.200558	-0.286136	0.894176	0.344348	0.305986	-0.255288	0.917170
0.908635	0.365531	-0.201912	-0.282813	0.894407	0.346485	0.307243	-0.257725	0.916067
0.908916	0.365253	-0.201152	-0.282212	0.893972	0.348095	0.306967	-0.259621	0.915624
0.908579	0.366152	-0.201039	-0.283036	0.893606	0.348365	0.307204	-0.259616	0.915547
0.907482	0.368496	-0.201709	-0.285061	0.892853	0.348645	0.308571	-0.258889	0.915292
0.906567	0.370622	-0.201931	-0.286820	0.891976	0.349448	0.309631	-0.258880	0.914937
0.906417	0.371303	-0.201352	-0.287136	0.891277	0.350967	0.309776	-0.260307	0.914483
0.906368	0.371873	-0.200517	-0.287252	0.890446	0.352976	0.309812	-0.262327	0.913893
0.906327	0.372529	-0.199484	-0.287564	0.889614	0.354814	0.309642	-0.264213	0.913407
0.906426	0.372719	-0.198675	-0.287631	0.889181	0.355846	0.309288	-0.265403	0.913182
0.906582	0.373254	-0.196952	-0.288188	0.888453	0.357209	0.308312	-0.267080	0.913023
0.906589	0.374035	-0.195431	-0.289081	0.887794	0.358125	0.307454	-0.268177	0.912991
0.907007	0.374451	-0.192675	-0.289739	0.886924	0.359746	0.305596	-0.270467	0.912940
0.907455	0.375024	-0.189426	-0.290781	0.886019	0.361132	0.303268	-0.272629	0.913073
0.907871	0.374865	-0.187739	-0.290829	0.885647	0.362007	0.301974	-0.274055	0.913075
0.908289	0.374105	-0.187234	-0.290268	0.885870	0.361909	0.301258	-0.274370	0.913217
0.908173	0.374077	-0.187851	-0.290593	0.886422	0.360293	0.301292	-0.272620	0.913729
0.907911	0.374114	-0.189039	-0.290998	0.887166	0.358129	0.301690	-0.270139	0.914335
0.908049	0.373364	-0.189860	-0.290355	0.887775	0.357142	0.301897	-0.269176	0.914551
0.908223	0.372975	-0.189791	-0.289684	0.887615	0.358081	0.302017	-0.270238	0.914197
0.908061	0.373281	-0.189967	-0.289384	0.887043	0.359738	0.302792	-0.271690	0.913510
0.908321	0.372680	-0.189900	-0.288255	0.886723	0.361429	0.303086	-0.273554	0.912856
