0.926901	-0.325955	0.186034	0.259582	0.914789	0.309480	-0.271059	-0.238566	0.932531
0.925912	-0.328443	0.186582	0.261791	0.914034	0.309851	-0.272311	-0.238049	0.932298
0.925946	-0.328435	0.186425	0.261893	0.914087	0.309609	-0.272095	-0.237858	0.932410
0.926150	-0.327915	0.186326	0.261437	0.914254	0.309500	-0.271839	-0.237931	0.932466
0.926072	-0.328097	0.186395	0.261629	0.914233	0.309400	-0.271921	-0.237760	0.932485
0.925762	-0.328873	0.186567	0.262183	0.913879	0.309975	-0.272442	-0.238049	0.932260
0.925267	-0.330071	0.186907	0.263243	0.913531	0.310104	-0.273102	-0.237727	0.932149
0.924957	-0.330797	0.187159	0.263850	0.913303	0.310259	-0.273565	-0.237594	0.932047
0.924971	-0.330767	0.187143	0.263789	0.913279	0.310382	-0.273578	-0.237728	0.932009
0.925003	-0.330691	0.187117	0.263724	0.913302	0.310370	-0.273531	-0.237747	0.932018
0.925136	-0.330303	0.187145	0.263355	0.913434	0.310295	-0.273436	-0.237780	0.932037
0.925348	-0.329805	0.186973	0.262942	0.913593	0.310176	-0.273114	-0.237858	0.932112
0.925404	-0.329520	0.187202	0.262638	0.913721	0.310059	-0.273221	-0.237763	0.932105
0.925480	-0.329344	0.187132	0.262427	0.913718	0.310245	-0.273163	-0.238017	0.932057
0.925515	-0.329277	0.187079	0.262165	0.913550	0.310960	-0.273298	-0.238753	0.931829
0.925532	-0.329237	0.187067	0.262142	0.913573	0.310911	-0.273262	-0.238720	0.931848
0.925630	-0.328886	0.187199	0.261853	0.913762	0.310599	-0.273207	-0.238481	0.931925
0.925773	-0.328508	0.187157	0.261566	0.913932	0.310341	-0.272998	-0.238351	0.932020
0.925800	-0.328448	0.187126	0.261443	0.913883	0.310588	-0.273023	-0.238620	0.931944
0.925713	-0.328781	0.186974	0.261632	0.913622	0.311196	-0.273139	-0.239159	0.931771
0.925624	-0.329025	0.186982	0.261889	0.913570	0.311135	-0.273192	-0.239025	0.931790
