0.331109	-0.923828	0.192114	0.874100	0.376986	0.306319	-0.355410	0.066502	0.932342
0.331189	-0.923805	0.192088	0.874119	0.377043	0.306193	-0.355288	0.066500	0.932388
0.331347	-0.923767	0.191999	0.874132	0.377149	0.306026	-0.355109	0.066432	0.932461
0.331392	-0.923755	0.191982	0.874099	0.377188	0.306071	-0.355148	0.066382	0.932450
0.331402	-0.923737	0.192048	0.874067	0.377225	0.306118	-0.355218	0.066414	0.932421
0.331446	-0.923725	0.192031	0.874035	0.377264	0.306163	-0.355257	0.066365	0.932410
0.331436	-0.923742	0.191965	0.874067	0.377228	0.306116	-0.355187	0.066333	0.932439
0.331363	-0.923813	0.191750	0.874169	0.377073	0.306013	-0.355003	0.066221	0.932517
0.331442	-0.923790	0.191724	0.874189	0.377130	0.305887	-0.354881	0.066219	0.932564
0.331620	-0.923725	0.191729	0.874111	0.377301	0.305899	-0.354906	0.066150	0.932559
0.331560	-0.923699	0.191959	0.874080	0.377331	0.305951	-0.355039	0.066346	0.932494
0.331313	-0.923770	0.192045	0.874106	0.377139	0.306113	-0.355205	0.066449	0.932424
0.331194	-0.923884	0.191701	0.874137	0.376916	0.306300	-0.355241	0.066128	0.932433
0.331041	-0.923948	0.191657	0.874325	0.376734	0.305987	-0.354920	0.066276	0.932545
0.331397	-0.923818	0.191668	0.874169	0.377076	0.306010	-0.354971	0.066139	0.932535
0.331965	-0.923665	0.191420	0.873804	0.377555	0.306461	-0.355339	0.065529	0.932438
0.331787	-0.923723	0.191451	0.873908	0.377392	0.306366	-0.355249	0.065662	0.932463
0.331250	-0.923793	0.192041	0.874281	0.377050	0.305722	-0.354832	0.066627	0.932553
0.330746	-0.923906	0.192366	0.874523	0.376674	0.305494	-0.354707	0.067188	0.932561
0.330399	-0.924019	0.192420	0.874647	0.376367	0.305518	-0.354725	0.067357	0.932541
0.330601	-0.923999	0.192169	0.874522	0.376484	0.305731	-0.354844	0.066981	0.932523
0.330734	-0.923977	0.192046	0.874372	0.376586	0.306033	-0.355090	0.066704	0.932449
0.330734	-0.923992	0.191973	0.874320	0.376572	0.306201	-0.355219	0.066575	0.932409
0.330600	-0.924037	0.191987	0.874391	0.376447	0.306150	-0.355167	0.066658	0.932423
