0.969741	-0.156383	0.187473	0.093436	0.947181	0.306787	-0.225547	-0.279987	0.933132
0.969765	-0.156228	0.187481	0.093338	0.947264	0.306559	-0.225487	-0.279791	0.933205
0.969773	-0.156191	0.187467	0.093297	0.947256	0.306596	-0.225467	-0.279839	0.933196
0.969759	-0.156790	0.187039	0.093673	0.946770	0.307979	-0.225371	-0.281145	0.932827
0.969690	-0.157023	0.187203	0.093934	0.946855	0.307638	-0.225561	-0.280729	0.932906
0.969759	-0.156564	0.187233	0.093622	0.947080	0.307041	-0.225396	-0.280227	0.933097
0.969907	-0.155831	0.187077	0.093025	0.947238	0.306736	-0.225005	-0.280103	0.933228
0.970035	-0.155497	0.186689	0.092829	0.947279	0.306669	-0.224532	-0.280150	0.933328
0.970046	-0.155518	0.186615	0.092872	0.947276	0.306666	-0.224468	-0.280149	0.933344
0.970120	-0.155347	0.186370	0.092837	0.947359	0.306417	-0.224160	-0.279959	0.933475
0.970148	-0.155309	0.186259	0.092906	0.947452	0.306109	-0.224013	-0.279667	0.933598
0.970116	-0.155246	0.186478	0.092777	0.947462	0.306119	-0.224204	-0.279670	0.933551
0.970123	-0.154944	0.186693	0.092343	0.947401	0.306439	-0.224354	-0.280044	0.933403
0.969954	-0.155635	0.186995	0.092854	0.947250	0.306750	-0.224872	-0.280170	0.933240
0.969864	-0.156129	0.187050	0.093256	0.947123	0.307021	-0.225094	-0.280325	0.933140
0.969821	-0.156059	0.187332	0.093193	0.947247	0.306655	-0.225306	-0.279943	0.933204
0.969805	-0.156000	0.187461	0.093157	0.947332	0.306406	-0.225387	-0.279690	0.933260
0.969789	-0.156123	0.187445	0.093198	0.947214	0.306755	-0.225442	-0.280018	0.933148
0.969759	-0.156550	0.187242	0.093514	0.946968	0.307420	-0.225439	-0.280614	0.932970
0.969688	-0.156915	0.187306	0.093892	0.946984	0.307255	-0.225589	-0.280355	0.933012
0.969664	-0.156893	0.187449	0.093897	0.947076	0.306969	-0.225689	-0.280055	0.933077
0.969722	-0.156448	0.187517	0.093392	0.947059	0.307177	-0.225647	-0.280364	0.932995
