0.459815	-0.867868	0.188084	0.809246	0.496731	0.313654	-0.365637	0.007984	0.930723
0.459903	-0.867793	0.188213	0.809217	0.496860	0.313526	-0.365592	0.008114	0.930740
0.460024	-0.867739	0.188165	0.809108	0.496956	0.313654	-0.365680	0.007958	0.930707
0.459983	-0.867778	0.188088	0.809066	0.496891	0.313865	-0.365824	0.007803	0.930651
0.459788	-0.867863	0.188174	0.809160	0.496740	0.313862	-0.365863	0.007952	0.930635
0.459922	-0.867844	0.187931	0.809235	0.496775	0.313615	-0.365528	0.007842	0.930767
0.460071	-0.867775	0.187887	0.809291	0.496895	0.313280	-0.365217	0.007924	0.930889
0.459984	-0.867829	0.187852	0.809398	0.496799	0.313154	-0.365088	0.008001	0.930938
0.460131	-0.867787	0.187683	0.809350	0.496875	0.313157	-0.365009	0.007808	0.930971
0.461350	-0.867285	0.187014	0.809075	0.497761	0.312461	-0.364080	0.007154	0.931340
0.461884	-0.866964	0.187183	0.808828	0.498319	0.312209	-0.363951	0.007195	0.931390
0.461783	-0.866976	0.187373	0.808779	0.498296	0.312374	-0.364188	0.007294	0.931297
0.461310	-0.867238	0.187328	0.808831	0.497843	0.312960	-0.364671	0.007145	0.931109
0.460763	-0.867503	0.187446	0.808972	0.497379	0.313333	-0.365049	0.007266	0.930960
0.460005	-0.867767	0.188086	0.809318	0.496905	0.313192	-0.365239	0.008152	0.930878
0.459547	-0.867949	0.188364	0.809455	0.496581	0.313353	-0.365513	0.008471	0.930768
0.459385	-0.868028	0.188397	0.809574	0.496441	0.313268	-0.365453	0.008611	0.930790
0.459420	-0.868014	0.188375	0.809625	0.496464	0.313100	-0.365297	0.008669	0.930851
0.459731	-0.867859	0.188330	0.809588	0.496734	0.312766	-0.364987	0.008681	0.930972
0.459860	-0.867759	0.188474	0.809548	0.496906	0.312597	-0.364912	0.008828	0.931000
0.459900	-0.867742	0.188458	0.809512	0.496938	0.312639	-0.364942	0.008776	0.930989
