0.468885	-0.863223	0.187063	0.804946	0.504803	0.311826	-0.363605	0.004365	0.931543
0.469118	-0.863126	0.186929	0.804790	0.504973	0.311955	-0.363651	0.004095	0.931526
0.469145	-0.863130	0.186839	0.804876	0.504964	0.311747	-0.363425	0.004128	0.931614
0.469412	-0.863019	0.186683	0.804770	0.505157	0.311709	-0.363314	0.003917	0.931658
0.469493	-0.862975	0.186681	0.804723	0.505231	0.311709	-0.363314	0.003882	0.931659
0.469425	-0.862996	0.186757	0.804647	0.505197	0.311959	-0.363569	0.003832	0.931559
0.469512	-0.862948	0.186762	0.804513	0.505280	0.312170	-0.363754	0.003685	0.931488
0.469552	-0.862922	0.186777	0.804503	0.505323	0.312128	-0.363725	0.003702	0.931499
0.469794	-0.862778	0.186834	0.804414	0.505569	0.311959	-0.363609	0.003736	0.931544
0.469834	-0.862760	0.186818	0.804378	0.505600	0.312002	-0.363638	0.003683	0.931533
0.469551	-0.862950	0.186654	0.804400	0.505278	0.312467	-0.363955	0.003425	0.931410
0.469310	-0.863080	0.186658	0.804540	0.505055	0.312466	-0.363956	0.003531	0.931410
0.469403	-0.863013	0.186731	0.804371	0.505170	0.312717	-0.364210	0.003411	0.931311
0.469316	-0.863075	0.186665	0.804453	0.505064	0.312676	-0.364140	0.003419	0.931338
0.469195	-0.863144	0.186651	0.804510	0.504947	0.312718	-0.364169	0.003437	0.931326
0.469181	-0.863181	0.186515	0.804581	0.504884	0.312636	-0.364030	0.003383	0.931381
0.469028	-0.863242	0.186617	0.804665	0.504778	0.312592	-0.364042	0.003550	0.931376
0.468914	-0.863299	0.186640	0.804661	0.504680	0.312759	-0.364198	0.003525	0.931315
0.468800	-0.863349	0.186695	0.804683	0.504595	0.312842	-0.364297	0.003570	0.931276
0.468759	-0.863374	0.186680	0.804693	0.504552	0.312884	-0.364326	0.003553	0.931265
0.468501	-0.863505	0.186727	0.805147	0.504324	0.312083	-0.363656	0.004131	0.931524
0.468721	-0.863423	0.186549	0.805139	0.504464	0.311877	-0.363389	0.004015	0.931629
