0.512669	-0.838543	0.184437	0.777974	0.544565	0.313377	-0.363218	-0.017172	0.931546
0.512268	-0.838834	0.184227	0.778215	0.544114	0.313561	-0.363265	-0.017259	0.931526
0.512393	-0.838715	0.184421	0.778220	0.544306	0.313215	-0.363080	-0.016969	0.931604
0.512770	-0.838473	0.184471	0.778227	0.544687	0.312536	-0.362532	-0.016699	0.931822
0.512950	-0.838411	0.184254	0.778113	0.544774	0.312669	-0.362521	-0.017013	0.931820
0.512788	-0.838543	0.184104	0.778171	0.544565	0.312887	-0.362626	-0.017180	0.931776
0.512601	-0.838644	0.184166	0.778245	0.544412	0.312972	-0.362734	-0.017103	0.931736
0.512399	-0.838742	0.184281	0.778657	0.544280	0.312174	-0.362134	-0.016466	0.931981
0.512411	-0.838704	0.184418	0.778584	0.544340	0.312252	-0.362273	-0.016416	0.931927
0.512349	-0.838734	0.184455	0.778371	0.544284	0.312879	-0.362818	-0.016729	0.931710
0.512183	-0.838858	0.184352	0.778567	0.544095	0.312719	-0.362632	-0.016639	0.931784
0.512294	-0.838784	0.184379	0.778620	0.544215	0.312381	-0.362362	-0.016470	0.931892
0.512456	-0.838659	0.184500	0.778536	0.544411	0.312247	-0.362313	-0.016373	0.931913
0.512312	-0.838741	0.184528	0.778459	0.544280	0.312667	-0.362682	-0.016535	0.931766
0.511999	-0.838974	0.184338	0.778477	0.543910	0.313267	-0.363086	-0.016890	0.931603
0.511774	-0.839081	0.184473	0.778638	0.543752	0.313139	-0.363057	-0.016619	0.931619
0.511820	-0.839009	0.184670	0.778692	0.543873	0.312795	-0.362875	-0.016294	0.931695
0.511942	-0.838930	0.184691	0.778544	0.543990	0.312959	-0.363022	-0.016427	0.931636
0.511825	-0.839017	0.184623	0.778554	0.543853	0.313174	-0.363166	-0.016551	0.931577
0.511715	-0.839065	0.184711	0.778604	0.543783	0.313172	-0.363214	-0.016438	0.931561
0.511781	-0.839049	0.184599	0.778653	0.543807	0.313008	-0.363016	-0.016453	0.931638
0.511736	-0.839082	0.184575	0.778752	0.543760	0.312842	-0.362865	-0.016354	0.931698
