0.981547	-0.050926	0.184315	-0.010201	0.948567	0.316413	-0.190949	-0.312454	0.930543
0.981451	-0.050464	0.184954	-0.010923	0.948448	0.316744	-0.191403	-0.312889	0.930304
0.981543	-0.049125	0.184823	-0.012328	0.948181	0.317493	-0.190843	-0.313911	0.930075
0.981537	-0.049773	0.184682	-0.011791	0.947967	0.318151	-0.190907	-0.314455	0.929878
0.981464	-0.050170	0.184962	-0.011545	0.947896	0.318372	-0.191297	-0.314606	0.929746
0.981522	-0.050389	0.184596	-0.011081	0.948118	0.317726	-0.191028	-0.313900	0.930040
0.981502	-0.050546	0.184661	-0.010938	0.948141	0.317663	-0.191141	-0.313807	0.930049
0.981528	-0.050164	0.184626	-0.011235	0.948237	0.317366	-0.190990	-0.313578	0.930157
0.981513	-0.050069	0.184728	-0.011315	0.948308	0.317149	-0.191059	-0.313376	0.930211
0.981503	-0.050332	0.184712	-0.011122	0.948203	0.317472	-0.191123	-0.313654	0.930104
0.981517	-0.051004	0.184452	-0.010412	0.948171	0.317590	-0.191091	-0.313640	0.930115
0.981514	-0.050828	0.184517	-0.010556	0.948246	0.317362	-0.191098	-0.313443	0.930180
0.981468	-0.051051	0.184702	-0.010408	0.948237	0.317393	-0.191345	-0.313433	0.930133
0.981504	-0.051246	0.184453	-0.010117	0.948276	0.317287	-0.191172	-0.313284	0.930218
0.981526	-0.051217	0.184347	-0.010083	0.948320	0.317156	-0.191064	-0.313156	0.930284
