0.490179	-0.851250	0.187347	0.791373	0.524732	0.313665	-0.365314	-0.005491	0.930868
0.490143	-0.851291	0.187252	0.791219	0.524662	0.314171	-0.365695	-0.005832	0.930716
0.490137	-0.851310	0.187183	0.791255	0.524631	0.314132	-0.365626	-0.005858	0.930744
0.490335	-0.851180	0.187253	0.791199	0.524842	0.313918	-0.365479	-0.005771	0.930802
0.490421	-0.851110	0.187350	0.791141	0.524957	0.313873	-0.365491	-0.005710	0.930798
0.490256	-0.851225	0.187255	0.791247	0.524769	0.313919	-0.365481	-0.005736	0.930801
0.489997	-0.851464	0.186847	0.791318	0.524377	0.314395	-0.365674	-0.006197	0.930722
0.489676	-0.851649	0.186846	0.791598	0.524079	0.314188	-0.365500	-0.005943	0.930792
0.489606	-0.851641	0.187066	0.791739	0.524096	0.313804	-0.365289	-0.005533	0.930878
0.489607	-0.851627	0.187126	0.791790	0.524120	0.313635	-0.365176	-0.005393	0.930923
0.489494	-0.851680	0.187182	0.791813	0.524036	0.313717	-0.365277	-0.005349	0.930884
0.489337	-0.851763	0.187216	0.791935	0.523902	0.313633	-0.365224	-0.005209	0.930905
0.489331	-0.851768	0.187208	0.792022	0.523895	0.313424	-0.365042	-0.005095	0.930977
0.489293	-0.851773	0.187284	0.792111	0.523888	0.313212	-0.364901	-0.004903	0.931033
0.489529	-0.851645	0.187248	0.791941	0.524094	0.313296	-0.364952	-0.005078	0.931012
0.489502	-0.851640	0.187340	0.791855	0.524102	0.313502	-0.365177	-0.005114	0.930924
0.489450	-0.851690	0.187250	0.791989	0.524022	0.313296	-0.364954	-0.005043	0.931012
0.489603	-0.851605	0.187237	0.791981	0.524160	0.313086	-0.364768	-0.005000	0.931085
0.489722	-0.851528	0.187279	0.791948	0.524286	0.312958	-0.364680	-0.004947	0.931120
0.489243	-0.851872	0.186962	0.791952	0.523721	0.313894	-0.365313	-0.005506	0.930868
