0.977901	-0.106435	0.179949	0.047058	0.950683	0.306574	-0.203704	-0.291331	0.934682
0.977931	-0.106205	0.179920	0.046877	0.950741	0.306420	-0.203601	-0.291224	0.934738
0.977937	-0.106099	0.179949	0.046785	0.950776	0.306325	-0.203592	-0.291148	0.934764
0.977932	-0.106412	0.179791	0.047032	0.950607	0.306815	-0.203559	-0.291588	0.934634
0.977933	-0.106711	0.179608	0.047326	0.950516	0.307049	-0.203486	-0.291773	0.934592
0.977911	-0.106599	0.179797	0.047189	0.950565	0.306920	-0.203627	-0.291656	0.934598
0.977940	-0.106050	0.179961	0.046625	0.950623	0.306825	-0.203614	-0.291665	0.934598
0.977950	-0.106145	0.179853	0.046704	0.950550	0.307040	-0.203550	-0.291870	0.934548
0.977961	-0.106166	0.179780	0.046747	0.950548	0.307038	-0.203487	-0.291867	0.934562
0.977979	-0.106240	0.179640	0.046889	0.950582	0.306913	-0.203369	-0.291731	0.934630
0.977972	-0.106278	0.179654	0.046929	0.950592	0.306876	-0.203391	-0.291685	0.934640
0.977959	-0.106193	0.179778	0.046819	0.950612	0.306831	-0.203482	-0.291651	0.934631
0.977954	-0.106204	0.179794	0.046787	0.950558	0.307001	-0.203509	-0.291821	0.934572
0.977947	-0.106385	0.179730	0.046915	0.950452	0.307312	-0.203518	-0.292103	0.934482
0.977929	-0.106561	0.179720	0.047103	0.950463	0.307248	-0.203558	-0.292001	0.934505
0.977947	-0.106476	0.179676	0.047054	0.950497	0.307152	-0.203486	-0.291923	0.934545
0.977930	-0.106327	0.179852	0.046877	0.950535	0.307060	-0.203604	-0.291853	0.934541
0.977885	-0.106615	0.179926	0.047035	0.950379	0.307517	-0.203784	-0.292254	0.934377
0.977903	-0.106971	0.179621	0.047367	0.950205	0.308003	-0.203625	-0.292689	0.934275
0.977829	-0.107293	0.179828	0.047671	0.950270	0.307757	-0.203905	-0.292361	0.934317
0.977800	-0.107220	0.180032	0.047574	0.950328	0.307592	-0.204069	-0.292199	0.934332
