0.887993	-0.421117	0.184740	0.353080	0.881751	0.312810	-0.294624	-0.212545	0.931677
0.887995	-0.421150	0.184655	0.353081	0.881694	0.312968	-0.294616	-0.212716	0.931640
0.888111	-0.420897	0.184672	0.352887	0.881840	0.312776	-0.294498	-0.212611	0.931701
0.888282	-0.420472	0.184821	0.352583	0.882133	0.312293	-0.294347	-0.212239	0.931834
0.888171	-0.420784	0.184641	0.352801	0.881896	0.312716	-0.294420	-0.212604	0.931728
0.887952	-0.421404	0.184285	0.353257	0.881444	0.313474	-0.294536	-0.213250	0.931543
0.887716	-0.421839	0.184427	0.353663	0.881288	0.313455	-0.294760	-0.213034	0.931522
0.887670	-0.421852	0.184614	0.353703	0.881350	0.313236	-0.294849	-0.212752	0.931558
0.887693	-0.421720	0.184806	0.353490	0.881393	0.313355	-0.295035	-0.212836	0.931480
0.887685	-0.421710	0.184868	0.353407	0.881360	0.313542	-0.295159	-0.212993	0.931405
0.887952	-0.421278	0.184570	0.353065	0.881518	0.313483	-0.294766	-0.213193	0.931484
0.888190	-0.420920	0.184245	0.352912	0.881724	0.313075	-0.294232	-0.213048	0.931686
0.888082	-0.421139	0.184262	0.353229	0.881713	0.312749	-0.294177	-0.212660	0.931792
0.887801	-0.421588	0.184591	0.353675	0.881618	0.312511	-0.294490	-0.212162	0.931806
0.887563	-0.421902	0.185013	0.353868	0.881514	0.312588	-0.294973	-0.211971	0.931697
0.887411	-0.422130	0.185226	0.353955	0.881378	0.312872	-0.295327	-0.212085	0.931559
0.887276	-0.422373	0.185319	0.354231	0.881329	0.312696	-0.295402	-0.211801	0.931600
0.887275	-0.422334	0.185410	0.354251	0.881409	0.312451	-0.295381	-0.211548	0.931664
0.887227	-0.422397	0.185495	0.354231	0.881346	0.312650	-0.295548	-0.211683	0.931580
