0.339272	-0.920434	0.194156	0.870073	0.385505	0.307179	-0.357586	0.064713	0.931635
0.339413	-0.920378	0.194171	0.869942	0.385657	0.307359	-0.357770	0.064595	0.931573
0.339379	-0.920374	0.194253	0.869942	0.385654	0.307362	-0.357802	0.064677	0.931555
0.339290	-0.920415	0.194214	0.869956	0.385561	0.307440	-0.357854	0.064646	0.931537
0.338946	-0.920507	0.194378	0.870160	0.385280	0.307214	-0.357683	0.065011	0.931578
0.337960	-0.920727	0.195050	0.870506	0.384584	0.307106	-0.357774	0.066003	0.931473
0.336857	-0.920996	0.195687	0.870728	0.383798	0.307461	-0.358274	0.066820	0.931222
0.336538	-0.921106	0.195720	0.870598	0.383557	0.308130	-0.358890	0.066696	0.930994
0.336899	-0.921046	0.195381	0.870484	0.383778	0.308176	-0.358827	0.066252	0.931050
0.337104	-0.920932	0.195564	0.870674	0.383982	0.307383	-0.358172	0.066652	0.931274
0.337477	-0.920800	0.195542	0.870712	0.384291	0.306889	-0.357728	0.066693	0.931441
0.337572	-0.920804	0.195357	0.870457	0.384359	0.307528	-0.358260	0.066237	0.931269
0.337474	-0.920855	0.195289	0.870528	0.384239	0.307476	-0.358178	0.066240	0.931301
0.337561	-0.920880	0.195021	0.870670	0.384198	0.307124	-0.357751	0.066126	0.931473
0.337544	-0.920891	0.194999	0.870814	0.384149	0.306779	-0.357418	0.066256	0.931591
0.337721	-0.920817	0.195040	0.870761	0.384326	0.306705	-0.357379	0.066252	0.931607
0.338128	-0.920663	0.195062	0.870512	0.384733	0.306902	-0.357600	0.066032	0.931537
0.338154	-0.920677	0.194951	0.870570	0.384708	0.306769	-0.357434	0.065983	0.931605
0.338269	-0.920642	0.194914	0.870641	0.384783	0.306473	-0.357152	0.066030	0.931709
0.338747	-0.920474	0.194881	0.870470	0.385218	0.306414	-0.357117	0.065841	0.931736
0.338587	-0.920537	0.194862	0.870379	0.385090	0.306832	-0.357490	0.065715	0.931602
0.338400	-0.920643	0.194684	0.870411	0.384862	0.307027	-0.357588	0.065557	0.931575
