0.925592	-0.328979	0.187222	0.261860	0.913668	0.310870	-0.273328	-0.238713	0.931831
0.925609	-0.328938	0.187209	0.261837	0.913691	0.310821	-0.273292	-0.238680	0.931849
0.925554	-0.329028	0.187323	0.261902	0.913678	0.310806	-0.273417	-0.238607	0.931831
0.925345	-0.329470	0.187578	0.262388	0.913670	0.310418	-0.273658	-0.238026	0.931909
0.925464	-0.329262	0.187357	0.262356	0.913815	0.310017	-0.273287	-0.237755	0.932087
0.925740	-0.328764	0.186867	0.262089	0.914009	0.309672	-0.272607	-0.237700	0.932300
0.925971	-0.328293	0.186551	0.261820	0.914221	0.309273	-0.272081	-0.237535	0.932496
0.926498	-0.326983	0.186237	0.260532	0.914504	0.309525	-0.271524	-0.238254	0.932475
0.926772	-0.326304	0.186062	0.259808	0.914596	0.309862	-0.271281	-0.238831	0.932398
0.926824	-0.326103	0.186157	0.259611	0.914682	0.309772	-0.271292	-0.238776	0.932409
0.926594	-0.326364	0.186844	0.259855	0.914798	0.309225	-0.271844	-0.237973	0.932454
0.926215	-0.327054	0.187515	0.260492	0.914760	0.308801	-0.272526	-0.237170	0.932459
0.925627	-0.328397	0.188071	0.261639	0.914387	0.308937	-0.273424	-0.236754	0.932302
0.924743	-0.330771	0.188258	0.263886	0.913682	0.309110	-0.274252	-0.236168	0.932207
0.924725	-0.330694	0.188481	0.263796	0.913756	0.308968	-0.274400	-0.235990	0.932209
0.924818	-0.330360	0.188609	0.263450	0.913874	0.308915	-0.274419	-0.236001	0.932201
0.924827	-0.330225	0.188802	0.263237	0.913900	0.309021	-0.274592	-0.236091	0.932127
0.924825	-0.330231	0.188800	0.263218	0.913876	0.309107	-0.274616	-0.236174	0.932098
0.924912	-0.330143	0.188527	0.263216	0.913895	0.309052	-0.274325	-0.236223	0.932172
0.924896	-0.330257	0.188408	0.263386	0.913878	0.308957	-0.274217	-0.236129	0.932227
0.924897	-0.330330	0.188276	0.263534	0.913884	0.308813	-0.274073	-0.236003	0.932302
0.924935	-0.330281	0.188175	0.263492	0.913875	0.308877	-0.273984	-0.236108	0.932301
0.924914	-0.330333	0.188184	0.263476	0.913804	0.309098	-0.274069	-0.236308	0.932226
0.924886	-0.330442	0.188134	0.263545	0.913726	0.309272	-0.274100	-0.236460	0.932178
