0.742347	-0.643650	0.186109	0.576662	0.755202	0.311658	-0.341149	-0.124036	0.931790
0.742550	-0.643425	0.186072	0.576465	0.755382	0.311586	-0.341038	-0.124104	0.931822
0.742664	-0.643311	0.186013	0.576300	0.755444	0.311742	-0.341069	-0.124321	0.931781
0.742482	-0.643569	0.185847	0.576332	0.755134	0.312434	-0.341412	-0.124867	0.931583
0.742076	-0.643991	0.186010	0.576707	0.754812	0.312518	-0.341661	-0.124639	0.931522
0.741645	-0.644375	0.186398	0.577137	0.754587	0.312268	-0.341871	-0.124015	0.931528
0.741480	-0.644342	0.187164	0.577202	0.754764	0.311719	-0.342119	-0.123102	0.931558
0.741155	-0.644722	0.187144	0.577400	0.754397	0.312241	-0.342489	-0.123362	0.931388
0.741156	-0.644758	0.187016	0.577505	0.754374	0.312103	-0.342311	-0.123315	0.931459
0.741042	-0.644846	0.187164	0.577653	0.754350	0.311886	-0.342305	-0.123005	0.931503
0.741132	-0.644736	0.187186	0.577623	0.754468	0.311657	-0.342162	-0.122856	0.931575
0.741306	-0.644531	0.187203	0.577380	0.754617	0.311744	-0.342196	-0.123011	0.931542
0.741274	-0.644599	0.187095	0.577392	0.754528	0.311939	-0.342244	-0.123205	0.931498
0.741157	-0.644773	0.186960	0.577568	0.754372	0.311991	-0.342201	-0.123252	0.931508
0.741216	-0.644746	0.186820	0.577614	0.754397	0.311845	-0.341997	-0.123235	0.931585
0.741306	-0.644652	0.186786	0.577647	0.754513	0.311504	-0.341744	-0.123023	0.931706
0.741424	-0.644499	0.186849	0.577511	0.754649	0.311426	-0.341719	-0.122991	0.931719
0.741479	-0.644453	0.186786	0.577381	0.754644	0.311678	-0.341819	-0.123255	0.931648
0.741297	-0.644684	0.186709	0.577395	0.754373	0.312308	-0.342188	-0.123708	0.931452
0.741120	-0.644991	0.186353	0.577730	0.754088	0.312378	-0.342007	-0.123848	0.931500
0.741009	-0.645045	0.186607	0.577885	0.754120	0.312013	-0.341986	-0.123368	0.931572
0.741157	-0.644830	0.186760	0.577714	0.754328	0.311827	-0.341954	-0.123219	0.931603
