0.330448	-0.924108	0.191907	0.874553	0.376257	0.305921	-0.354911	0.066742	0.932515
0.330047	-0.924250	0.191913	0.874741	0.375875	0.305853	-0.354821	0.066928	0.932536
0.330100	-0.924244	0.191852	0.874598	0.375929	0.306197	-0.355124	0.066718	0.932436
0.330135	-0.924264	0.191697	0.874545	0.375917	0.306362	-0.355222	0.066507	0.932413
0.330377	-0.924122	0.191962	0.874475	0.376229	0.306178	-0.355168	0.066712	0.932419
0.330753	-0.923951	0.192140	0.874282	0.376651	0.306212	-0.355294	0.066704	0.932371
0.330896	-0.923896	0.192154	0.874152	0.376804	0.306394	-0.355481	0.066588	0.932309
0.330886	-0.923929	0.192016	0.874132	0.376754	0.306514	-0.355540	0.066426	0.932298
0.331114	-0.923907	0.191727	0.874117	0.376859	0.306426	-0.355363	0.066130	0.932386
0.331203	-0.923875	0.191730	0.874078	0.376944	0.306431	-0.355376	0.066096	0.932384
0.331177	-0.923899	0.191658	0.873889	0.376933	0.306984	-0.355865	0.065822	0.932217
0.331122	-0.923936	0.191574	0.873928	0.376850	0.306976	-0.355821	0.065775	0.932237
0.331470	-0.923777	0.191738	0.873961	0.377201	0.306449	-0.355414	0.065993	0.932376
0.331401	-0.923753	0.191975	0.874015	0.377210	0.306286	-0.355347	0.066285	0.932381
0.331658	-0.923672	0.191918	0.873930	0.377430	0.306256	-0.355316	0.066150	0.932403
0.336103	-0.922144	0.191535	0.872279	0.381476	0.305950	-0.355196	0.064241	0.932582
0.336218	-0.922136	0.191371	0.871881	0.381594	0.306936	-0.356063	0.063656	0.932292
0.333552	-0.923138	0.191204	0.873367	0.378947	0.305989	-0.354927	0.064928	0.932637
0.332635	-0.923613	0.190506	0.874183	0.377767	0.305118	-0.353778	0.065044	0.933065
