0.971203	-0.146062	0.188232	0.082614	0.947481	0.308958	-0.223473	-0.284510	0.932263
0.971144	-0.146243	0.188393	0.082725	0.947447	0.309032	-0.223686	-0.284530	0.932205
0.971128	-0.146317	0.188421	0.082807	0.947464	0.308959	-0.223728	-0.284436	0.932224
0.971060	-0.146669	0.188497	0.083076	0.947371	0.309172	-0.223922	-0.284565	0.932138
0.971083	-0.146563	0.188461	0.082937	0.947319	0.309368	-0.223875	-0.284791	0.932080
0.971161	-0.146036	0.188465	0.082526	0.947498	0.308930	-0.223685	-0.284467	0.932225
0.971217	-0.145599	0.188515	0.082147	0.947614	0.308673	-0.223582	-0.284303	0.932300
0.971249	-0.145520	0.188413	0.082033	0.947533	0.308951	-0.223486	-0.284612	0.932228
0.971296	-0.145634	0.188084	0.082073	0.947300	0.309656	-0.223268	-0.285331	0.932061
0.971280	-0.145589	0.188200	0.082146	0.947499	0.309028	-0.223310	-0.284693	0.932246
0.971334	-0.145222	0.188203	0.081817	0.947568	0.308902	-0.223195	-0.284649	0.932287
0.971340	-0.145190	0.188196	0.081759	0.947533	0.309025	-0.223189	-0.284781	0.932248
0.971331	-0.145164	0.188262	0.081733	0.947562	0.308942	-0.223238	-0.284698	0.932262
0.971400	-0.144940	0.188081	0.081597	0.947614	0.308820	-0.222988	-0.284640	0.932339
0.971423	-0.144849	0.188034	0.081566	0.947676	0.308638	-0.222901	-0.284480	0.932409
0.971469	-0.145006	0.187672	0.081930	0.947784	0.308209	-0.222564	-0.284040	0.932623
0.971523	-0.144969	0.187424	0.081902	0.947698	0.308482	-0.222341	-0.284347	0.932583
0.971467	-0.144962	0.187719	0.081954	0.947892	0.307871	-0.222567	-0.283702	0.932725
0.971375	-0.145228	0.187989	0.082161	0.947912	0.307752	-0.222891	-0.283497	0.932710
