0.980648	-0.070267	0.182733	0.009710	0.949679	0.313075	-0.195537	-0.305243	0.931983
0.980638	-0.070241	0.182797	0.009682	0.949707	0.312991	-0.195588	-0.305161	0.931999
0.980630	-0.070386	0.182784	0.009814	0.949686	0.313050	-0.195622	-0.305192	0.931982
0.980598	-0.070788	0.182801	0.010197	0.949680	0.313056	-0.195763	-0.305118	0.931976
0.980535	-0.071091	0.183021	0.010411	0.949663	0.313100	-0.196067	-0.305100	0.931918
0.980583	-0.070976	0.182811	0.010353	0.949643	0.313162	-0.195832	-0.305189	0.931939
0.980535	-0.071091	0.183021	0.010411	0.949663	0.313100	-0.196067	-0.305100	0.931918
0.980530	-0.071129	0.183035	0.010451	0.949675	0.313063	-0.196092	-0.305055	0.931928
0.980533	-0.071097	0.183031	0.010396	0.949635	0.313184	-0.196079	-0.305185	0.931888
0.980520	-0.071177	0.183068	0.010460	0.949631	0.313195	-0.196139	-0.305179	0.931877
0.980545	-0.070941	0.183025	0.010295	0.949712	0.312957	-0.196022	-0.304984	0.931966
0.980516	-0.070937	0.183185	0.010249	0.949724	0.312920	-0.196173	-0.304946	0.931947
0.980510	-0.071151	0.183131	0.010432	0.949659	0.313111	-0.196191	-0.305098	0.931893
0.980542	-0.071400	0.182864	0.010675	0.949526	0.313507	-0.196018	-0.305455	0.931812
0.980390	-0.072168	0.183379	0.011232	0.949483	0.313616	-0.196748	-0.305406	0.931674
0.980375	-0.072254	0.183425	0.011280	0.949451	0.313711	-0.196820	-0.305486	0.931633
0.980276	-0.072516	0.183851	0.011452	0.949531	0.313465	-0.197303	-0.305177	0.931632
0.980331	-0.072283	0.183649	0.011333	0.949599	0.313263	-0.197037	-0.305021	0.931740
0.980349	-0.072165	0.183598	0.011228	0.949591	0.313289	-0.196952	-0.305071	0.931741
0.980365	-0.072228	0.183489	0.011253	0.949480	0.313627	-0.196872	-0.305404	0.931649
0.980410	-0.072118	0.183288	0.011180	0.949432	0.313774	-0.196648	-0.305578	0.931639
0.980436	-0.071957	0.183214	0.011051	0.949441	0.313752	-0.196527	-0.305589	0.931661
