0.956972	-0.223359	0.185245	0.156998	0.935403	0.316817	-0.244043	-0.274102	0.930221
0.957018	-0.223055	0.185371	0.156690	0.935489	0.316715	-0.244057	-0.274056	0.930231
0.957019	-0.223003	0.185433	0.156588	0.935463	0.316843	-0.244122	-0.274188	0.930175
0.956981	-0.223328	0.185234	0.156938	0.935371	0.316940	-0.244044	-0.274235	0.930182
0.956949	-0.223843	0.184780	0.157604	0.935301	0.316816	-0.243742	-0.274055	0.930314
0.956959	-0.223911	0.184642	0.157768	0.935348	0.316597	-0.243594	-0.273840	0.930416
0.956917	-0.223999	0.184757	0.157848	0.935370	0.316492	-0.243710	-0.273693	0.930429
0.956879	-0.224068	0.184867	0.157835	0.935308	0.316681	-0.243865	-0.273847	0.930343
0.956793	-0.224346	0.184976	0.158053	0.935243	0.316764	-0.244062	-0.273842	0.930293
0.956058	-0.227220	0.185270	0.161047	0.935077	0.315746	-0.244985	-0.272034	0.930580
0.955672	-0.228553	0.185621	0.162382	0.935014	0.315249	-0.245610	-0.271133	0.930679
0.956264	-0.226354	0.185267	0.159891	0.934877	0.316923	-0.244938	-0.273440	0.930181
0.956244	-0.226265	0.185478	0.159684	0.934836	0.317149	-0.245151	-0.273654	0.930062
0.956589	-0.225055	0.185172	0.158587	0.935020	0.317156	-0.244517	-0.274022	0.930120
0.956630	-0.224871	0.185182	0.158431	0.935081	0.317054	-0.244456	-0.273964	0.930153
