0.629950	-0.753562	0.187903	0.688429	0.653803	0.314018	-0.359483	-0.068458	0.930637
0.629780	-0.753702	0.187911	0.688441	0.653625	0.314364	-0.359760	-0.068614	0.930519
0.629478	-0.753907	0.188097	0.688622	0.653412	0.314409	-0.359940	-0.068385	0.930466
0.629584	-0.753801	0.188168	0.688514	0.653535	0.314390	-0.359962	-0.068379	0.930458
0.629547	-0.753852	0.188090	0.688567	0.653472	0.314403	-0.359925	-0.068419	0.930469
0.629296	-0.754116	0.187868	0.688951	0.653183	0.314164	-0.359628	-0.068271	0.930595
0.629260	-0.754155	0.187836	0.689054	0.653150	0.314006	-0.359494	-0.068162	0.930655
0.629264	-0.754128	0.187929	0.689040	0.653190	0.313952	-0.359514	-0.068068	0.930654
0.629094	-0.754262	0.187961	0.689076	0.653027	0.314212	-0.359742	-0.068150	0.930560
0.628848	-0.754505	0.187811	0.689308	0.652743	0.314295	-0.359729	-0.068184	0.930562
0.629113	-0.754338	0.187593	0.689230	0.652923	0.314091	-0.359414	-0.068304	0.930675
0.629591	-0.753953	0.187539	0.688960	0.653365	0.313765	-0.359095	-0.068337	0.930796
0.629414	-0.754133	0.187406	0.689049	0.653136	0.314046	-0.359234	-0.068533	0.930728
0.628887	-0.754435	0.187959	0.689329	0.652851	0.314024	-0.359620	-0.067920	0.930624
0.629063	-0.754267	0.188045	0.689191	0.653050	0.313914	-0.359578	-0.067873	0.930643
0.628999	-0.754295	0.188148	0.689118	0.653010	0.314156	-0.359828	-0.067947	0.930541
0.628660	-0.754551	0.188255	0.689353	0.652734	0.314214	-0.359971	-0.067759	0.930500
0.628691	-0.754540	0.188193	0.689377	0.652746	0.314136	-0.359870	-0.067759	0.930539
0.628796	-0.754442	0.188239	0.689357	0.652874	0.313914	-0.359726	-0.067624	0.930604
0.628835	-0.754378	0.188364	0.689353	0.652968	0.313729	-0.359665	-0.067434	0.930641
