0.870842	-0.339229	-0.355750	0.204106	0.907910	-0.366115	0.447186	0.246217	0.859885
0.871054	-0.339239	-0.355222	0.204333	0.907905	-0.366002	0.446670	0.246223	0.860151
0.871225	-0.339319	-0.354724	0.204564	0.907852	-0.366003	0.446229	0.246307	0.860356
0.870908	-0.339425	-0.355401	0.204119	0.907677	-0.366684	0.447051	0.246804	0.859787
0.870549	-0.339980	-0.355751	0.203900	0.907188	-0.368014	0.447850	0.247836	0.859074
0.869990	-0.341659	-0.355509	0.205590	0.906704	-0.368266	0.448163	0.247299	0.859066
0.869810	-0.342457	-0.355181	0.206534	0.906500	-0.368240	0.448079	0.246942	0.859212
0.869816	-0.342394	-0.355228	0.206356	0.906465	-0.368428	0.448149	0.247161	0.859112
0.870003	-0.341689	-0.355447	0.205256	0.906481	-0.369002	0.448290	0.248075	0.858775
0.870277	-0.340926	-0.355510	0.204291	0.906581	-0.369292	0.448200	0.248759	0.858624
0.870553	-0.340513	-0.355231	0.204332	0.906873	-0.368550	0.447646	0.248258	0.859059
0.870479	-0.340733	-0.355201	0.205315	0.907232	-0.367119	0.447339	0.246641	0.859683
0.870208	-0.341118	-0.355495	0.206058	0.907396	-0.366294	0.447525	0.245500	0.859914
0.870048	-0.341457	-0.355561	0.206438	0.907346	-0.366205	0.447660	0.245215	0.859925
0.869652	-0.341275	-0.356702	0.205950	0.907488	-0.366128	0.448653	0.244941	0.859485
0.869325	-0.340805	-0.357947	0.204222	0.907210	-0.367781	0.450075	0.246620	0.858261
0.868884	-0.340947	-0.358881	0.202503	0.906367	-0.370797	0.451700	0.249506	0.856571
0.868508	-0.341592	-0.359178	0.201786	0.905518	-0.373255	0.452743	0.251698	0.855378
0.868401	-0.342576	-0.358499	0.202205	0.904788	-0.374797	0.452762	0.252984	0.854989
0.868516	-0.342582	-0.358215	0.201671	0.904415	-0.375981	0.452779	0.254304	0.854588
0.869028	-0.341234	-0.358260	0.200126	0.904659	-0.376221	0.452482	0.255249	0.854464
0.869841	-0.339234	-0.358185	0.198523	0.905369	-0.375359	0.451625	0.255395	0.854873
0.870595	-0.337733	-0.357771	0.198083	0.906245	-0.373474	0.450363	0.254276	0.855872
0.871003	-0.337461	-0.357036	0.199193	0.906915	-0.371251	0.449084	0.252242	0.857145
0.871254	-0.338211	-0.355709	0.201248	0.907140	-0.369590	0.447677	0.250421	0.858414
