0.871640	-0.349727	-0.343416	0.212701	0.901119	-0.377814	0.441590	0.256273	0.859838
0.871454	-0.350008	-0.343602	0.212728	0.900944	-0.378214	0.441944	0.256503	0.859588
0.871072	-0.350371	-0.344200	0.212556	0.900689	-0.378919	0.442779	0.256904	0.859038
0.870823	-0.350806	-0.344387	0.212740	0.900476	-0.379320	0.443180	0.257056	0.858786
0.870710	-0.350867	-0.344611	0.212617	0.900409	-0.379548	0.443462	0.257206	0.858595
0.870516	-0.350493	-0.345481	0.212233	0.900722	-0.379022	0.444027	0.256622	0.858478
0.870480	-0.349997	-0.346074	0.211858	0.901072	-0.378398	0.444276	0.256069	0.858515
0.870471	-0.349833	-0.346262	0.211758	0.901199	-0.378152	0.444341	0.255847	0.858547
0.870562	-0.349340	-0.346531	0.211118	0.901311	-0.378242	0.444467	0.256125	0.858399
0.870598	-0.348721	-0.347064	0.209885	0.901253	-0.379067	0.444981	0.257171	0.857820
0.870579	-0.348828	-0.347003	0.209447	0.900894	-0.380159	0.445223	0.258280	0.857361
0.870603	-0.349584	-0.346181	0.209595	0.900133	-0.381877	0.445107	0.259905	0.856930
0.870113	-0.350705	-0.346279	0.209649	0.899243	-0.383939	0.446038	0.261474	0.855968
0.869603	-0.351923	-0.346325	0.209562	0.898170	-0.386490	0.447073	0.263516	0.854801
0.869108	-0.352843	-0.346632	0.209759	0.897585	-0.387740	0.447943	0.264279	0.854110
0.869295	-0.352701	-0.346306	0.210240	0.897903	-0.386743	0.447354	0.263386	0.854694
0.870071	-0.351304	-0.345776	0.209906	0.898755	-0.384940	0.445999	0.262345	0.855722
0.870605	-0.349981	-0.345776	0.209232	0.899481	-0.383610	0.445275	0.261625	0.856319
0.870914	-0.349500	-0.345483	0.209084	0.899726	-0.383114	0.444739	0.261424	0.856659
0.871099	-0.349362	-0.345156	0.209378	0.899931	-0.382472	0.444238	0.260903	0.857078
0.871321	-0.348929	-0.345035	0.209390	0.900274	-0.381658	0.443797	0.260299	0.857489
0.871601	-0.348488	-0.344773	0.209380	0.900574	-0.380956	0.443252	0.259853	0.857907
0.871890	-0.348245	-0.344285	0.209595	0.900780	-0.380349	0.442580	0.259462	0.858372
0.871731	-0.348429	-0.344504	0.210133	0.900995	-0.379542	0.442640	0.258466	0.858641
0.871423	-0.349089	-0.344614	0.210913	0.900921	-0.379285	0.442874	0.257835	0.858711
