0.870306	-0.337432	-0.358758	0.175981	0.893393	-0.413376	0.459998	0.296629	0.836907
0.870546	-0.337336	-0.358264	0.176251	0.893499	-0.413031	0.459439	0.296418	0.837288
0.870733	-0.337222	-0.357918	0.176491	0.893646	-0.412610	0.458994	0.296104	0.837644
0.870950	-0.336991	-0.357607	0.176710	0.893892	-0.411983	0.458497	0.295624	0.838085
0.871060	-0.336652	-0.357659	0.176801	0.894260	-0.411145	0.458253	0.294898	0.838475
0.871026	-0.336380	-0.357998	0.176960	0.894700	-0.410119	0.458256	0.293873	0.838832
0.870931	-0.336558	-0.358061	0.177362	0.894822	-0.409678	0.458281	0.293295	0.839021
0.871117	-0.336630	-0.357540	0.177678	0.894806	-0.409576	0.457804	0.293262	0.839293
0.871291	-0.336156	-0.357563	0.177319	0.894991	-0.409327	0.457614	0.293240	0.839405
0.871691	-0.335299	-0.357393	0.176698	0.895281	-0.408962	0.457091	0.293338	0.839655
0.871955	-0.334699	-0.357310	0.176298	0.895516	-0.408620	0.456742	0.293305	0.839857
0.872177	-0.334337	-0.357107	0.176272	0.895750	-0.408117	0.456327	0.293002	0.840187
0.872119	-0.334378	-0.357212	0.176419	0.895840	-0.407857	0.456383	0.292681	0.840269
0.871710	-0.335205	-0.357435	0.177443	0.895851	-0.407388	0.456767	0.291700	0.840402
0.871327	-0.335678	-0.357923	0.178539	0.896288	-0.405946	0.457069	0.289809	0.840892
0.871020	-0.335829	-0.358529	0.179369	0.896861	-0.404311	0.457330	0.287854	0.841421
0.870531	-0.336288	-0.359287	0.179930	0.897041	-0.403661	0.458041	0.286753	0.841410
0.869883	-0.337185	-0.360014	0.180453	0.896816	-0.403928	0.459065	0.286404	0.840971
0.869432	-0.338364	-0.359997	0.181146	0.896240	-0.404896	0.459646	0.286817	0.840512
0.869384	-0.338979	-0.359533	0.181487	0.895794	-0.405729	0.459601	0.287483	0.840309
0.869155	-0.339242	-0.359838	0.181134	0.895437	-0.406674	0.460173	0.288284	0.839722
0.868960	-0.339046	-0.360495	0.180128	0.895166	-0.407715	0.460937	0.289353	0.838935
0.868677	-0.339220	-0.361014	0.179676	0.894888	-0.408525	0.461646	0.290010	0.838318
0.868804	-0.339591	-0.360357	0.180283	0.894758	-0.408542	0.461169	0.289976	0.838592
