0.890202	-0.290992	-0.350518	0.134265	0.902823	-0.408513	0.435330	0.316597	0.842766
0.890614	-0.290282	-0.350062	0.133743	0.902922	-0.408467	0.434649	0.316968	0.842978
0.891005	-0.289716	-0.349534	0.133544	0.903104	-0.408129	0.433907	0.316967	0.843360
0.891001	-0.289532	-0.349698	0.133462	0.903262	-0.407806	0.433942	0.316685	0.843448
0.890737	-0.290138	-0.349867	0.134049	0.903208	-0.407733	0.434302	0.316283	0.843414
0.890528	-0.290581	-0.350031	0.133970	0.902811	-0.408637	0.434755	0.317009	0.842908
0.890395	-0.290931	-0.350081	0.133722	0.902336	-0.409767	0.435104	0.318040	0.842339
0.890651	-0.290908	-0.349446	0.133692	0.902120	-0.410252	0.434588	0.318673	0.842366
0.891003	-0.290419	-0.348956	0.133321	0.902118	-0.410376	0.433981	0.319123	0.842509
0.891348	-0.289958	-0.348457	0.133000	0.902126	-0.410464	0.433369	0.319521	0.842673
0.891631	-0.289936	-0.347752	0.133472	0.902254	-0.410028	0.432643	0.319178	0.843176
0.891904	-0.290177	-0.346849	0.134356	0.902383	-0.409454	0.431805	0.318593	0.843826
0.892125	-0.290058	-0.346379	0.134831	0.902682	-0.408638	0.431199	0.317854	0.844415
0.892264	-0.289376	-0.346591	0.134597	0.903192	-0.407588	0.430985	0.317026	0.844835
0.892417	-0.288712	-0.346752	0.134332	0.903646	-0.406669	0.430751	0.316338	0.845212
0.892600	-0.288003	-0.346871	0.134112	0.904158	-0.405602	0.430440	0.315521	0.845676
0.892658	-0.287310	-0.347296	0.133855	0.904728	-0.404413	0.430400	0.314515	0.846071
0.892734	-0.287297	-0.347111	0.134266	0.904979	-0.403715	0.430114	0.313805	0.846480
0.892966	-0.287200	-0.346596	0.134531	0.905089	-0.403381	0.429551	0.313578	0.846850
0.892841	-0.287230	-0.346891	0.134211	0.904926	-0.403852	0.429909	0.314019	0.846505
0.892944	-0.287182	-0.346666	0.133697	0.904518	-0.404935	0.429856	0.315236	0.846079
0.892935	-0.287191	-0.346682	0.133342	0.904255	-0.405639	0.429985	0.315981	0.845736
0.892982	-0.287370	-0.346413	0.133667	0.904243	-0.405558	0.429787	0.315852	0.845885
0.893074	-0.287445	-0.346113	0.134114	0.904404	-0.405051	0.429456	0.315322	0.846250
0.893020	-0.287490	-0.346215	0.134254	0.904501	-0.404788	0.429524	0.315003	0.846334
0.892954	-0.287644	-0.346257	0.134159	0.904308	-0.405251	0.429691	0.315417	0.846095
