0.916451	-0.191933	-0.351113	0.023800	0.902049	-0.430978	0.399440	0.386613	0.831251
0.916071	-0.193077	-0.351477	0.023589	0.900891	-0.433405	0.400322	0.388738	0.829834
0.915922	-0.193851	-0.351437	0.023382	0.899911	-0.435447	0.400674	0.390619	0.828781
0.916127	-0.193559	-0.351064	0.022989	0.899640	-0.436026	0.400228	0.391385	0.828635
0.916236	-0.192813	-0.351189	0.022469	0.899925	-0.435464	0.400008	0.391097	0.828877
0.916325	-0.191960	-0.351426	0.022165	0.900578	-0.434128	0.399822	0.390013	0.829477
0.916366	-0.191675	-0.351473	0.022322	0.901032	-0.433177	0.399718	0.389103	0.829954
0.916338	-0.192019	-0.351360	0.022802	0.901110	-0.432991	0.399756	0.388754	0.830099
0.916296	-0.192272	-0.351332	0.023000	0.901042	-0.433122	0.399842	0.388787	0.830043
0.916452	-0.192411	-0.350846	0.023468	0.901137	-0.432898	0.399455	0.388497	0.830365
0.916782	-0.192156	-0.350124	0.023997	0.901570	-0.431966	0.398666	0.387617	0.831155
0.916846	-0.192142	-0.349964	0.024459	0.901960	-0.431127	0.398491	0.386717	0.831658
0.916673	-0.192659	-0.350132	0.024967	0.902022	-0.430968	0.398856	0.386315	0.831670
0.916258	-0.193501	-0.350754	0.025451	0.901947	-0.431095	0.399779	0.386068	0.831341
0.916183	-0.193710	-0.350835	0.025798	0.902114	-0.430725	0.399929	0.385572	0.831499
0.916425	-0.193085	-0.350548	0.025703	0.902505	-0.429911	0.399381	0.384971	0.832041
0.916781	-0.192025	-0.350199	0.025111	0.902812	-0.429301	0.398600	0.384781	0.832503
0.916990	-0.191717	-0.349819	0.024572	0.902421	-0.430155	0.398152	0.385852	0.832222
0.916809	-0.193112	-0.349528	0.024753	0.901092	-0.432920	0.398559	0.388253	0.830909
0.916203	-0.195916	-0.349556	0.025941	0.899500	-0.436150	0.399874	0.390534	0.829207
0.915749	-0.196957	-0.350160	0.026525	0.899323	-0.436480	0.400875	0.390418	0.828778
0.915697	-0.196365	-0.350627	0.026462	0.900060	-0.434961	0.400997	0.389014	0.829379
0.916147	-0.194646	-0.350411	0.025734	0.900944	-0.433172	0.400015	0.387832	0.830406
0.916362	-0.193691	-0.350378	0.025170	0.901319	-0.432424	0.399559	0.387438	0.830809
0.916157	-0.193453	-0.351045	0.024925	0.901619	-0.431813	0.400044	0.386859	0.830846
