0.899006	-0.235539	-0.369202	0.078063	0.915734	-0.394128	0.430924	0.325502	0.841637
0.899587	-0.235173	-0.368018	0.077211	0.915008	-0.395978	0.429863	0.327802	0.841287
0.900398	-0.234888	-0.366211	0.076456	0.914064	-0.398299	0.428295	0.330628	0.840980
0.901142	-0.234484	-0.364636	0.075816	0.913378	-0.399991	0.426842	0.332804	0.840861
0.901590	-0.234061	-0.363801	0.075201	0.912977	-0.401022	0.426006	0.334199	0.840732
0.901803	-0.234026	-0.363295	0.075211	0.912838	-0.401334	0.425552	0.334601	0.840802
0.901889	-0.234581	-0.362724	0.076024	0.912790	-0.401291	0.425226	0.334344	0.841069
0.901881	-0.235118	-0.362396	0.075985	0.912170	-0.402705	0.425250	0.335655	0.840534
0.902028	-0.234967	-0.362126	0.075345	0.911703	-0.403883	0.425050	0.337029	0.840085
0.902170	-0.234482	-0.362088	0.074733	0.911633	-0.404155	0.424858	0.337556	0.839971
0.902233	-0.234322	-0.362033	0.074826	0.911828	-0.403696	0.424707	0.337139	0.840215
0.902243	-0.234282	-0.362035	0.075380	0.912304	-0.402516	0.424588	0.335877	0.840780
0.902146	-0.234169	-0.362350	0.075924	0.912943	-0.400962	0.424697	0.334215	0.841387
0.902157	-0.234128	-0.362350	0.076479	0.913415	-0.399781	0.424576	0.332953	0.841949
0.902202	-0.233799	-0.362449	0.076642	0.913866	-0.398717	0.424450	0.331944	0.842411
0.902295	-0.233413	-0.362466	0.076769	0.914309	-0.397676	0.424228	0.330995	0.842895
0.902324	-0.233187	-0.362539	0.076803	0.914558	-0.397095	0.424160	0.330464	0.843138
0.902616	-0.232971	-0.361952	0.076927	0.914644	-0.396875	0.423517	0.330381	0.843494
0.902556	-0.233062	-0.362042	0.076838	0.914525	-0.397165	0.423660	0.330645	0.843318
0.902491	-0.232905	-0.362306	0.076241	0.914287	-0.397828	0.423908	0.331413	0.842892
0.902198	-0.232805	-0.363099	0.075611	0.914155	-0.398250	0.424644	0.331846	0.842351
0.902173	-0.232964	-0.363058	0.075581	0.913979	-0.398661	0.424701	0.332221	0.842175
0.902280	-0.233521	-0.362435	0.076209	0.913766	-0.399028	0.424362	0.332413	0.842269
0.902202	-0.234376	-0.362076	0.077050	0.913550	-0.399361	0.424375	0.332406	0.842266
0.902205	-0.235686	-0.361217	0.078587	0.913304	-0.399624	0.424087	0.332156	0.842510
