0.936525	-0.077217	-0.341992	-0.066295	0.918845	-0.389009	0.344276	0.386989	0.855403
0.936311	-0.077305	-0.342557	-0.066278	0.919038	-0.388557	0.344860	0.386514	0.855382
0.936260	-0.077740	-0.342599	-0.065641	0.919323	-0.387990	0.345121	0.385748	0.855622
0.936275	-0.077802	-0.342543	-0.065483	0.919410	-0.387812	0.345110	0.385529	0.855726
0.936032	-0.078166	-0.343125	-0.064974	0.919873	-0.386797	0.345865	0.384349	0.855952
0.935894	-0.078600	-0.343403	-0.064208	0.920405	-0.385657	0.346382	0.382983	0.856355
0.935890	-0.078726	-0.343384	-0.063639	0.920897	-0.384577	0.346498	0.381774	0.856848
0.935924	-0.078992	-0.343229	-0.063091	0.921159	-0.384038	0.346504	0.381085	0.857152
0.935840	-0.079284	-0.343392	-0.062904	0.921143	-0.384108	0.346766	0.381064	0.857055
0.935865	-0.079417	-0.343293	-0.062991	0.920867	-0.384755	0.346684	0.381703	0.856804
0.936040	-0.079645	-0.342761	-0.063190	0.920174	-0.386376	0.346173	0.383323	0.856287
0.935622	-0.080382	-0.343731	-0.063638	0.919369	-0.388215	0.347221	0.385096	0.855066
0.934981	-0.081060	-0.345312	-0.064523	0.918424	-0.390301	0.348780	0.387204	0.853478
0.934364	-0.081505	-0.346872	-0.065158	0.917989	-0.391216	0.350311	0.388140	0.852426
0.934090	-0.081422	-0.347629	-0.065542	0.917999	-0.391128	0.350970	0.388134	0.852158
0.934144	-0.080797	-0.347631	-0.065966	0.918167	-0.390664	0.350747	0.387868	0.852370
0.934188	-0.079797	-0.347743	-0.066902	0.918200	-0.390426	0.350453	0.387996	0.852433
0.934169	-0.079623	-0.347833	-0.067245	0.918038	-0.390749	0.350436	0.388415	0.852249
0.934294	-0.080059	-0.347399	-0.066861	0.917818	-0.391330	0.350179	0.388844	0.852159
0.934382	-0.080571	-0.347043	-0.066310	0.917742	-0.391602	0.350048	0.388918	0.852179
0.934334	-0.080766	-0.347125	-0.066112	0.917801	-0.391497	0.350212	0.388739	0.852194
0.934373	-0.080801	-0.347012	-0.066095	0.917732	-0.391662	0.350111	0.388894	0.852164
0.934611	-0.080384	-0.346468	-0.066225	0.917761	-0.391572	0.349451	0.388912	0.852427
0.934565	-0.079980	-0.346685	-0.066530	0.917934	-0.391115	0.349516	0.388587	0.852548
0.934586	-0.079804	-0.346670	-0.066812	0.917794	-0.391396	0.349406	0.388955	0.852426
