0.977212	-0.081606	-0.195951	0.128620	0.962018	0.240786	0.168859	-0.260502	0.950592
0.977145	-0.082457	-0.195931	0.129380	0.962017	0.240383	0.168667	-0.260239	0.950698
0.977056	-0.083116	-0.196096	0.130021	0.962005	0.240085	0.168690	-0.260073	0.950740
0.976915	-0.083247	-0.196740	0.130291	0.962015	0.239898	0.169296	-0.259994	0.950654
0.976760	-0.082052	-0.198010	0.129392	0.962224	0.239547	0.170875	-0.259600	0.950478
0.976655	-0.079051	-0.199741	0.126859	0.962618	0.239318	0.173356	-0.259070	0.950174
0.976450	-0.074655	-0.202413	0.123272	0.963045	0.239476	0.177055	-0.258788	0.949568
0.976382	-0.071607	-0.203838	0.120806	0.963148	0.240316	0.179118	-0.259265	0.949051
0.976358	-0.069117	-0.204810	0.118791	0.963165	0.241252	0.180591	-0.259878	0.948604
0.976309	-0.067400	-0.205615	0.117414	0.963202	0.241776	0.181753	-0.260191	0.948297
0.976278	-0.066648	-0.206006	0.116749	0.963322	0.241622	0.182347	-0.259942	0.948251
0.976244	-0.066436	-0.206239	0.116596	0.963348	0.241591	0.182630	-0.259898	0.948209
0.976232	-0.066102	-0.206402	0.116417	0.963231	0.242144	0.182806	-0.260418	0.948032
0.976287	-0.065959	-0.206185	0.116303	0.963133	0.242588	0.182583	-0.260815	0.947966
0.976333	-0.065990	-0.205961	0.116282	0.963125	0.242631	0.182355	-0.260838	0.948003
0.976370	-0.066093	-0.205749	0.116290	0.963169	0.242450	0.182147	-0.260648	0.948096
0.976336	-0.065926	-0.205965	0.116170	0.963202	0.242376	0.182407	-0.260567	0.948068
0.976348	-0.066266	-0.205801	0.116429	0.963212	0.242211	0.182179	-0.260443	0.948146
0.976314	-0.066626	-0.205843	0.116822	0.963130	0.242349	0.182107	-0.260656	0.948101
0.976301	-0.066963	-0.205798	0.117172	0.963048	0.242506	0.181954	-0.260873	0.948071
0.976309	-0.067029	-0.205735	0.117239	0.963016	0.242600	0.181865	-0.260973	0.948060
0.976383	-0.066673	-0.205499	0.116871	0.962999	0.242847	0.181704	-0.261129	0.948048
0.976448	-0.066636	-0.205204	0.116775	0.962984	0.242953	0.181419	-0.261194	0.948085
0.976642	-0.067617	-0.203959	0.117463	0.962821	0.243265	0.179927	-0.261540	0.948274
