0.971738	-0.132595	-0.195305	0.180918	0.949774	0.255339	0.151639	-0.283457	0.946920
0.971711	-0.132413	-0.195565	0.180842	0.949743	0.255508	0.151904	-0.283646	0.946821
0.971617	-0.131724	-0.196493	0.180379	0.949933	0.255127	0.153049	-0.283329	0.946732
0.971498	-0.129469	-0.198569	0.178638	0.950496	0.254254	0.155821	-0.282479	0.946533
0.971645	-0.124238	-0.201177	0.174355	0.951171	0.254702	0.159710	-0.282556	0.945862
0.971874	-0.119357	-0.203013	0.170203	0.951784	0.255221	0.162762	-0.282596	0.945330
0.972079	-0.116055	-0.203943	0.167196	0.952386	0.254965	0.164643	-0.281944	0.945198
0.972119	-0.114949	-0.204380	0.166230	0.952570	0.254908	0.165385	-0.281775	0.945119
0.972167	-0.115089	-0.204071	0.166227	0.952647	0.254623	0.165103	-0.281459	0.945263
0.972206	-0.115452	-0.203680	0.166464	0.952612	0.254598	0.164634	-0.281427	0.945354
0.972330	-0.116859	-0.202284	0.167546	0.952251	0.255240	0.162798	-0.282069	0.945481
0.972205	-0.118871	-0.201710	0.169292	0.952029	0.254913	0.161732	-0.281975	0.945692
0.972104	-0.120024	-0.201513	0.170312	0.951929	0.254609	0.161267	-0.281827	0.945815
0.972153	-0.120654	-0.200901	0.170810	0.951745	0.254960	0.160445	-0.282176	0.945851
0.972230	-0.121350	-0.200108	0.171362	0.951484	0.255564	0.159387	-0.282758	0.945856
0.972143	-0.122026	-0.200120	0.172025	0.951368	0.255552	0.159204	-0.282858	0.945857
0.972124	-0.122882	-0.199685	0.172784	0.951151	0.255845	0.158492	-0.283215	0.945870
0.972037	-0.123591	-0.199671	0.173480	0.951015	0.255879	0.158266	-0.283363	0.945863
0.971878	-0.125163	-0.199470	0.174881	0.950884	0.255416	0.157704	-0.283116	0.946031
0.971627	-0.127818	-0.199005	0.177226	0.950638	0.254712	0.156625	-0.282754	0.946318
0.971489	-0.132540	-0.196575	0.181076	0.950008	0.254353	0.153036	-0.282696	0.946923
0.971434	-0.136720	-0.193966	0.184352	0.949462	0.254040	0.149430	-0.282541	0.947545
0.971405	-0.140076	-0.191705	0.186935	0.949022	0.253798	0.146382	-0.282377	0.948069
