0.952103	-0.240830	-0.188419	0.287292	0.915543	0.281505	0.104711	-0.322153	0.940879
0.952122	-0.241500	-0.187458	0.287711	0.915157	0.282331	0.103370	-0.322748	0.940823
0.951836	-0.242633	-0.187450	0.288744	0.914980	0.281847	0.103127	-0.322397	0.940970
0.951456	-0.243763	-0.187912	0.289933	0.914742	0.281398	0.103296	-0.322220	0.941012
0.951222	-0.244373	-0.188306	0.290631	0.914573	0.281230	0.103494	-0.322239	0.940984
0.951047	-0.244947	-0.188442	0.291198	0.914473	0.280967	0.103503	-0.322087	0.941035
0.950827	-0.246332	-0.187746	0.292253	0.914270	0.280532	0.102547	-0.321606	0.941304
0.950620	-0.247775	-0.186895	0.293352	0.913947	0.280439	0.101326	-0.321417	0.941501
0.950785	-0.246936	-0.187166	0.292661	0.914090	0.280692	0.101774	-0.321654	0.941372
0.950936	-0.246728	-0.186672	0.292326	0.914121	0.280942	0.101325	-0.321727	0.941395
0.950847	-0.247337	-0.186319	0.292768	0.914057	0.280690	0.100881	-0.321442	0.941540
0.950700	-0.247338	-0.187066	0.293023	0.913950	0.280773	0.101523	-0.321746	0.941367
0.950802	-0.246880	-0.187150	0.292650	0.913958	0.281134	0.101641	-0.322072	0.941243
0.950962	-0.246271	-0.187144	0.292068	0.914127	0.281189	0.101825	-0.322059	0.941228
0.951165	-0.245691	-0.186872	0.291393	0.914422	0.280930	0.101858	-0.321664	0.941359
0.951271	-0.245465	-0.186628	0.291064	0.914619	0.280632	0.101808	-0.321278	0.941496
0.951358	-0.245501	-0.186138	0.290939	0.914655	0.280643	0.101354	-0.321147	0.941590
0.951265	-0.245844	-0.186162	0.291282	0.914531	0.280692	0.101245	-0.321239	0.941571
0.951019	-0.247075	-0.185788	0.292333	0.914221	0.280609	0.100519	-0.321177	0.941669
0.950746	-0.248036	-0.185903	0.293301	0.913894	0.280665	0.100280	-0.321367	0.941630
0.950624	-0.248663	-0.185689	0.293853	0.913661	0.280846	0.099821	-0.321545	0.941618
0.950589	-0.248866	-0.185599	0.294014	0.913619	0.280812	0.099682	-0.321506	0.941646
0.950620	-0.248744	-0.185601	0.293853	0.913801	0.280390	0.099857	-0.321083	0.941772
0.950611	-0.249019	-0.185278	0.294019	0.913726	0.280461	0.099453	-0.321084	0.941814
