0.955487	-0.221910	-0.194425	0.270649	0.921607	0.278191	0.117449	-0.318429	0.940643
0.955503	-0.222047	-0.194189	0.270786	0.921367	0.278850	0.117002	-0.319025	0.940496
0.955372	-0.222603	-0.194198	0.271334	0.921182	0.278928	0.116801	-0.319173	0.940471
0.955217	-0.223112	-0.194373	0.271839	0.921140	0.278576	0.116891	-0.318938	0.940540
0.955173	-0.223245	-0.194437	0.271952	0.921194	0.278287	0.116987	-0.318690	0.940612
0.955203	-0.223158	-0.194391	0.271845	0.921246	0.278221	0.116995	-0.318602	0.940641
0.955267	-0.223109	-0.194131	0.271712	0.921287	0.278213	0.116779	-0.318516	0.940697
0.955296	-0.223331	-0.193735	0.271802	0.921245	0.278263	0.116333	-0.318481	0.940764
0.955326	-0.223310	-0.193612	0.271784	0.921148	0.278602	0.116130	-0.318776	0.940689
0.955442	-0.223266	-0.193088	0.271647	0.920999	0.279229	0.115492	-0.319239	0.940611
0.955306	-0.223900	-0.193024	0.272286	0.920691	0.279623	0.115108	-0.319683	0.940507
0.954774	-0.226347	-0.192807	0.274465	0.920312	0.278739	0.114351	-0.319051	0.940814
0.954298	-0.229179	-0.191813	0.276792	0.919812	0.278086	0.112701	-0.318469	0.941210
0.954291	-0.229041	-0.192011	0.276682	0.919950	0.277739	0.113027	-0.318170	0.941272
0.954561	-0.227540	-0.192458	0.275365	0.920383	0.277613	0.113967	-0.317994	0.941218
0.954690	-0.226605	-0.192920	0.274597	0.920654	0.277476	0.114735	-0.317879	0.941164
0.954781	-0.226007	-0.193169	0.274142	0.920691	0.277803	0.115063	-0.318196	0.941016
0.954711	-0.225654	-0.193926	0.274026	0.920781	0.277617	0.115918	-0.318185	0.940915
0.954589	-0.225595	-0.194593	0.274110	0.920942	0.277001	0.116719	-0.317762	0.940959
0.954733	-0.224581	-0.195060	0.273305	0.921130	0.277173	0.117428	-0.317937	0.940812
0.954892	-0.224016	-0.194932	0.272740	0.921245	0.277345	0.117451	-0.318000	0.940787
