0.973242	0.000597	-0.229784	0.034184	0.988493	0.147353	0.227228	-0.151265	0.962022
0.973114	0.001457	-0.230320	0.033528	0.988432	0.147911	0.227871	-0.151657	0.961808
0.973026	0.002655	-0.230680	0.032378	0.988465	0.147949	0.228412	-0.151428	0.961716
0.972941	0.003551	-0.231026	0.031463	0.988532	0.147699	0.228901	-0.150971	0.961672
0.972686	0.005549	-0.232058	0.029691	0.988528	0.148091	0.230218	-0.150936	0.961363
0.972416	0.007665	-0.233126	0.027775	0.988544	0.148355	0.231593	-0.150738	0.961063
0.971669	0.012216	-0.236031	0.023735	0.988571	0.148875	0.235152	-0.150260	0.960274
0.971489	0.013117	-0.236722	0.022919	0.988596	0.148837	0.235975	-0.150019	0.960110
0.971467	0.013669	-0.236781	0.022397	0.988589	0.148962	0.236115	-0.150015	0.960075
0.971498	0.014488	-0.236605	0.021582	0.988579	0.149148	0.236064	-0.150003	0.960090
0.971532	0.014935	-0.236438	0.021160	0.988552	0.149389	0.235962	-0.150139	0.960094
0.971618	0.014530	-0.236109	0.021535	0.988534	0.149454	0.235573	-0.150296	0.960165
0.971619	0.013799	-0.236150	0.022236	0.988549	0.149253	0.235506	-0.150268	0.960186
0.971927	0.012207	-0.234965	0.023661	0.988520	0.149226	0.234089	-0.150596	0.960481
0.971890	0.012015	-0.235130	0.023882	0.988514	0.149228	0.234222	-0.150648	0.960440
0.972025	0.010996	-0.234621	0.024805	0.988512	0.149094	0.233565	-0.150743	0.960585
0.972277	0.009612	-0.233635	0.026023	0.988500	0.148964	0.232380	-0.150914	0.960846
0.972478	0.009336	-0.232806	0.026241	0.988450	0.149255	0.231511	-0.151256	0.961002
0.972567	0.009123	-0.232442	0.026399	0.988447	0.149253	0.231118	-0.151295	0.961090
0.972650	0.008374	-0.232125	0.027086	0.988443	0.149155	0.230691	-0.151363	0.961182
0.972722	0.007626	-0.231849	0.027820	0.988411	0.149228	0.230300	-0.151608	0.961237
