0.953908	-0.214623	-0.209755	0.268944	0.921499	0.280196	0.133152	-0.323693	0.936746
0.953717	-0.215450	-0.209775	0.269701	0.921381	0.279855	0.132988	-0.323479	0.936843
0.953673	-0.215941	-0.209469	0.270042	0.921346	0.279639	0.132608	-0.323250	0.936976
0.953732	-0.215767	-0.209379	0.269826	0.921449	0.279510	0.132623	-0.323073	0.937035
0.953813	-0.215736	-0.209043	0.269650	0.921575	0.279266	0.132401	-0.322736	0.937183
0.953881	-0.215354	-0.209127	0.269316	0.921655	0.279320	0.132590	-0.322760	0.937148
0.953989	-0.215162	-0.208832	0.269041	0.921718	0.279380	0.132373	-0.322710	0.937196
0.954077	-0.214794	-0.208805	0.268695	0.921780	0.279508	0.132436	-0.322777	0.937164
0.953947	-0.214715	-0.209479	0.268877	0.921653	0.279751	0.133000	-0.323192	0.936941
0.953875	-0.214646	-0.209880	0.268959	0.921597	0.279857	0.133354	-0.323398	0.936819
0.953913	-0.214146	-0.210218	0.268588	0.921707	0.279850	0.133831	-0.323414	0.936746
0.954000	-0.213552	-0.210428	0.268065	0.921900	0.279716	0.134260	-0.323258	0.936738
0.954092	-0.213172	-0.210396	0.267718	0.921935	0.279933	0.134298	-0.323409	0.936681
0.954144	-0.212829	-0.210505	0.267490	0.921858	0.280406	0.134377	-0.323856	0.936515
0.954087	-0.212947	-0.210644	0.267644	0.921828	0.280355	0.134476	-0.323861	0.936499
0.954046	-0.213147	-0.210628	0.267848	0.921734	0.280470	0.134362	-0.323997	0.936468
0.954040	-0.213192	-0.210611	0.267880	0.921738	0.280427	0.134343	-0.323957	0.936485
0.954094	-0.213291	-0.210267	0.267873	0.921713	0.280517	0.133974	-0.323964	0.936535
0.954195	-0.213349	-0.209746	0.267776	0.921697	0.280661	0.133443	-0.323970	0.936609
0.954221	-0.213792	-0.209178	0.267983	0.921704	0.280439	0.132844	-0.323657	0.936802
0.954134	-0.214515	-0.208834	0.268559	0.921553	0.280385	0.132305	-0.323609	0.936895
0.954038	-0.215801	-0.207946	0.269481	0.921334	0.280219	0.131116	-0.323377	0.937142
