0.972745	-0.135702	-0.188023	0.181933	0.949394	0.256030	0.143764	-0.283259	0.948207
0.972760	-0.134832	-0.188571	0.181260	0.949493	0.256139	0.144512	-0.283342	0.948068
0.972720	-0.134119	-0.189283	0.180741	0.949646	0.255940	0.145425	-0.283169	0.947981
0.972633	-0.133033	-0.190494	0.179996	0.949853	0.255695	0.146925	-0.282986	0.947804
0.972662	-0.132515	-0.190707	0.179530	0.949979	0.255554	0.147303	-0.282805	0.947799
0.972716	-0.131523	-0.191118	0.178630	0.950236	0.255230	0.148038	-0.282406	0.947804
0.972798	-0.129998	-0.191741	0.177338	0.950452	0.255329	0.149048	-0.282386	0.947651
0.972856	-0.129048	-0.192086	0.176577	0.950480	0.255752	0.149570	-0.282728	0.947467
0.972873	-0.129184	-0.191910	0.176663	0.950455	0.255783	0.149359	-0.282748	0.947494
0.972871	-0.130518	-0.191017	0.177683	0.950306	0.255631	0.148160	-0.282636	0.947716
0.972816	-0.132180	-0.190151	0.179018	0.950116	0.255406	0.146906	-0.282503	0.947951
0.972720	-0.133216	-0.189917	0.180005	0.949854	0.255686	0.146332	-0.282897	0.947922
0.972654	-0.133948	-0.189744	0.180721	0.949629	0.256018	0.145894	-0.283307	0.947867
0.972639	-0.134174	-0.189661	0.180885	0.949655	0.255804	0.145790	-0.283112	0.947941
0.972679	-0.134278	-0.189378	0.180853	0.949750	0.255473	0.145557	-0.282743	0.948087
0.972671	-0.135024	-0.188889	0.181428	0.949660	0.255402	0.144895	-0.282692	0.948204
0.972642	-0.135282	-0.188855	0.181741	0.949475	0.255867	0.144699	-0.283189	0.948085
0.972610	-0.135733	-0.188697	0.182142	0.949385	0.255913	0.144410	-0.283274	0.948104
0.972521	-0.136422	-0.188658	0.182763	0.949336	0.255655	0.144223	-0.283110	0.948182
0.972487	-0.136805	-0.188554	0.183100	0.949283	0.255608	0.144023	-0.283100	0.948215
0.972518	-0.137145	-0.188150	0.183338	0.949196	0.255764	0.143515	-0.283230	0.948253
0.972517	-0.137507	-0.187891	0.183588	0.949196	0.255581	0.143201	-0.283052	0.948354
0.972492	-0.137937	-0.187703	0.183915	0.949200	0.255334	0.142948	-0.282832	0.948458
