0.972045	-0.131871	-0.194262	0.177974	0.953486	0.243288	0.153144	-0.271061	0.950302
0.972071	-0.131724	-0.194236	0.177832	0.953497	0.243349	0.153148	-0.271094	0.950291
0.971920	-0.132235	-0.194639	0.178355	0.953544	0.242781	0.153493	-0.270678	0.950354
0.971841	-0.132834	-0.194629	0.178911	0.953485	0.242606	0.153350	-0.270596	0.950401
0.971831	-0.133631	-0.194133	0.179598	0.953286	0.242877	0.152609	-0.270902	0.950433
0.971830	-0.134947	-0.193222	0.180625	0.953108	0.242815	0.151394	-0.270876	0.950635
0.971797	-0.136095	-0.192583	0.181574	0.952924	0.242832	0.150468	-0.270952	0.950760
0.971638	-0.135210	-0.194007	0.181048	0.953113	0.242480	0.152125	-0.270727	0.950560
0.971532	-0.133799	-0.195508	0.179967	0.953501	0.241760	0.154070	-0.270062	0.950436
0.971544	-0.132957	-0.196022	0.179247	0.953694	0.241532	0.154831	-0.269795	0.950388
0.971566	-0.132852	-0.195983	0.179213	0.953575	0.242027	0.154731	-0.270268	0.950270
0.971527	-0.133367	-0.195830	0.179725	0.953403	0.242327	0.154387	-0.270622	0.950225
0.971494	-0.133717	-0.195751	0.180030	0.953369	0.242231	0.154232	-0.270567	0.950266
0.971570	-0.133243	-0.195699	0.179573	0.953421	0.242367	0.154290	-0.270619	0.950242
0.971749	-0.132539	-0.195286	0.178876	0.953381	0.243041	0.153969	-0.271106	0.950155
0.971906	-0.131709	-0.195066	0.178166	0.953251	0.244069	0.153801	-0.271966	0.949937
0.971964	-0.130756	-0.195420	0.177478	0.953148	0.244972	0.154232	-0.272787	0.949631
0.971886	-0.130756	-0.195805	0.177586	0.953128	0.244969	0.154596	-0.272854	0.949553
0.971756	-0.130954	-0.196321	0.177804	0.953278	0.244225	0.155167	-0.272234	0.949638
0.971678	-0.131074	-0.196624	0.177859	0.953500	0.243320	0.155588	-0.271400	0.949808
0.971715	-0.130895	-0.196560	0.177642	0.953577	0.243175	0.155605	-0.271215	0.949858
0.971786	-0.130803	-0.196274	0.177511	0.953538	0.243423	0.155314	-0.271396	0.949854
0.971898	-0.131845	-0.195016	0.178264	0.953266	0.243940	0.153740	-0.271849	0.949980
0.971917	-0.133233	-0.193977	0.179238	0.953237	0.243336	0.152485	-0.271270	0.950348
0.971965	-0.133980	-0.193218	0.179645	0.953341	0.242630	0.151695	-0.270538	0.950683
