0.945981	-0.238668	-0.219449	0.294546	0.915513	0.274007	0.135511	-0.323843	0.936356
0.946411	-0.235090	-0.221448	0.291875	0.916117	0.274843	0.138259	-0.324750	0.935640
0.946420	-0.233813	-0.222759	0.291039	0.916463	0.274577	0.139951	-0.324696	0.935407
0.946361	-0.233320	-0.223523	0.290753	0.916685	0.274137	0.140939	-0.324423	0.935353
0.946502	-0.231918	-0.224383	0.289692	0.917004	0.274194	0.142169	-0.324527	0.935131
0.946954	-0.229264	-0.225203	0.287499	0.917492	0.274868	0.143605	-0.325033	0.934736
0.947575	-0.224777	-0.227105	0.283897	0.918413	0.275535	0.146642	-0.325564	0.934079
0.948129	-0.221559	-0.227955	0.281125	0.919151	0.275916	0.148393	-0.325688	0.933760
0.948313	-0.219589	-0.229091	0.279619	0.919574	0.276039	0.150051	-0.325829	0.933445
0.948492	-0.218105	-0.229768	0.278470	0.919808	0.276420	0.151054	-0.326166	0.933166
0.948564	-0.217080	-0.230439	0.277731	0.919982	0.276584	0.151959	-0.326357	0.932952
0.948575	-0.216285	-0.231142	0.277163	0.920217	0.276371	0.152926	-0.326223	0.932841
0.948587	-0.216193	-0.231176	0.277100	0.920211	0.276456	0.152963	-0.326302	0.932807
0.948576	-0.216193	-0.231224	0.277177	0.920076	0.276827	0.152895	-0.326682	0.932685
0.948642	-0.215917	-0.231210	0.276973	0.920011	0.277246	0.152853	-0.327046	0.932564
0.948820	-0.215358	-0.231002	0.276366	0.920183	0.277281	0.152849	-0.326931	0.932606
0.948828	-0.215746	-0.230606	0.276627	0.920068	0.277402	0.152325	-0.326999	0.932668
0.948621	-0.216502	-0.230751	0.277362	0.919936	0.277108	0.152281	-0.326872	0.932719
0.948229	-0.218842	-0.230152	0.279340	0.919499	0.276570	0.151099	-0.326542	0.933027
0.947787	-0.221811	-0.229130	0.281816	0.918848	0.276222	0.149266	-0.326372	0.933381
0.947492	-0.224864	-0.227366	0.284170	0.918136	0.276176	0.146650	-0.326286	0.933826
