0.976534	0.005287	-0.215298	0.038914	0.978912	0.200541	0.211818	-0.204213	0.955735
0.976559	0.005192	-0.215186	0.039017	0.978879	0.200684	0.211683	-0.204375	0.955731
0.976559	0.004715	-0.215199	0.039470	0.978886	0.200560	0.211600	-0.204353	0.955754
0.976546	0.004208	-0.215268	0.040051	0.978809	0.200819	0.211551	-0.204731	0.955684
0.976540	0.003805	-0.215304	0.040523	0.978734	0.201091	0.211491	-0.205098	0.955618
0.976579	0.003304	-0.215135	0.041006	0.978697	0.201171	0.211217	-0.205281	0.955640
0.976767	0.002010	-0.214293	0.042228	0.978545	0.201657	0.210101	-0.206022	0.955726
0.976812	0.000671	-0.214098	0.043514	0.978502	0.201595	0.209630	-0.206237	0.955783
0.976676	-0.000066	-0.214718	0.044370	0.978478	0.201526	0.210083	-0.206353	0.955659
0.976649	-0.000448	-0.214841	0.044721	0.978517	0.201260	0.210136	-0.206168	0.955687
0.976577	-0.000092	-0.215169	0.044516	0.978451	0.201623	0.210514	-0.206479	0.955537
0.976527	0.000186	-0.215395	0.044330	0.978418	0.201824	0.210784	-0.206635	0.955443
0.976426	-0.000540	-0.215852	0.045051	0.978484	0.201345	0.211099	-0.206323	0.955441
0.976393	-0.000608	-0.215999	0.045086	0.978542	0.201053	0.211242	-0.206045	0.955470
0.976288	0.000204	-0.216478	0.044429	0.978523	0.201292	0.211869	-0.206137	0.955311
0.976213	0.001277	-0.216809	0.043566	0.978431	0.201926	0.212391	-0.206568	0.955102
0.976127	0.001892	-0.217193	0.042989	0.978497	0.201731	0.212904	-0.206252	0.955056
0.976095	0.001943	-0.217335	0.042965	0.978502	0.201710	0.213054	-0.206226	0.955028
0.976078	0.002200	-0.217409	0.042724	0.978512	0.201716	0.213181	-0.206180	0.955010
0.976049	0.002847	-0.217531	0.042186	0.978458	0.202092	0.213420	-0.206429	0.954903
0.976071	0.003110	-0.217432	0.042026	0.978349	0.202652	0.213354	-0.206941	0.954807
0.976065	0.002872	-0.217462	0.042276	0.978333	0.202674	0.213332	-0.207016	0.954795
0.975993	0.002511	-0.217786	0.042729	0.978294	0.202768	0.213568	-0.207206	0.954701
0.976024	0.001848	-0.217654	0.043349	0.978281	0.202698	0.213302	-0.207274	0.954746
0.976104	0.000983	-0.217303	0.044042	0.978341	0.202258	0.212795	-0.206996	0.954919
