0.972644	-0.136324	-0.188095	0.182459	0.949473	0.255361	0.143779	-0.282695	0.948373
0.972747	-0.134765	-0.188683	0.181165	0.949622	0.255729	0.144714	-0.282942	0.948157
0.972840	-0.133524	-0.189087	0.180057	0.949857	0.255640	0.145472	-0.282743	0.948100
0.972893	-0.132972	-0.189202	0.179547	0.949961	0.255610	0.145746	-0.282652	0.948085
0.972898	-0.132813	-0.189290	0.179417	0.949988	0.255602	0.145876	-0.282636	0.948070
0.972918	-0.132611	-0.189328	0.179211	0.950060	0.255478	0.145993	-0.282489	0.948096
0.972954	-0.132069	-0.189520	0.178744	0.950138	0.255517	0.146325	-0.282482	0.948047
0.972933	-0.131729	-0.189868	0.178537	0.950133	0.255678	0.146719	-0.282656	0.947934
0.972930	-0.129275	-0.191559	0.176662	0.950436	0.255857	0.148988	-0.282772	0.947545
0.973105	-0.123745	-0.194302	0.172224	0.950971	0.256891	0.152987	-0.283445	0.946707
0.973311	-0.119696	-0.195800	0.168840	0.951355	0.257714	0.155428	-0.283895	0.946174
0.973451	-0.118048	-0.196109	0.167342	0.951582	0.257854	0.156175	-0.283825	0.946072
0.973448	-0.117709	-0.196326	0.167050	0.951675	0.257700	0.156505	-0.283654	0.946069
0.973378	-0.117797	-0.196617	0.167259	0.951576	0.257929	0.156713	-0.283949	0.945946
0.973287	-0.117680	-0.197141	0.167316	0.951537	0.258034	0.157222	-0.284126	0.945808
0.973203	-0.117928	-0.197404	0.167622	0.951505	0.257956	0.157411	-0.284133	0.945775
0.973182	-0.118842	-0.196962	0.168413	0.951322	0.258117	0.156699	-0.284366	0.945823
0.973253	-0.120052	-0.195870	0.169308	0.951108	0.258319	0.155282	-0.284572	0.945995
0.973340	-0.120982	-0.194864	0.169933	0.950976	0.258393	0.154050	-0.284618	0.946182
0.973420	-0.121889	-0.193896	0.170525	0.950887	0.258331	0.152885	-0.284528	0.946398
0.973442	-0.123224	-0.192939	0.171573	0.950654	0.258494	0.151566	-0.284732	0.946549
0.973379	-0.124580	-0.192390	0.172733	0.950449	0.258476	0.150656	-0.284827	0.946666
0.973273	-0.126095	-0.191939	0.174004	0.950348	0.257993	0.149877	-0.284496	0.946889
0.973075	-0.128357	-0.191440	0.175928	0.950231	0.257120	0.148910	-0.283877	0.947228
