0.952640	-0.239581	-0.187293	0.285109	0.917893	0.276019	0.105787	-0.316345	0.942727
0.952376	-0.240762	-0.187120	0.286185	0.917573	0.275966	0.105254	-0.316375	0.942777
0.952501	-0.241054	-0.186104	0.286168	0.917498	0.276236	0.104163	-0.316372	0.942899
0.952736	-0.240627	-0.185454	0.285547	0.917688	0.276244	0.103717	-0.316144	0.943025
0.952785	-0.241219	-0.184430	0.285776	0.917648	0.276143	0.102630	-0.315811	0.943255
0.952795	-0.241656	-0.183805	0.286039	0.917444	0.276546	0.101802	-0.316067	0.943259
0.952691	-0.241884	-0.184046	0.286368	0.917251	0.276847	0.101852	-0.316455	0.943124
0.952464	-0.242909	-0.183869	0.287276	0.917030	0.276637	0.101416	-0.316308	0.943220
0.952222	-0.243658	-0.184130	0.288033	0.916926	0.276195	0.101536	-0.316034	0.943299
0.952112	-0.243987	-0.184261	0.288390	0.916821	0.276171	0.101552	-0.316085	0.943280
0.952103	-0.244181	-0.184054	0.288534	0.916710	0.276388	0.101235	-0.316256	0.943257
0.952152	-0.244107	-0.183899	0.288413	0.916746	0.276396	0.101118	-0.316210	0.943285
0.952208	-0.244012	-0.183736	0.288289	0.916729	0.276582	0.100947	-0.316332	0.943262
0.952252	-0.243972	-0.183560	0.288199	0.916741	0.276636	0.100786	-0.316329	0.943281
0.952311	-0.243808	-0.183470	0.287989	0.916873	0.276416	0.100827	-0.316072	0.943362
0.952260	-0.244099	-0.183346	0.288217	0.916837	0.276298	0.100654	-0.315951	0.943421
0.952278	-0.244343	-0.182930	0.288337	0.916743	0.276484	0.100143	-0.316035	0.943448
0.952360	-0.244090	-0.182842	0.288084	0.916770	0.276661	0.100093	-0.316155	0.943413
0.952444	-0.243435	-0.183276	0.287558	0.917034	0.276331	0.100801	-0.315892	0.943425
0.952532	-0.242620	-0.183897	0.286920	0.917385	0.275831	0.101783	-0.315502	0.943451
0.952580	-0.241869	-0.184639	0.286424	0.917572	0.275724	0.102731	-0.315534	0.943337
0.952716	-0.241198	-0.184811	0.285886	0.917594	0.276208	0.102960	-0.315983	0.943162
0.952857	-0.239874	-0.185808	0.284937	0.917876	0.276250	0.104284	-0.316170	0.942953
