0.977004	0.016135	-0.212608	0.019722	0.986019	0.165459	0.212306	-0.165847	0.963027
0.976959	0.016229	-0.212810	0.019706	0.985987	0.165655	0.212516	-0.166032	0.962949
0.976999	0.016031	-0.212639	0.019829	0.986019	0.165447	0.212318	-0.165858	0.963022
0.976922	0.016323	-0.212972	0.019517	0.986083	0.165105	0.212703	-0.165452	0.963007
0.976927	0.016368	-0.212947	0.019440	0.986105	0.164979	0.212688	-0.165312	0.963035
0.976871	0.016194	-0.213215	0.019670	0.986095	0.165014	0.212923	-0.165391	0.962969
0.976867	0.016209	-0.213235	0.019716	0.986050	0.165278	0.212939	-0.165659	0.962920
0.976863	0.016403	-0.213238	0.019544	0.986036	0.165380	0.212973	-0.165721	0.962901
0.976872	0.016402	-0.213196	0.019499	0.986066	0.165209	0.212935	-0.165545	0.962940
0.976953	0.016037	-0.212850	0.019795	0.986070	0.165149	0.212533	-0.165556	0.963027
0.977039	0.015596	-0.212489	0.020202	0.986043	0.165263	0.212100	-0.165761	0.963087
0.977121	0.015557	-0.212112	0.020266	0.985972	0.165673	0.211714	-0.166181	0.963100
0.977036	0.015939	-0.212479	0.019889	0.986022	0.165421	0.212145	-0.165848	0.963062
0.976962	0.015857	-0.212824	0.019970	0.986068	0.165140	0.212477	-0.165586	0.963034
0.976990	0.016003	-0.212684	0.019825	0.986051	0.165261	0.212362	-0.165674	0.963044
0.977013	0.016135	-0.212566	0.019677	0.986049	0.165288	0.212268	-0.165671	0.963066
0.977041	0.016073	-0.212446	0.019702	0.986061	0.165214	0.212140	-0.165606	0.963105
0.977015	0.016461	-0.212536	0.019446	0.985975	0.165759	0.212283	-0.166082	0.962992
0.977034	0.016697	-0.212430	0.019236	0.985943	0.165969	0.212215	-0.166243	0.962979
0.977076	0.017185	-0.212196	0.018689	0.985965	0.165906	0.212068	-0.166068	0.963041
0.977218	0.017186	-0.211542	0.018538	0.985995	0.165741	0.211428	-0.165886	0.963213
0.977348	0.016385	-0.211005	0.019162	0.986053	0.165326	0.210771	-0.165624	0.963403
0.977498	0.015208	-0.210395	0.020217	0.986052	0.165207	0.209973	-0.165743	0.963556
0.977569	0.014784	-0.210097	0.020588	0.986049	0.165179	0.209608	-0.165800	0.963626
