0.952599	-0.207702	-0.222294	0.264948	0.925505	0.270634	0.149523	-0.316702	0.936666
0.952326	-0.207966	-0.223218	0.265503	0.925357	0.270597	0.150281	-0.316962	0.936457
0.952125	-0.208398	-0.223672	0.266071	0.925195	0.270594	0.150549	-0.317152	0.936349
0.952042	-0.208256	-0.224153	0.266057	0.925260	0.270382	0.151091	-0.317053	0.936295
0.952190	-0.206313	-0.225321	0.264544	0.925711	0.270326	0.152811	-0.317009	0.936031
0.952773	-0.200517	-0.228073	0.259995	0.926683	0.271407	0.156929	-0.317887	0.935051
0.952867	-0.200142	-0.228007	0.259683	0.926640	0.271850	0.156872	-0.318247	0.934939
0.952980	-0.201177	-0.226622	0.260351	0.926240	0.272574	0.155071	-0.318758	0.935065
0.952868	-0.204326	-0.224263	0.262543	0.925780	0.272036	0.152034	-0.318092	0.935790
0.952464	-0.207165	-0.223374	0.264836	0.925437	0.270976	0.150582	-0.317253	0.936310
0.952308	-0.207904	-0.223351	0.265592	0.925140	0.271252	0.150236	-0.317636	0.936235
0.952310	-0.208227	-0.223041	0.265867	0.924943	0.271654	0.149734	-0.317998	0.936193
0.952466	-0.207790	-0.222782	0.265356	0.925092	0.271644	0.149649	-0.317848	0.936257
0.952628	-0.207666	-0.222203	0.265011	0.925252	0.271437	0.149226	-0.317465	0.936455
0.952755	-0.207727	-0.221600	0.264872	0.925293	0.271434	0.148661	-0.317306	0.936599
0.952787	-0.207770	-0.221422	0.264815	0.925383	0.271180	0.148557	-0.317013	0.936714
0.952731	-0.207804	-0.221634	0.264873	0.925449	0.270900	0.148817	-0.316800	0.936745
0.952565	-0.208300	-0.221881	0.265416	0.925328	0.270779	0.148910	-0.316826	0.936722
0.952443	-0.208907	-0.221831	0.266031	0.925077	0.271034	0.148590	-0.317158	0.936660
0.952505	-0.209078	-0.221406	0.266121	0.924932	0.271441	0.148033	-0.317470	0.936643
0.952954	-0.206631	-0.221770	0.263968	0.925357	0.272095	0.148993	-0.317835	0.936366
