0.952709	-0.233112	-0.194949	0.281729	0.918011	0.279079	0.113909	-0.320804	0.940271
0.952739	-0.233300	-0.194575	0.281788	0.917991	0.279084	0.113508	-0.320724	0.940347
0.952720	-0.233424	-0.194521	0.281884	0.917973	0.279046	0.113429	-0.320685	0.940370
0.952698	-0.233723	-0.194268	0.282002	0.918158	0.278316	0.113320	-0.319935	0.940638
0.952603	-0.233699	-0.194764	0.282129	0.918149	0.278218	0.113803	-0.319979	0.940565
0.952392	-0.233223	-0.196356	0.282147	0.918258	0.277841	0.115506	-0.320015	0.940345
0.952568	-0.231964	-0.196995	0.281096	0.918693	0.277467	0.116616	-0.319680	0.940322
0.952768	-0.230717	-0.197493	0.280058	0.919007	0.277478	0.117479	-0.319682	0.940214
0.953162	-0.228045	-0.198689	0.277963	0.919427	0.278193	0.119239	-0.320391	0.939751
0.953584	-0.224205	-0.201020	0.275112	0.920082	0.278859	0.122433	-0.321219	0.939057
0.953809	-0.222087	-0.202302	0.273514	0.920507	0.279027	0.124252	-0.321471	0.938732
0.953810	-0.221252	-0.203210	0.272972	0.920750	0.278756	0.125430	-0.321351	0.938616
0.953882	-0.221428	-0.202679	0.273043	0.920558	0.279323	0.124728	-0.321781	0.938563
0.953922	-0.222579	-0.201226	0.273725	0.920234	0.279722	0.122915	-0.321914	0.938756
0.953855	-0.224139	-0.199808	0.274661	0.920187	0.278956	0.121336	-0.320963	0.939287
0.953831	-0.225192	-0.198735	0.275324	0.919990	0.278954	0.120016	-0.320791	0.939515
0.953878	-0.225240	-0.198455	0.275353	0.919801	0.279547	0.119574	-0.321299	0.939398
0.953908	-0.225197	-0.198358	0.275306	0.919753	0.279751	0.119441	-0.321466	0.939358
0.953877	-0.225196	-0.198506	0.275294	0.919901	0.279278	0.119714	-0.321044	0.939468
0.953629	-0.226166	-0.198597	0.276168	0.919856	0.278561	0.119680	-0.320490	0.939661
0.953523	-0.226827	-0.198350	0.276753	0.919611	0.278788	0.119168	-0.320725	0.939646
