0.978993	-0.020627	-0.202845	0.063246	0.976518	0.205943	0.193834	-0.214446	0.957309
0.978982	-0.021634	-0.202794	0.064226	0.976467	0.205883	0.193568	-0.214581	0.957333
0.978920	-0.022446	-0.203006	0.065048	0.976450	0.205703	0.193608	-0.214572	0.957327
0.978833	-0.023072	-0.203357	0.065703	0.976456	0.205467	0.193829	-0.214479	0.957303
0.978807	-0.023530	-0.203430	0.066123	0.976483	0.205203	0.193818	-0.214306	0.957344
0.978914	-0.024157	-0.202840	0.066602	0.976465	0.205133	0.193111	-0.214317	0.957484
0.979044	-0.024583	-0.202158	0.066946	0.976367	0.205488	0.192329	-0.214715	0.957553
0.979127	-0.025552	-0.201639	0.067784	0.976323	0.205426	0.191616	-0.214806	0.957675
0.979089	-0.025622	-0.201811	0.067947	0.976254	0.205697	0.191748	-0.215108	0.957581
0.979119	-0.025804	-0.201642	0.067988	0.976358	0.205189	0.191580	-0.214614	0.957725
0.979111	-0.025404	-0.201732	0.067524	0.976480	0.204762	0.191786	-0.214107	0.957798
0.979046	-0.024203	-0.202195	0.066517	0.976457	0.205200	0.192469	-0.214350	0.957606
0.979065	-0.023506	-0.202188	0.065936	0.976376	0.205775	0.192575	-0.214798	0.957485
0.979054	-0.022415	-0.202363	0.064852	0.976485	0.205599	0.192996	-0.214416	0.957485
0.979259	-0.022566	-0.201351	0.064520	0.976775	0.204321	0.192064	-0.213074	0.957972
0.979388	-0.022869	-0.200687	0.064721	0.976714	0.204548	0.191336	-0.213321	0.958063
0.979543	-0.023322	-0.199880	0.065137	0.976535	0.205273	0.190402	-0.214093	0.958077
0.979637	-0.024639	-0.199257	0.066281	0.976490	0.205119	0.189519	-0.214149	0.958239
0.979741	-0.026795	-0.198471	0.068098	0.976532	0.204325	0.188338	-0.213700	0.958572
0.979854	-0.029002	-0.197597	0.069986	0.976525	0.203718	0.187050	-0.213442	0.958882
0.979971	-0.030507	-0.196789	0.071254	0.976488	0.203454	0.185955	-0.213401	0.959104
0.979969	-0.030359	-0.196821	0.071157	0.976449	0.203677	0.186003	-0.213603	0.959050
0.979824	-0.029209	-0.197718	0.070246	0.976477	0.203858	0.187113	-0.213634	0.958827
