0.972592	-0.145469	-0.181395	0.190326	0.946203	0.261677	0.133571	-0.289029	0.947956
0.974738	-0.138159	-0.175494	0.181459	0.947976	0.261563	0.130227	-0.286800	0.949098
0.975179	-0.136810	-0.174093	0.179608	0.948584	0.260631	0.129485	-0.285431	0.949612
0.975412	-0.135838	-0.173547	0.178369	0.949087	0.259651	0.129441	-0.284222	0.949980
0.975539	-0.135215	-0.173320	0.177616	0.949392	0.259050	0.129522	-0.283498	0.950186
0.975487	-0.134997	-0.173786	0.177491	0.949511	0.258699	0.130088	-0.283203	0.950196
0.975456	-0.134917	-0.174020	0.177480	0.949514	0.258695	0.130332	-0.283231	0.950155
0.975503	-0.134114	-0.174377	0.176787	0.949675	0.258581	0.130922	-0.283074	0.950120
0.975591	-0.132554	-0.175077	0.175432	0.950000	0.258310	0.132083	-0.282719	0.950065
0.975592	-0.129861	-0.177077	0.173412	0.950327	0.258471	0.134716	-0.282870	0.949651
0.975500	-0.127596	-0.179218	0.171861	0.950545	0.258704	0.137345	-0.283167	0.949185
0.974933	-0.126225	-0.183227	0.171835	0.950287	0.259667	0.141342	-0.284643	0.948157
0.974704	-0.126762	-0.184077	0.172767	0.949826	0.260733	0.141790	-0.285940	0.947699
0.974273	-0.131890	-0.182749	0.177358	0.949007	0.260634	0.139055	-0.286341	0.947983
0.973983	-0.133614	-0.183045	0.179058	0.948810	0.260186	0.138911	-0.286193	0.948049
0.973860	-0.134866	-0.182779	0.180178	0.948641	0.260029	0.138323	-0.286165	0.948144
0.973707	-0.136379	-0.182472	0.181537	0.948428	0.259864	0.137621	-0.286157	0.948248
0.973503	-0.137924	-0.182398	0.183025	0.948131	0.259902	0.137091	-0.286399	0.948252
0.973368	-0.138802	-0.182451	0.183935	0.947881	0.260174	0.136829	-0.286804	0.948167
