0.974234	0.010493	-0.225297	0.030702	0.983449	0.178562	0.223442	-0.180878	0.957787
0.974154	0.010383	-0.225647	0.030864	0.983456	0.178496	0.223768	-0.180847	0.957717
0.974121	0.010179	-0.225800	0.031171	0.983390	0.178808	0.223869	-0.181219	0.957623
0.974147	0.010713	-0.225663	0.030682	0.983346	0.179135	0.223824	-0.181428	0.957594
0.974059	0.012020	-0.225974	0.029434	0.983375	0.179184	0.224371	-0.181187	0.957512
0.973993	0.013160	-0.226195	0.028317	0.983415	0.179146	0.224801	-0.180893	0.957467
0.974021	0.013528	-0.226051	0.027919	0.983425	0.179154	0.224728	-0.180811	0.957499
0.974108	0.013429	-0.225682	0.028013	0.983372	0.179427	0.224339	-0.181103	0.957535
0.974117	0.012817	-0.225680	0.028609	0.983372	0.179337	0.224226	-0.181151	0.957552
0.974214	0.011360	-0.225340	0.029951	0.983382	0.179061	0.223629	-0.181193	0.957684
0.974258	0.010565	-0.225189	0.030716	0.983365	0.179026	0.223334	-0.181334	0.957726
0.974173	0.011217	-0.225525	0.030142	0.983368	0.179108	0.223783	-0.181280	0.957632
0.974078	0.012331	-0.225878	0.029112	0.983378	0.179223	0.224333	-0.181153	0.957527
0.974031	0.013096	-0.226035	0.028428	0.983352	0.179476	0.224622	-0.181241	0.957443
0.974030	0.013067	-0.226040	0.028509	0.983310	0.179693	0.224616	-0.181470	0.957401
0.974077	0.012794	-0.225856	0.028742	0.983309	0.179658	0.224385	-0.181492	0.957451
0.974180	0.012364	-0.225434	0.029103	0.983292	0.179694	0.223889	-0.181615	0.957543
0.974277	0.011368	-0.225066	0.029942	0.983342	0.179283	0.223354	-0.181410	0.957707
0.974418	0.010129	-0.224515	0.031066	0.983324	0.179191	0.222586	-0.181582	0.957854
0.974439	0.009813	-0.224440	0.031337	0.983341	0.179048	0.222458	-0.181504	0.957898
0.974317	0.011855	-0.224868	0.029439	0.983336	0.179396	0.223247	-0.181409	0.957732
0.974587	0.010749	-0.223753	0.030355	0.983298	0.179451	0.221944	-0.181683	0.957983
0.974860	0.008717	-0.222646	0.032098	0.983318	0.179040	0.220492	-0.181685	0.958318
