0.945289	0.181193	-0.271290	-0.068638	0.923428	0.377585	0.318932	-0.338306	0.885343
0.945280	0.181199	-0.271316	-0.068508	0.923293	0.377938	0.318986	-0.338670	0.885184
0.945302	0.181206	-0.271234	-0.068567	0.923313	0.377877	0.318908	-0.338610	0.885235
0.945343	0.181156	-0.271125	-0.068424	0.923169	0.378254	0.318817	-0.339029	0.885107
0.945582	0.180692	-0.270601	-0.068383	0.923419	0.377651	0.318117	-0.338596	0.885525
0.945438	0.180471	-0.271250	-0.068227	0.923774	0.376812	0.318577	-0.337746	0.885684
0.945523	0.179415	-0.271656	-0.067883	0.924748	0.374476	0.318400	-0.335634	0.886550
0.945553	0.179431	-0.271540	-0.068061	0.924870	0.374144	0.318273	-0.335292	0.886725
0.945673	0.179273	-0.271227	-0.068946	0.925843	0.371566	0.317725	-0.332679	0.887905
0.945753	0.178881	-0.271206	-0.069694	0.927045	0.368417	0.317323	-0.329530	0.889222
0.945756	0.178464	-0.271471	-0.071251	0.929205	0.362631	0.316969	-0.323618	0.891517
0.945872	0.178002	-0.271371	-0.073704	0.932137	0.354526	0.316061	-0.315335	0.894801
0.946380	0.177257	-0.270084	-0.076459	0.935172	0.345844	0.313878	-0.306650	0.898580
0.946916	0.176375	-0.268777	-0.078506	0.937615	0.338695	0.311747	-0.299615	0.901690
0.947264	0.175454	-0.268155	-0.078974	0.938802	0.335281	0.310571	-0.296422	0.903150
0.947265	0.174966	-0.268469	-0.078539	0.938996	0.334841	0.310677	-0.296098	0.903220
0.947350	0.174842	-0.268249	-0.078279	0.938801	0.335448	0.310483	-0.296788	0.903060
0.947318	0.174688	-0.268465	-0.077783	0.938558	0.336243	0.310708	-0.297647	0.902700
0.947375	0.174530	-0.268364	-0.077362	0.938283	0.337106	0.310636	-0.298604	0.902408
0.947428	0.175351	-0.267643	-0.078108	0.937903	0.337990	0.310290	-0.299316	0.902292
0.947460	0.176037	-0.267078	-0.079007	0.937864	0.337890	0.309964	-0.299036	0.902496
