0.873798	0.392051	-0.287702	-0.274893	0.886256	0.372806	0.401137	-0.246670	0.882181
0.873724	0.391969	-0.288041	-0.274698	0.886302	0.372840	0.401432	-0.246635	0.882056
0.873754	0.391939	-0.287988	-0.274536	0.886217	0.373160	0.401476	-0.246987	0.881938
0.874120	0.391767	-0.287110	-0.274375	0.886047	0.373683	0.400790	-0.247868	0.882003
0.874456	0.391529	-0.286411	-0.274467	0.886144	0.373386	0.399993	-0.247899	0.882356
0.874330	0.391986	-0.286172	-0.274789	0.885849	0.373847	0.400048	-0.248229	0.882238
0.874246	0.392571	-0.285625	-0.275451	0.885564	0.374037	0.399775	-0.248325	0.882335
0.874345	0.392479	-0.285448	-0.275295	0.885506	0.374288	0.399666	-0.248674	0.882286
0.874395	0.392394	-0.285413	-0.275256	0.885553	0.374205	0.399584	-0.248642	0.882332
0.874476	0.392214	-0.285410	-0.275117	0.885636	0.374111	0.399501	-0.248630	0.882373
0.874427	0.392268	-0.285488	-0.275187	0.885650	0.374028	0.399562	-0.248497	0.882383
0.874414	0.392386	-0.285365	-0.275332	0.885595	0.374051	0.399491	-0.248505	0.882413
0.874457	0.392368	-0.285258	-0.275357	0.885599	0.374022	0.399378	-0.248519	0.882460
0.874408	0.392390	-0.285378	-0.275458	0.885673	0.373772	0.399416	-0.248220	0.882527
0.874427	0.392398	-0.285310	-0.275518	0.885684	0.373701	0.399334	-0.248166	0.882579
0.874507	0.392251	-0.285265	-0.275349	0.885707	0.373774	0.399274	-0.248321	0.882563
0.874582	0.392186	-0.285127	-0.275228	0.885656	0.373982	0.399195	-0.248603	0.882519
0.874706	0.392004	-0.284996	-0.275099	0.885713	0.373943	0.399011	-0.248688	0.882578
0.874790	0.391387	-0.285585	-0.274467	0.886059	0.373587	0.399262	-0.248426	0.882538
0.874835	0.391063	-0.285890	-0.274331	0.886361	0.372970	0.399256	-0.247859	0.882701
0.874798	0.391208	-0.285806	-0.274511	0.886313	0.372952	0.399215	-0.247800	0.882736
0.874648	0.391628	-0.285691	-0.274929	0.886147	0.373039	0.399257	-0.247733	0.882736
0.874393	0.392011	-0.285945	-0.275298	0.886081	0.372923	0.399560	-0.247361	0.882703
