0.956784	0.004959	-0.290759	0.100738	0.932293	0.347392	0.272795	-0.361670	0.891503
0.956767	0.005102	-0.290810	0.100656	0.932256	0.347515	0.272883	-0.361763	0.891439
0.956779	0.005283	-0.290769	0.100537	0.932180	0.347753	0.272886	-0.361956	0.891359
0.956741	0.005388	-0.290891	0.100549	0.932098	0.347971	0.273013	-0.362167	0.891235
0.956863	0.005641	-0.290485	0.100228	0.932027	0.348252	0.272705	-0.362344	0.891257
0.956842	0.005603	-0.290555	0.100322	0.931982	0.348347	0.272744	-0.362462	0.891197
0.956675	0.005194	-0.291111	0.100784	0.932123	0.347836	0.273158	-0.362106	0.891215
0.956584	0.004852	-0.291417	0.101046	0.932328	0.347210	0.273380	-0.361582	0.891359
0.956517	0.004903	-0.291634	0.101087	0.932317	0.347228	0.273598	-0.361610	0.891281
0.956422	0.005423	-0.291938	0.100791	0.932240	0.347518	0.274040	-0.361799	0.891069
0.956313	0.006235	-0.292279	0.100218	0.932200	0.347791	0.274631	-0.361889	0.890850
0.956020	0.007436	-0.293208	0.099456	0.932233	0.347923	0.275926	-0.361783	0.890493
0.955662	0.008657	-0.294337	0.098772	0.932233	0.348116	0.277404	-0.361754	0.890045
0.955344	0.009575	-0.295340	0.098298	0.932256	0.348191	0.278667	-0.361674	0.889684
0.955166	0.010065	-0.295898	0.097940	0.932413	0.347869	0.279401	-0.361253	0.889624
0.955076	0.010047	-0.296190	0.098056	0.932422	0.347814	0.279669	-0.361232	0.889548
0.954972	0.009991	-0.296528	0.098324	0.932300	0.348065	0.279931	-0.361548	0.889338
0.955067	0.008896	-0.296257	0.099181	0.932333	0.347734	0.279304	-0.361492	0.889557
0.955460	0.008811	-0.294990	0.098898	0.932200	0.348170	0.278058	-0.361836	0.889808
0.956013	0.008868	-0.293190	0.098562	0.931714	0.349563	0.276269	-0.363084	0.889857
0.956225	0.009533	-0.292476	0.097737	0.931671	0.349910	0.275827	-0.363179	0.889955
0.956461	0.010039	-0.291688	0.097039	0.931612	0.350261	0.275257	-0.363317	0.890076
