0.976247	0.016197	-0.216053	0.071034	0.918154	0.389803	0.204684	-0.395892	0.895195
0.976268	0.016337	-0.215948	0.070776	0.918329	0.389439	0.204674	-0.395481	0.895379
0.976307	0.016266	-0.215778	0.070615	0.918632	0.388753	0.204544	-0.394779	0.895718
0.976363	0.016649	-0.215493	0.070042	0.918852	0.388335	0.204472	-0.394250	0.895968
0.976430	0.016637	-0.215191	0.069964	0.918789	0.388499	0.204179	-0.394398	0.895970
0.976568	0.016520	-0.214574	0.069810	0.918818	0.388458	0.203571	-0.394335	0.896135
0.976435	0.015938	-0.215223	0.070511	0.918979	0.387951	0.203968	-0.393984	0.896199
0.976372	0.015311	-0.215552	0.071169	0.919055	0.387649	0.204039	-0.393831	0.896251
0.976464	0.014838	-0.215170	0.071435	0.919074	0.387557	0.203507	-0.393806	0.896382
0.976574	0.014372	-0.214699	0.071645	0.919120	0.387409	0.202902	-0.393716	0.896559
0.976672	0.014565	-0.214240	0.071178	0.919335	0.386984	0.202595	-0.393205	0.896853
0.976754	0.014535	-0.213872	0.070976	0.919496	0.386638	0.202274	-0.392830	0.897090
0.976855	0.014115	-0.213439	0.071103	0.919654	0.386239	0.201741	-0.392476	0.897365
0.976984	0.014237	-0.212837	0.070699	0.919765	0.386050	0.201256	-0.392212	0.897589
0.977098	0.014317	-0.212307	0.070385	0.919827	0.385959	0.200811	-0.392063	0.897754
0.977154	0.013747	-0.212086	0.070771	0.919909	0.385693	0.200402	-0.391891	0.897920
0.977165	0.013449	-0.212055	0.071045	0.919877	0.385720	0.200252	-0.391977	0.897916
0.977136	0.013317	-0.212199	0.071199	0.919920	0.385588	0.200341	-0.391881	0.897938
0.977147	0.012561	-0.212194	0.071824	0.920031	0.385208	0.200064	-0.391645	0.898103
0.977140	0.012414	-0.212232	0.071964	0.920046	0.385146	0.200044	-0.391614	0.898121
0.977143	0.012221	-0.212233	0.072187	0.919949	0.385334	0.199953	-0.391846	0.898040
0.977160	0.011673	-0.212186	0.072705	0.919870	0.385426	0.199683	-0.392050	0.898011
0.977149	0.011572	-0.212241	0.072817	0.919870	0.385404	0.199694	-0.392051	0.898008
