0.997620	-0.030934	0.061629	0.025582	0.995983	0.085813	-0.064036	-0.084032	0.994403
0.997634	-0.030446	0.061645	0.025058	0.995949	0.086359	-0.064024	-0.084610	0.994355
0.997650	-0.029817	0.061685	0.024437	0.995978	0.086205	-0.064008	-0.084495	0.994366
0.997623	-0.029704	0.062183	0.024316	0.996026	0.085680	-0.064480	-0.083965	0.994380
0.997587	-0.029581	0.062805	0.024152	0.996044	0.085517	-0.065086	-0.083794	0.994355
0.997606	-0.029232	0.062674	0.023790	0.996020	0.085897	-0.064936	-0.084200	0.994331
0.997599	-0.029589	0.062622	0.024156	0.996020	0.085796	-0.064911	-0.084078	0.994343
0.997634	-0.029652	0.062021	0.024317	0.996077	0.085084	-0.064300	-0.083375	0.994442
0.997679	-0.029655	0.061294	0.024405	0.996109	0.084689	-0.063567	-0.082996	0.994520
0.997863	-0.027820	0.059126	0.022748	0.996140	0.084784	-0.061257	-0.083258	0.994644
0.998011	-0.025886	0.057480	0.020915	0.996122	0.085455	-0.059470	-0.084083	0.994683
0.998115	-0.024227	0.056387	0.019336	0.996131	0.085730	-0.058246	-0.084479	0.994721
0.998225	-0.022219	0.055248	0.017422	0.996157	0.085837	-0.056943	-0.084722	0.994776
0.998264	-0.021374	0.054887	0.016608	0.996169	0.085855	-0.056512	-0.084794	0.994795
0.998275	-0.021400	0.054664	0.016661	0.996179	0.085726	-0.056290	-0.084667	0.994818
0.998219	-0.022326	0.055325	0.017553	0.996201	0.085296	-0.057019	-0.084173	0.994818
0.998118	-0.023386	0.056687	0.018536	0.996240	0.084635	-0.058453	-0.083425	0.994798
0.997968	-0.024761	0.058712	0.019758	0.996244	0.084311	-0.060579	-0.082980	0.994708
0.997781	-0.026517	0.061067	0.021296	0.996186	0.084613	-0.063078	-0.083124	0.994541
0.997648	-0.028198	0.062484	0.022786	0.996060	0.085707	-0.064654	-0.084082	0.994359
0.997628	-0.028815	0.062512	0.023324	0.995947	0.086865	-0.064761	-0.085201	0.994257
0.997669	-0.029370	0.061595	0.023936	0.995906	0.087168	-0.063903	-0.085491	0.994288
0.997680	-0.029409	0.061397	0.024015	0.995935	0.086811	-0.063701	-0.085135	0.994331
