0.639751	-0.767538	-0.040059	0.767092	0.634399	0.095430	-0.047833	-0.091780	0.994630
0.639666	-0.767610	-0.040029	0.767154	0.634302	0.095581	-0.047978	-0.091848	0.994617
0.640069	-0.767304	-0.039447	0.766787	0.634712	0.095801	-0.048471	-0.091567	0.994619
0.640709	-0.766795	-0.038961	0.766237	0.635374	0.095813	-0.048714	-0.091241	0.994637
0.640877	-0.766660	-0.038838	0.766098	0.635560	0.095693	-0.048680	-0.091081	0.994653
0.641275	-0.766359	-0.038229	0.765764	0.636025	0.095274	-0.048700	-0.090371	0.994717
0.641604	-0.766109	-0.037701	0.765473	0.636385	0.095209	-0.048948	-0.089945	0.994743
0.641083	-0.766576	-0.037069	0.765906	0.635945	0.094667	-0.048995	-0.089081	0.994819
0.640142	-0.767405	-0.036155	0.766681	0.635111	0.093990	-0.049166	-0.087886	0.994916
0.639110	-0.768310	-0.035204	0.767527	0.634180	0.093367	-0.049409	-0.086692	0.995009
0.637951	-0.769323	-0.034086	0.768489	0.633170	0.092300	-0.049427	-0.085078	0.995148
0.637879	-0.769340	-0.035003	0.768591	0.633064	0.092178	-0.048758	-0.085701	0.995127
0.637724	-0.769436	-0.035735	0.768707	0.632800	0.093027	-0.048965	-0.086795	0.995022
0.637780	-0.769347	-0.036644	0.768669	0.632758	0.093626	-0.048845	-0.087880	0.994933
0.638123	-0.769026	-0.037385	0.768393	0.633023	0.094093	-0.048695	-0.088770	0.994861
0.638295	-0.768866	-0.037744	0.768268	0.633181	0.094057	-0.048418	-0.089034	0.994851
0.638831	-0.768381	-0.038550	0.767857	0.633676	0.094074	-0.047856	-0.089698	0.994819
0.638887	-0.768337	-0.038478	0.767808	0.633737	0.094064	-0.047888	-0.089640	0.994822
0.639090	-0.768179	-0.038280	0.767633	0.633947	0.094083	-0.048005	-0.089512	0.994828
0.639385	-0.767965	-0.037643	0.767364	0.634275	0.094062	-0.048360	-0.089028	0.994854
