0.924857	-0.369571	0.089762	0.367082	0.929174	0.043424	-0.099453	-0.007211	0.995016
0.925015	-0.369419	0.088751	0.367018	0.929238	0.042606	-0.098210	-0.006838	0.995142
0.924907	-0.369851	0.088079	0.367870	0.929086	0.038344	-0.096014	-0.003063	0.995375
0.925610	-0.368602	0.085906	0.367484	0.929576	0.029061	-0.090568	0.004669	0.995879
0.925373	-0.369559	0.084325	0.368540	0.929192	0.027918	-0.088671	0.005243	0.996047
0.925065	-0.370718	0.082600	0.369714	0.928733	0.027699	-0.086982	0.004915	0.996198
0.924365	-0.372819	0.080965	0.371746	0.927896	0.028521	-0.085761	0.003734	0.996309
0.923544	-0.375158	0.079519	0.373926	0.926960	0.030415	-0.085121	0.001645	0.996369
0.922982	-0.376686	0.078818	0.375311	0.926341	0.032155	-0.085125	-0.000098	0.996370
0.922669	-0.377607	0.078068	0.376174	0.925965	0.032873	-0.084702	-0.000964	0.996406
0.922326	-0.378525	0.077681	0.377078	0.925590	0.033082	-0.084424	-0.001221	0.996429
0.922226	-0.378622	0.078380	0.377186	0.925551	0.032963	-0.085025	-0.000836	0.996378
0.921593	-0.379715	0.080520	0.378478	0.925101	0.030711	-0.086151	0.002172	0.996280
0.918476	-0.386085	0.085678	0.384963	0.922447	0.029922	-0.090585	0.005500	0.995874
0.918520	-0.386310	0.084172	0.385207	0.922354	0.029637	-0.089086	0.005202	0.996010
0.918040	-0.387467	0.084094	0.386238	0.921875	0.031086	-0.089569	0.003942	0.995973
0.917386	-0.389169	0.083365	0.387716	0.921165	0.033627	-0.089880	0.001473	0.995952
0.917007	-0.390390	0.081818	0.388770	0.920649	0.035540	-0.089200	-0.000782	0.996013
0.916232	-0.392618	0.079806	0.391006	0.919700	0.035571	-0.087364	-0.001386	0.996176
0.914048	-0.398239	0.076949	0.396712	0.917281	0.034861	-0.084467	-0.001338	0.996425
0.911449	-0.404732	0.073837	0.403279	0.914434	0.034296	-0.081400	-0.001482	0.996680
0.909997	-0.408567	0.070565	0.407147	0.912726	0.034113	-0.078344	-0.002312	0.996924
