0.922311	-0.379267	0.074157	0.378218	0.925285	0.028250	-0.079331	0.001992	0.996846
0.922969	-0.378140	0.071685	0.376884	0.925747	0.030828	-0.078020	-0.001436	0.996951
0.923857	-0.376342	0.069679	0.374864	0.926467	0.033692	-0.077235	-0.005007	0.997000
0.924747	-0.374386	0.068397	0.372663	0.927233	0.036903	-0.077236	-0.008637	0.996975
0.925239	-0.373461	0.066785	0.371176	0.927504	0.044327	-0.078497	-0.016224	0.996782
0.924954	-0.374256	0.066281	0.371796	0.927140	0.046670	-0.078918	-0.018525	0.996709
0.924755	-0.374773	0.066130	0.372288	0.926924	0.047040	-0.078927	-0.018881	0.996702
0.924459	-0.375585	0.065655	0.373100	0.926591	0.047180	-0.078556	-0.019120	0.996726
0.923612	-0.377748	0.065177	0.375281	0.925712	0.047130	-0.078138	-0.019070	0.996760
0.922730	-0.380025	0.064425	0.377571	0.924776	0.047225	-0.077525	-0.019251	0.996805
0.921897	-0.382157	0.063737	0.379687	0.923887	0.047651	-0.077096	-0.019729	0.996828
0.921195	-0.383671	0.064786	0.381160	0.923264	0.047966	-0.078218	-0.019493	0.996746
0.920605	-0.384999	0.065289	0.382475	0.922716	0.048046	-0.078741	-0.019259	0.996709
0.920045	-0.386281	0.065606	0.383809	0.922198	0.047340	-0.078789	-0.018375	0.996722
0.919329	-0.387887	0.066164	0.385490	0.921549	0.046309	-0.078936	-0.017068	0.996734
0.918688	-0.389254	0.067034	0.386891	0.920990	0.045746	-0.079545	-0.016091	0.996701
0.917935	-0.390930	0.067590	0.388589	0.920291	0.045422	-0.079959	-0.015430	0.996679
0.916719	-0.393702	0.068012	0.391387	0.919120	0.045111	-0.080271	-0.014735	0.996664
0.914235	-0.399003	0.070513	0.396621	0.916846	0.045660	-0.082868	-0.013777	0.996465
0.913529	-0.400530	0.071001	0.398158	0.916187	0.045510	-0.083278	-0.013305	0.996437
0.913861	-0.399935	0.070079	0.397604	0.916446	0.045143	-0.082278	-0.013391	0.996519
0.915051	-0.397624	0.067644	0.395324	0.917433	0.045122	-0.080001	-0.014548	0.996689
