0.897897	-0.431204	0.088562	0.426202	0.901900	0.070205	-0.110147	-0.025292	0.993593
0.896714	-0.433480	0.089440	0.428095	0.900740	0.073502	-0.112424	-0.027621	0.993276
0.895118	-0.436271	0.091823	0.429919	0.899199	0.081312	-0.118041	-0.033308	0.992450
0.894259	-0.437698	0.093388	0.430856	0.898411	0.084981	-0.121096	-0.035758	0.991996
0.893594	-0.438947	0.093887	0.431908	0.897762	0.086480	-0.122248	-0.036727	0.991820
0.893063	-0.440004	0.093991	0.433188	0.897317	0.084671	-0.121596	-0.034901	0.991966
0.892549	-0.441133	0.093582	0.434563	0.896826	0.082814	-0.120459	-0.033248	0.992161
0.891849	-0.442833	0.092215	0.436319	0.895974	0.082809	-0.119292	-0.033618	0.992290
0.890472	-0.445675	0.091831	0.439244	0.894588	0.082328	-0.118842	-0.032974	0.992365
0.888785	-0.449244	0.090780	0.443001	0.892838	0.081178	-0.117521	-0.031934	0.992557
0.886077	-0.454687	0.090154	0.448591	0.890122	0.080307	-0.116763	-0.030715	0.992685
0.882563	-0.461526	0.089865	0.455523	0.886634	0.079865	-0.116537	-0.029550	0.992747
0.879945	-0.467035	0.087039	0.460938	0.883670	0.081624	-0.115035	-0.031705	0.992855
0.877839	-0.471482	0.084282	0.465059	0.881150	0.085413	-0.114536	-0.035782	0.992774
0.877978	-0.471810	0.080930	0.464983	0.880725	0.090080	-0.113777	-0.041457	0.992641
0.884446	-0.460833	0.073409	0.454330	0.886286	0.089899	-0.106489	-0.046159	0.993242
0.889832	-0.450756	0.070840	0.444407	0.891351	0.089415	-0.103447	-0.048082	0.993472
0.894639	-0.441625	0.067730	0.435820	0.895974	0.085391	-0.098395	-0.046876	0.994043
0.900519	-0.430362	0.062088	0.424994	0.901335	0.083520	-0.091905	-0.048824	0.994570
0.904420	-0.422203	0.061389	0.417004	0.905201	0.081969	-0.090177	-0.048535	0.994742
0.906050	-0.418600	0.062035	0.413630	0.907007	0.079046	-0.089355	-0.045960	0.994939
0.906194	-0.417795	0.065268	0.412927	0.907560	0.076335	-0.091127	-0.042224	0.994944
