0.645458	-0.763796	0.000230	0.762395	0.644292	0.060350	-0.046243	-0.038778	0.998177
0.644922	-0.764248	0.001115	0.762795	0.643784	0.060720	-0.047122	-0.038309	0.998154
0.644190	-0.764863	0.001983	0.763340	0.643066	0.061461	-0.048285	-0.038079	0.998107
0.640560	-0.767902	0.002986	0.766231	0.639414	0.063553	-0.050712	-0.038421	0.997974
0.637654	-0.770320	0.002390	0.768634	0.636457	0.064223	-0.050993	-0.039115	0.997933
0.635130	-0.772403	0.001824	0.770739	0.633913	0.064144	-0.050701	-0.039334	0.997939
0.632958	-0.774186	0.000327	0.772678	0.631751	0.062121	-0.048300	-0.039067	0.998069
0.632884	-0.774247	0.000215	0.772802	0.631719	0.060896	-0.047285	-0.038374	0.998144
0.633129	-0.774045	0.000971	0.772607	0.632028	0.060155	-0.047177	-0.037335	0.998189
0.633436	-0.773793	0.001942	0.772301	0.632366	0.060530	-0.048066	-0.036843	0.998164
0.633573	-0.773675	0.003450	0.772112	0.632564	0.060871	-0.049277	-0.035903	0.998140
0.634226	-0.773136	0.004378	0.771548	0.633267	0.060715	-0.049713	-0.035130	0.998146
0.635123	-0.772392	0.005377	0.770771	0.634212	0.060723	-0.050312	-0.034422	0.998140
0.636544	-0.771196	0.008287	0.769499	0.635791	0.060333	-0.051798	-0.032028	0.998144
0.637017	-0.770771	0.011029	0.768977	0.636402	0.060552	-0.053691	-0.030091	0.998104
0.636547	-0.771109	0.014104	0.769247	0.636110	0.060189	-0.055384	-0.027464	0.998087
0.636518	-0.771122	0.014700	0.769296	0.636140	0.059236	-0.055029	-0.026396	0.998136
0.636864	-0.770865	0.013086	0.769101	0.636406	0.058915	-0.053744	-0.027457	0.998177
0.636928	-0.770849	0.010656	0.769149	0.636339	0.059007	-0.052267	-0.029387	0.998201
0.635370	-0.772171	0.007518	0.770518	0.634594	0.059940	-0.051055	-0.032291	0.998174
0.635069	-0.772426	0.006789	0.770753	0.634227	0.060790	-0.051262	-0.033374	0.998127
