0.690936	-0.719441	0.070796	0.718278	0.694279	0.045316	-0.081754	0.019541	0.996461
0.690925	-0.719528	0.070014	0.718339	0.694207	0.045460	-0.081314	0.018884	0.996510
0.691975	-0.718620	0.068957	0.717320	0.695188	0.046529	-0.081374	0.017267	0.996534
0.693414	-0.717311	0.068138	0.715902	0.696575	0.047619	-0.081621	0.015760	0.996539
0.694391	-0.716395	0.067816	0.714912	0.697536	0.048418	-0.081991	0.014862	0.996522
0.693753	-0.717171	0.066126	0.715594	0.696774	0.049312	-0.081440	0.013109	0.996592
0.693650	-0.717338	0.065388	0.715744	0.696612	0.049416	-0.080998	0.012523	0.996636
0.693960	-0.717076	0.064966	0.715446	0.696892	0.049776	-0.080968	0.011938	0.996645
0.693952	-0.717116	0.064619	0.715460	0.696859	0.050040	-0.080915	0.011507	0.996655
0.693819	-0.717246	0.064600	0.715577	0.696727	0.050222	-0.081030	0.011381	0.996647
0.693862	-0.717269	0.063874	0.715549	0.696717	0.050742	-0.080898	0.010497	0.996667
0.693803	-0.717371	0.063378	0.715569	0.696627	0.051693	-0.081233	0.009486	0.996650
0.693686	-0.717525	0.062909	0.715743	0.696470	0.051401	-0.080696	0.009370	0.996695
0.693415	-0.717822	0.062519	0.716079	0.696163	0.050878	-0.080045	0.009489	0.996746
0.693250	-0.718011	0.062162	0.716310	0.695965	0.050326	-0.079397	0.009639	0.996796
0.693449	-0.717851	0.061795	0.716191	0.696129	0.049749	-0.078730	0.009759	0.996848
0.693818	-0.717548	0.061164	0.715930	0.696441	0.049133	-0.077852	0.009700	0.996918
0.694378	-0.717001	0.061228	0.715450	0.696996	0.048253	-0.077273	0.010300	0.996957
0.695621	-0.715857	0.060497	0.714343	0.698174	0.047618	-0.076325	0.010092	0.997032
0.696760	-0.714894	0.058757	0.713392	0.699175	0.047184	-0.074813	0.009041	0.997157
0.697023	-0.714634	0.058795	0.713167	0.699436	0.046720	-0.074511	0.009365	0.997176
0.698188	-0.713554	0.058091	0.712159	0.700536	0.045593	-0.073228	0.009538	0.997270
0.699623	-0.712166	0.057858	0.710865	0.701937	0.044222	-0.072106	0.010191	0.997345
0.700411	-0.711338	0.058494	0.710113	0.702760	0.043233	-0.071861	0.011256	0.997351
