0.577714	-0.809375	0.105640	0.807309	0.585680	0.072332	-0.120415	0.043497	0.991770
0.577965	-0.809138	0.106076	0.807099	0.585979	0.072247	-0.120616	0.043858	0.991730
0.577472	-0.809489	0.106079	0.807466	0.585485	0.072158	-0.120519	0.043986	0.991736
0.577568	-0.809469	0.105710	0.807311	0.585578	0.073124	-0.121093	0.043107	0.991705
0.577998	-0.809287	0.104755	0.807028	0.585910	0.073584	-0.120927	0.042009	0.991772
0.578085	-0.809240	0.104631	0.806964	0.585986	0.073687	-0.120943	0.041836	0.991777
0.578003	-0.809312	0.104535	0.806975	0.585912	0.074149	-0.121258	0.041499	0.991753
0.578115	-0.809194	0.104824	0.806845	0.586067	0.074344	-0.121592	0.041597	0.991708
0.578422	-0.808982	0.104767	0.806697	0.586342	0.073777	-0.121113	0.041841	0.991756
0.578449	-0.808982	0.104617	0.806736	0.586335	0.073401	-0.120720	0.041940	0.991800
0.578215	-0.809170	0.104459	0.806949	0.586072	0.073155	-0.120415	0.041994	0.991835
0.577227	-0.809800	0.105035	0.807590	0.585165	0.073347	-0.120859	0.042488	0.991760
0.575288	-0.811036	0.106134	0.808790	0.583402	0.074172	-0.122075	0.043170	0.991582
0.573866	-0.811918	0.107087	0.809673	0.582120	0.074612	-0.122916	0.043889	0.991446
0.573390	-0.812168	0.107730	0.810038	0.581696	0.073951	-0.122727	0.044863	0.991426
0.573662	-0.812055	0.107135	0.809909	0.581889	0.073847	-0.122308	0.044406	0.991498
0.575291	-0.811061	0.105931	0.808761	0.583395	0.074539	-0.122256	0.042791	0.991576
0.575721	-0.810805	0.105550	0.808515	0.583767	0.074292	-0.121853	0.042568	0.991635
0.576242	-0.810455	0.105399	0.808189	0.584255	0.074005	-0.121558	0.042538	0.991672
0.576639	-0.810173	0.105387	0.807957	0.584631	0.073568	-0.121216	0.042726	0.991706
0.576282	-0.810479	0.104990	0.808244	0.584229	0.073611	-0.120998	0.042437	0.991745
0.575696	-0.810899	0.104965	0.808719	0.583623	0.073193	-0.120613	0.042750	0.991779
