0.777430	-0.602035	-0.182089	0.627338	0.763045	0.155593	0.045270	-0.235194	0.970894
0.777424	-0.602046	-0.182078	0.627342	0.763061	0.155499	0.045318	-0.235114	0.970911
0.777351	-0.602153	-0.182036	0.627435	0.762995	0.155450	0.045288	-0.235055	0.970927
0.777397	-0.602086	-0.182060	0.627375	0.763044	0.155452	0.045324	-0.235068	0.970922
0.777493	-0.601983	-0.181993	0.627253	0.763161	0.155365	0.045363	-0.234951	0.970948
0.777534	-0.601952	-0.181918	0.627213	0.763165	0.155509	0.045225	-0.235015	0.970939
0.777511	-0.601949	-0.182027	0.627241	0.763114	0.155645	0.045217	-0.235190	0.970897
0.777407	-0.602032	-0.182198	0.627367	0.762994	0.155729	0.045262	-0.235369	0.970851
0.777212	-0.602255	-0.182293	0.627597	0.762854	0.155483	0.045422	-0.235250	0.970873
0.777177	-0.602274	-0.182379	0.627634	0.762834	0.155433	0.045512	-0.235266	0.970865
0.777285	-0.602174	-0.182247	0.627521	0.762859	0.155768	0.045230	-0.235440	0.970836
0.777425	-0.602098	-0.181903	0.627373	0.762939	0.155969	0.044872	-0.235375	0.970868
0.777500	-0.602023	-0.181829	0.627280	0.763024	0.155928	0.044867	-0.235292	0.970888
0.777207	-0.602399	-0.181837	0.627620	0.762881	0.155261	0.045191	-0.234794	0.970994
0.777377	-0.602240	-0.181637	0.627437	0.762943	0.155694	0.044813	-0.234998	0.970962
0.777333	-0.602213	-0.181914	0.627463	0.762981	0.155405	0.045210	-0.234946	0.970956
0.777063	-0.602538	-0.181995	0.627802	0.762696	0.155436	0.045151	-0.235040	0.970936
0.777051	-0.602586	-0.181885	0.627826	0.762666	0.155485	0.045025	-0.235011	0.970949
0.777382	-0.602203	-0.181735	0.627417	0.762988	0.155552	0.044988	-0.234947	0.970966
0.777513	-0.602081	-0.181582	0.627259	0.763125	0.155516	0.044937	-0.234815	0.971001
0.777440	-0.602188	-0.181540	0.627352	0.763059	0.155466	0.044906	-0.234755	0.971017
0.777487	-0.602121	-0.181564	0.627292	0.763109	0.155468	0.044943	-0.234768	0.971012
0.777379	-0.602246	-0.181609	0.627421	0.763023	0.155368	0.045002	-0.234725	0.971020
