0.974030	-0.133391	-0.182954	0.171247	0.962617	0.209863	0.148121	-0.235743	0.960461
0.973988	-0.133485	-0.183112	0.171365	0.962616	0.209774	0.148265	-0.235697	0.960450
0.973929	-0.133415	-0.183476	0.171357	0.962654	0.209606	0.148660	-0.235581	0.960418
0.973921	-0.133438	-0.183500	0.171358	0.962694	0.209422	0.148709	-0.235404	0.960453
0.973961	-0.133245	-0.183428	0.171141	0.962744	0.209366	0.148697	-0.235306	0.960479
0.974074	-0.132687	-0.183234	0.170563	0.962818	0.209499	0.148624	-0.235320	0.960487
0.974164	-0.132086	-0.183185	0.170034	0.962803	0.209998	0.148633	-0.235721	0.960387
0.974223	-0.131512	-0.183288	0.169516	0.962861	0.210151	0.148843	-0.235804	0.960334
0.974210	-0.131336	-0.183483	0.169391	0.962880	0.210163	0.149070	-0.235823	0.960294
0.974272	-0.131506	-0.183032	0.169497	0.962793	0.210477	0.148543	-0.236085	0.960312
0.974234	-0.131621	-0.183149	0.169648	0.962755	0.210528	0.148618	-0.236175	0.960278
0.974244	-0.131373	-0.183273	0.169521	0.962654	0.211092	0.148697	-0.236724	0.960131
0.974240	-0.131385	-0.183285	0.169521	0.962674	0.211000	0.148722	-0.236636	0.960149
0.974193	-0.131925	-0.183148	0.169965	0.962675	0.210638	0.148523	-0.236330	0.960254
0.974081	-0.132483	-0.183341	0.170543	0.962602	0.210505	0.148596	-0.236316	0.960247
0.974113	-0.132279	-0.183321	0.170367	0.962590	0.210702	0.148591	-0.236479	0.960207
0.974119	-0.131899	-0.183559	0.170107	0.962555	0.211073	0.148845	-0.236835	0.960080
0.974074	-0.132036	-0.183700	0.170332	0.962438	0.211426	0.148884	-0.237235	0.959976
0.974013	-0.132188	-0.183917	0.170525	0.962417	0.211363	0.149065	-0.237233	0.959948
0.973971	-0.132315	-0.184047	0.170676	0.962399	0.211323	0.149165	-0.237235	0.959932
0.973932	-0.132865	-0.183857	0.171152	0.962343	0.211192	0.148874	-0.237154	0.959997
0.973985	-0.132848	-0.183590	0.171060	0.962375	0.211124	0.148635	-0.237036	0.960063
0.974024	-0.132799	-0.183415	0.170976	0.962380	0.211169	0.148472	-0.237043	0.960087
