0.650546	-0.740605	-0.168209	0.759440	0.636242	0.135822	0.006431	-0.216103	0.976349
0.650448	-0.740699	-0.168173	0.759524	0.636154	0.135765	0.006423	-0.216040	0.976363
0.650281	-0.740723	-0.168712	0.759662	0.636045	0.135500	0.006941	-0.216277	0.976307
0.650044	-0.740878	-0.168949	0.759864	0.635827	0.135395	0.007111	-0.216391	0.976281
0.650042	-0.740846	-0.169093	0.759862	0.635902	0.135053	0.007473	-0.216277	0.976303
0.650319	-0.740615	-0.169038	0.759623	0.636206	0.134959	0.007591	-0.216172	0.976326
0.650547	-0.740422	-0.169006	0.759428	0.636422	0.135042	0.007571	-0.216199	0.976320
0.650591	-0.740348	-0.169166	0.759391	0.636418	0.135267	0.007516	-0.216467	0.976261
0.650290	-0.740561	-0.169385	0.759647	0.636137	0.135154	0.007662	-0.216563	0.976239
0.650002	-0.740783	-0.169522	0.759894	0.635844	0.135145	0.007677	-0.216663	0.976216
0.650058	-0.740796	-0.169254	0.759849	0.635860	0.135320	0.007377	-0.216573	0.976238
0.650028	-0.740789	-0.169399	0.759872	0.635897	0.135021	0.007699	-0.216489	0.976255
0.649727	-0.741063	-0.169353	0.760131	0.635555	0.135168	0.007465	-0.216553	0.976242
0.649729	-0.741094	-0.169209	0.760133	0.635480	0.135510	0.007103	-0.216666	0.976220
0.650001	-0.740905	-0.168991	0.759902	0.635723	0.135665	0.006917	-0.216599	0.976236
0.650101	-0.740860	-0.168802	0.759817	0.635828	0.135652	0.006830	-0.216446	0.976271
0.649901	-0.741029	-0.168834	0.759987	0.635651	0.135526	0.006891	-0.216390	0.976283
0.649959	-0.741011	-0.168687	0.759940	0.635652	0.135783	0.006610	-0.216445	0.976272
0.650133	-0.740838	-0.168779	0.759792	0.635776	0.136033	0.006528	-0.216677	0.976222
0.650024	-0.740984	-0.168560	0.759888	0.635640	0.136132	0.006272	-0.216576	0.976246
0.649948	-0.741016	-0.168706	0.759954	0.635497	0.136434	0.006113	-0.216884	0.976178
0.649890	-0.741016	-0.168933	0.760004	0.635403	0.136589	0.006126	-0.217158	0.976117
0.649603	-0.741287	-0.168846	0.760249	0.635127	0.136509	0.006046	-0.217042	0.976144
0.649363	-0.741532	-0.168696	0.760457	0.634863	0.136582	0.005819	-0.216977	0.976159
