0.727131	-0.663698	-0.175458	0.685886	0.713150	0.144836	0.029000	-0.225659	0.973775
0.727216	-0.663720	-0.175025	0.685800	0.713293	0.144540	0.028910	-0.225144	0.973896
0.726919	-0.664040	-0.175040	0.686099	0.713134	0.143905	0.029269	-0.224702	0.973988
0.726555	-0.664423	-0.175101	0.686486	0.712778	0.143820	0.029251	-0.224697	0.973989
0.726531	-0.664481	-0.174980	0.686513	0.712760	0.143777	0.029181	-0.224585	0.974018
0.726784	-0.664329	-0.174508	0.686249	0.713071	0.143500	0.029105	-0.224049	0.974143
0.727029	-0.664157	-0.174139	0.685989	0.713378	0.143216	0.029109	-0.223579	0.974251
0.727103	-0.664182	-0.173732	0.685921	0.713457	0.143151	0.028872	-0.223252	0.974333
0.727018	-0.664301	-0.173637	0.686002	0.713473	0.142680	0.029103	-0.222847	0.974419
0.727012	-0.664373	-0.173387	0.686008	0.713521	0.142412	0.029100	-0.222480	0.974503
0.726872	-0.664525	-0.173389	0.686146	0.713465	0.142025	0.029328	-0.222204	0.974559
0.726659	-0.664682	-0.173679	0.686354	0.713347	0.141615	0.029764	-0.222111	0.974567
0.726422	-0.664897	-0.173848	0.686588	0.713211	0.141163	0.030132	-0.221906	0.974602
0.726192	-0.665162	-0.173796	0.686820	0.713093	0.140629	0.030391	-0.221490	0.974689
0.726241	-0.665132	-0.173706	0.686744	0.713330	0.139796	0.030927	-0.220817	0.974825
0.726232	-0.665190	-0.173519	0.686741	0.713450	0.139196	0.031205	-0.220251	0.974944
0.726082	-0.665378	-0.173429	0.686898	0.713347	0.138952	0.031259	-0.220018	0.974995
0.726065	-0.665454	-0.173204	0.686922	0.713331	0.138915	0.031110	-0.219839	0.975040
0.725761	-0.665725	-0.173440	0.687222	0.713150	0.138359	0.031580	-0.219607	0.975077
0.725358	-0.666156	-0.173468	0.687644	0.712787	0.138131	0.031629	-0.219479	0.975104
0.725184	-0.666309	-0.173610	0.687826	0.712617	0.138107	0.031695	-0.219567	0.975083
0.725194	-0.666305	-0.173584	0.687808	0.712679	0.137875	0.031843	-0.219379	0.975120
0.725165	-0.666403	-0.173331	0.687841	0.712690	0.137651	0.031800	-0.219044	0.975197
