0.624479	-0.764239	-0.161136	0.781039	0.610536	0.131237	-0.001917	-0.207808	0.978168
0.623898	-0.764826	-0.160600	0.781503	0.610040	0.130783	-0.002053	-0.207105	0.978317
0.623707	-0.765128	-0.159901	0.781655	0.609876	0.130643	-0.002439	-0.206470	0.978450
0.623102	-0.765681	-0.159614	0.782136	0.609312	0.130392	-0.002584	-0.206087	0.978530
0.623501	-0.765308	-0.159846	0.781820	0.609780	0.130100	-0.002096	-0.206088	0.978531
0.623360	-0.765430	-0.159807	0.781933	0.609749	0.129566	-0.001732	-0.205725	0.978608
0.623106	-0.765667	-0.159663	0.782135	0.609475	0.129636	-0.001947	-0.205655	0.978623
0.623054	-0.765798	-0.159241	0.782176	0.609414	0.129674	-0.002261	-0.205349	0.978686
0.623050	-0.765826	-0.159118	0.782179	0.609428	0.129594	-0.002275	-0.205202	0.978717
0.622945	-0.765994	-0.158723	0.782261	0.609276	0.129809	-0.002727	-0.205027	0.978753
0.622925	-0.766026	-0.158645	0.782276	0.609226	0.129955	-0.002898	-0.205057	0.978746
0.622929	-0.765997	-0.158768	0.782273	0.609212	0.130036	-0.002884	-0.205203	0.978715
0.622741	-0.766177	-0.158640	0.782422	0.609004	0.130115	-0.003078	-0.205151	0.978725
0.622843	-0.766180	-0.158226	0.782340	0.609126	0.130036	-0.003251	-0.204779	0.978803
0.623045	-0.765980	-0.158397	0.782180	0.609309	0.130143	-0.003174	-0.204979	0.978761
0.623091	-0.765907	-0.158573	0.782144	0.609397	0.129943	-0.002890	-0.204993	0.978759
0.622891	-0.766029	-0.158764	0.782304	0.609273	0.129561	-0.002517	-0.204904	0.978779
0.622603	-0.766222	-0.158962	0.782534	0.609032	0.129306	-0.002264	-0.204899	0.978780
0.622395	-0.766385	-0.158994	0.782701	0.608846	0.129175	-0.002195	-0.204843	0.978792
0.622680	-0.766173	-0.158898	0.782473	0.609086	0.129419	-0.002375	-0.204920	0.978776
0.622970	-0.765903	-0.159060	0.782243	0.609387	0.129400	-0.002179	-0.205036	0.978752
0.622816	-0.765984	-0.159276	0.782366	0.609189	0.129586	-0.002231	-0.205320	0.978692
