0.559610	-0.814768	-0.151626	0.828655	0.547235	0.117751	-0.012964	-0.191540	0.981399
0.559706	-0.814704	-0.151613	0.828586	0.547274	0.118055	-0.013206	-0.191700	0.981365
0.559784	-0.814722	-0.151228	0.828523	0.547262	0.118551	-0.013825	-0.191659	0.981364
0.560037	-0.814658	-0.150638	0.828342	0.547445	0.118969	-0.014452	-0.191407	0.981404
0.560295	-0.814451	-0.150795	0.828174	0.547775	0.118617	-0.014006	-0.191345	0.981423
0.560048	-0.814568	-0.151083	0.828349	0.547592	0.118244	-0.013586	-0.191372	0.981424
0.559921	-0.814609	-0.151330	0.828434	0.547415	0.118468	-0.013664	-0.191700	0.981358
0.560446	-0.814240	-0.151373	0.828076	0.547894	0.118750	-0.013755	-0.191902	0.981318
0.560892	-0.813932	-0.151377	0.827774	0.548312	0.118929	-0.013798	-0.192012	0.981296
0.560770	-0.814008	-0.151421	0.827859	0.548221	0.118757	-0.013657	-0.191951	0.981310
0.560657	-0.814091	-0.151389	0.827935	0.548119	0.118694	-0.013648	-0.191886	0.981322
0.560730	-0.814021	-0.151499	0.827893	0.548275	0.118266	-0.013207	-0.191740	0.981357
0.560683	-0.814061	-0.151456	0.827927	0.548256	0.118121	-0.013121	-0.191623	0.981381
0.560725	-0.814048	-0.151374	0.827897	0.548287	0.118188	-0.013214	-0.191593	0.981385
0.560888	-0.813879	-0.151676	0.827786	0.548396	0.118459	-0.013233	-0.191997	0.981306
0.560882	-0.813827	-0.151977	0.827793	0.548395	0.118414	-0.013025	-0.192222	0.981265
0.560524	-0.814044	-0.152133	0.828041	0.548111	0.117993	-0.012666	-0.192110	0.981292
0.560309	-0.814139	-0.152415	0.828194	0.547969	0.117580	-0.012207	-0.192110	0.981297
0.560415	-0.814065	-0.152423	0.828123	0.548082	0.117551	-0.012154	-0.192103	0.981300
0.560633	-0.813908	-0.152464	0.827976	0.548296	0.117587	-0.012110	-0.192159	0.981289
0.560740	-0.813851	-0.152371	0.827903	0.548409	0.117573	-0.012125	-0.192077	0.981305
0.560708	-0.813952	-0.151950	0.827921	0.548380	0.117581	-0.012379	-0.191731	0.981369
0.560739	-0.814071	-0.151192	0.827895	0.548446	0.117460	-0.012700	-0.191036	0.981501
0.560490	-0.814171	-0.151581	0.828071	0.548263	0.117073	-0.012211	-0.191138	0.981487
0.559844	-0.814573	-0.151810	0.828507	0.547596	0.117106	-0.012261	-0.191337	0.981448
