0.938361	-0.299010	-0.173412	0.329920	0.924425	0.191288	0.103110	-0.236709	0.966094
0.938301	-0.299037	-0.173691	0.330009	0.924403	0.191240	0.103373	-0.236760	0.966053
0.938308	-0.298865	-0.173950	0.329919	0.924402	0.191401	0.103597	-0.236982	0.965975
0.938235	-0.298956	-0.174187	0.330072	0.924337	0.191450	0.103772	-0.237120	0.965922
0.938150	-0.299092	-0.174407	0.330259	0.924269	0.191455	0.103936	-0.237213	0.965881
0.938116	-0.299245	-0.174331	0.330392	0.924220	0.191464	0.103826	-0.237213	0.965894
0.938185	-0.299164	-0.174099	0.330241	0.924303	0.191321	0.103683	-0.236989	0.965964
0.938215	-0.299077	-0.174087	0.330110	0.924432	0.190927	0.103830	-0.236598	0.966044
0.937709	-0.300716	-0.173987	0.331666	0.923941	0.190604	0.103436	-0.236437	0.966126
0.937721	-0.301077	-0.173298	0.331890	0.923795	0.190924	0.102608	-0.236550	0.966186
0.937740	-0.301182	-0.173014	0.331967	0.923685	0.191322	0.102187	-0.236845	0.966158
0.937504	-0.301972	-0.172915	0.332721	0.923415	0.191316	0.101900	-0.236891	0.966177
0.937362	-0.302348	-0.173026	0.333110	0.923290	0.191240	0.101932	-0.236897	0.966173
0.937351	-0.302188	-0.173368	0.333058	0.923263	0.191463	0.102206	-0.237209	0.966067
0.937355	-0.301919	-0.173815	0.332971	0.923159	0.192115	0.102456	-0.237955	0.965857
0.937390	-0.301743	-0.173929	0.332895	0.923048	0.192776	0.102376	-0.238606	0.965705
0.937595	-0.300977	-0.174148	0.332157	0.923388	0.192424	0.102891	-0.238261	0.965736
0.937707	-0.300347	-0.174634	0.331668	0.923535	0.192560	0.103446	-0.238486	0.965621
0.937885	-0.299797	-0.174624	0.331116	0.923748	0.192486	0.103602	-0.238351	0.965637
0.937933	-0.299664	-0.174595	0.330977	0.923803	0.192464	0.103617	-0.238306	0.965647
0.937874	-0.299840	-0.174607	0.331151	0.923745	0.192442	0.103590	-0.238307	0.965649
0.937836	-0.299779	-0.174920	0.331171	0.923730	0.192483	0.103876	-0.238445	0.965585
