0.973119	-0.142199	-0.181159	0.179514	0.961109	0.209867	0.144271	-0.236747	0.960800
0.973167	-0.141850	-0.181175	0.179163	0.961189	0.209802	0.144383	-0.236633	0.960811
0.973123	-0.141911	-0.181362	0.179248	0.961203	0.209665	0.144571	-0.236538	0.960806
0.973022	-0.142455	-0.181481	0.179784	0.961147	0.209461	0.144591	-0.236437	0.960828
0.973059	-0.142517	-0.181234	0.179800	0.961123	0.209560	0.144322	-0.236500	0.960853
0.973185	-0.142283	-0.180738	0.179336	0.961372	0.208812	0.144046	-0.235626	0.961109
0.973200	-0.142514	-0.180475	0.179454	0.961417	0.208503	0.143797	-0.235303	0.961226
0.973149	-0.142943	-0.180409	0.179727	0.961561	0.207601	0.143799	-0.234451	0.961434
0.973122	-0.143335	-0.180247	0.180030	0.961570	0.207299	0.143607	-0.234178	0.961529
0.973154	-0.143375	-0.180039	0.180014	0.961582	0.207257	0.143407	-0.234103	0.961577
0.973217	-0.143224	-0.179820	0.179749	0.961722	0.206835	0.143313	-0.233618	0.961709
0.973132	-0.143512	-0.180051	0.180084	0.961667	0.206801	0.143471	-0.233669	0.961673
0.973056	-0.143942	-0.180117	0.180511	0.961607	0.206708	0.143447	-0.233651	0.961681
0.973059	-0.144174	-0.179920	0.180743	0.961490	0.207047	0.143140	-0.233988	0.961645
0.973011	-0.144213	-0.180145	0.180795	0.961541	0.206768	0.143398	-0.233757	0.961662
0.972990	-0.144548	-0.179991	0.181136	0.961407	0.207089	0.143110	-0.234098	0.961622
0.973019	-0.144255	-0.180068	0.180932	0.961349	0.207536	0.143171	-0.234516	0.961511
0.973063	-0.143818	-0.180183	0.180555	0.961381	0.207719	0.143350	-0.234657	0.961450
0.973004	-0.144024	-0.180332	0.180813	0.961305	0.207845	0.143420	-0.234840	0.961395
0.973037	-0.143687	-0.180427	0.180576	0.961243	0.208335	0.143499	-0.235298	0.961271
