0.768629	-0.614888	-0.176415	0.638286	0.755489	0.147741	0.042435	-0.226161	0.973165
0.768744	-0.614856	-0.176024	0.638158	0.755630	0.147571	0.042274	-0.225775	0.973262
0.769039	-0.614661	-0.175417	0.637829	0.755901	0.147603	0.041872	-0.225399	0.973366
0.769413	-0.614292	-0.175066	0.637388	0.756268	0.147633	0.041707	-0.225176	0.973425
0.769669	-0.614054	-0.174776	0.637095	0.756483	0.147795	0.041461	-0.225102	0.973453
0.769944	-0.613757	-0.174608	0.636774	0.756713	0.148001	0.041291	-0.225138	0.973451
0.769418	-0.614385	-0.174720	0.637389	0.756320	0.147361	0.041608	-0.224747	0.973528
0.768924	-0.614988	-0.174776	0.637983	0.755870	0.147098	0.041644	-0.224611	0.973558
0.769062	-0.614855	-0.174634	0.637823	0.755994	0.147157	0.041542	-0.224558	0.973575
0.769324	-0.614549	-0.174557	0.637510	0.756237	0.147267	0.041504	-0.224578	0.973572
0.769290	-0.614625	-0.174441	0.637562	0.756175	0.147361	0.041336	-0.224581	0.973578
0.769236	-0.614759	-0.174204	0.637642	0.756097	0.147411	0.041093	-0.224474	0.973613
0.769237	-0.614733	-0.174291	0.637626	0.756156	0.147175	0.041317	-0.224345	0.973634
0.769032	-0.614966	-0.174374	0.637860	0.756026	0.146834	0.041533	-0.224146	0.973670
0.768624	-0.615385	-0.174696	0.638337	0.755656	0.146663	0.041756	-0.224243	0.973638
0.768318	-0.615659	-0.175077	0.638689	0.755373	0.146589	0.042000	-0.224446	0.973581
0.768123	-0.615839	-0.175299	0.638914	0.755195	0.146525	0.042149	-0.224550	0.973551
0.768097	-0.615909	-0.175166	0.638946	0.755195	0.146387	0.042123	-0.224360	0.973595
0.768750	-0.615274	-0.174530	0.638185	0.755810	0.146533	0.041754	-0.224030	0.973687
0.768818	-0.615205	-0.174474	0.638112	0.755834	0.146726	0.041607	-0.224139	0.973669
0.768697	-0.615408	-0.174293	0.638265	0.755732	0.146583	0.041510	-0.223923	0.973722
0.768622	-0.615514	-0.174252	0.638357	0.755664	0.146533	0.041482	-0.223864	0.973737
