0.572522	-0.806357	-0.148347	0.819848	0.561227	0.113460	-0.008233	-0.186580	0.982405
0.572017	-0.806756	-0.148125	0.820203	0.560826	0.112876	-0.007991	-0.186059	0.982506
0.572221	-0.806649	-0.147919	0.820061	0.561059	0.112752	-0.007960	-0.185821	0.982551
0.572405	-0.806528	-0.147865	0.819931	0.561230	0.112840	-0.008022	-0.185830	0.982549
0.572334	-0.806582	-0.147851	0.819981	0.561160	0.112829	-0.008037	-0.185811	0.982553
0.572223	-0.806666	-0.147818	0.820059	0.561059	0.112766	-0.008030	-0.185747	0.982565
0.572157	-0.806693	-0.147928	0.820105	0.560978	0.112833	-0.008038	-0.185875	0.982541
0.572306	-0.806638	-0.147655	0.819999	0.561120	0.112898	-0.008216	-0.185689	0.982574
0.572124	-0.806697	-0.148035	0.820132	0.561019	0.112433	-0.007649	-0.185734	0.982570
0.571746	-0.806950	-0.148117	0.820393	0.560605	0.112590	-0.007820	-0.185887	0.982540
0.571859	-0.806822	-0.148373	0.820312	0.560613	0.113146	-0.008109	-0.186416	0.982437
0.572238	-0.806588	-0.148189	0.820045	0.560945	0.113430	-0.008365	-0.186431	0.982433
0.572232	-0.806712	-0.147536	0.820038	0.560803	0.114182	-0.009374	-0.186324	0.982444
0.572440	-0.806579	-0.147453	0.819889	0.560943	0.114563	-0.009692	-0.186475	0.982412
0.572873	-0.806137	-0.148188	0.819592	0.561343	0.114731	-0.009305	-0.187180	0.982282
0.573087	-0.805977	-0.148230	0.819442	0.561554	0.114764	-0.009258	-0.187236	0.982271
0.573015	-0.806031	-0.148216	0.819492	0.561484	0.114753	-0.009274	-0.187218	0.982275
0.572970	-0.806011	-0.148499	0.819526	0.561453	0.114659	-0.009041	-0.187395	0.982243
0.572888	-0.806039	-0.148663	0.819586	0.561393	0.114527	-0.008855	-0.187453	0.982234
0.572674	-0.806198	-0.148622	0.819738	0.561264	0.114067	-0.008544	-0.187154	0.982293
0.572775	-0.806167	-0.148407	0.819668	0.561386	0.113972	-0.008567	-0.186924	0.982337
0.572954	-0.806072	-0.148229	0.819542	0.561568	0.113982	-0.008637	-0.186786	0.982363
0.572859	-0.806155	-0.148142	0.819606	0.561447	0.114118	-0.008823	-0.186792	0.982360
