0.579152	-0.801248	-0.150280	0.815211	0.568376	0.111264	-0.003735	-0.186949	0.982363
0.578937	-0.801393	-0.150337	0.815364	0.568166	0.111218	-0.003713	-0.186968	0.982359
0.578750	-0.801602	-0.149944	0.815498	0.568099	0.110571	-0.003451	-0.186272	0.982492
0.579174	-0.801340	-0.149707	0.815196	0.568530	0.110584	-0.003502	-0.186088	0.982527
0.579340	-0.801220	-0.149705	0.815078	0.568639	0.110899	-0.003727	-0.186269	0.982492
0.579057	-0.801375	-0.149971	0.815279	0.568348	0.110908	-0.003643	-0.186490	0.982450
0.578747	-0.801586	-0.150041	0.815498	0.568018	0.110986	-0.003738	-0.186591	0.982431
0.578569	-0.801681	-0.150218	0.815625	0.567838	0.110977	-0.003669	-0.186730	0.982405
0.578606	-0.801632	-0.150337	0.815599	0.567867	0.111016	-0.003622	-0.186849	0.982382
0.578342	-0.801801	-0.150453	0.815787	0.567638	0.110810	-0.003445	-0.186824	0.982387
0.578107	-0.801992	-0.150336	0.815953	0.567377	0.110926	-0.003664	-0.186794	0.982392
0.578520	-0.801706	-0.150273	0.815659	0.567737	0.111246	-0.003872	-0.186930	0.982366
0.578950	-0.801417	-0.150159	0.815354	0.568156	0.111339	-0.003915	-0.186892	0.982373
0.578850	-0.801510	-0.150052	0.815426	0.568128	0.110955	-0.003683	-0.186582	0.982432
0.578464	-0.801800	-0.149987	0.815701	0.567819	0.110514	-0.003445	-0.186273	0.982492
0.578425	-0.801832	-0.149968	0.815729	0.567790	0.110462	-0.003422	-0.186227	0.982501
0.578564	-0.801768	-0.149772	0.815630	0.567940	0.110418	-0.003468	-0.186043	0.982536
0.578490	-0.801866	-0.149533	0.815681	0.567881	0.110342	-0.003562	-0.185803	0.982581
0.578459	-0.801888	-0.149538	0.815704	0.567841	0.110383	-0.003601	-0.185830	0.982575
0.578359	-0.801920	-0.149752	0.815775	0.567720	0.110479	-0.003578	-0.186060	0.982532
0.578110	-0.802069	-0.149914	0.815952	0.567470	0.110460	-0.003525	-0.186180	0.982509
0.578190	-0.802023	-0.149851	0.815894	0.567529	0.110578	-0.003641	-0.186197	0.982506
