0.982251	-0.023636	-0.186074	0.064895	0.973587	0.218901	0.175985	-0.227091	0.957841
0.982226	-0.023605	-0.186214	0.064949	0.973520	0.219183	0.176109	-0.227382	0.957749
0.982217	-0.023425	-0.186281	0.064819	0.973489	0.219357	0.176204	-0.227531	0.957696
0.982222	-0.023582	-0.186234	0.064995	0.973438	0.219531	0.176110	-0.227732	0.957666
0.982183	-0.023949	-0.186397	0.065396	0.973413	0.219523	0.176184	-0.227801	0.957636
0.982170	-0.024291	-0.186420	0.065711	0.973427	0.219366	0.176138	-0.227705	0.957667
0.982185	-0.024571	-0.186306	0.065986	0.973378	0.219501	0.175953	-0.227884	0.957658
0.982117	-0.024773	-0.186636	0.066220	0.973418	0.219254	0.176244	-0.227692	0.957651
0.982141	-0.024826	-0.186499	0.066244	0.973412	0.219275	0.176097	-0.227714	0.957672
0.982169	-0.024574	-0.186389	0.065950	0.973453	0.219179	0.176055	-0.227564	0.957716
0.982187	-0.024301	-0.186330	0.065622	0.973528	0.218945	0.176077	-0.227272	0.957781
0.982174	-0.024416	-0.186383	0.065730	0.973544	0.218841	0.176109	-0.227191	0.957794
0.982172	-0.024823	-0.186339	0.066112	0.973532	0.218780	0.175976	-0.227199	0.957817
0.982201	-0.024966	-0.186168	0.066202	0.973541	0.218714	0.175782	-0.227146	0.957865
0.982190	-0.024776	-0.186249	0.065992	0.973605	0.218493	0.175920	-0.226892	0.957900
0.982215	-0.024829	-0.186112	0.066016	0.973598	0.218514	0.175773	-0.226914	0.957922
0.982208	-0.024955	-0.186129	0.066079	0.973675	0.218154	0.175785	-0.226572	0.958000
0.982207	-0.025012	-0.186129	0.066110	0.973703	0.218019	0.175781	-0.226445	0.958031
0.982210	-0.025124	-0.186098	0.066254	0.973644	0.218236	0.175711	-0.226684	0.957988
0.982269	-0.025229	-0.185771	0.066258	0.973671	0.218114	0.175377	-0.226556	0.958079
0.982357	-0.025024	-0.185333	0.065937	0.973712	0.218030	0.175005	-0.226404	0.958183
0.982378	-0.024601	-0.185277	0.065592	0.973629	0.218504	0.175016	-0.226806	0.958086
0.982389	-0.024495	-0.185233	0.065687	0.973364	0.219654	0.174919	-0.227954	0.957831
0.982440	-0.024770	-0.184928	0.065910	0.973320	0.219780	0.174551	-0.228109	0.957861
