0.776396	-0.602504	-0.184926	0.628857	0.760055	0.163875	0.041819	-0.243524	0.968993
0.776407	-0.602558	-0.184707	0.628851	0.760079	0.163789	0.041699	-0.243320	0.969049
0.776503	-0.602481	-0.184552	0.628745	0.760135	0.163937	0.041515	-0.243334	0.969054
0.776377	-0.602614	-0.184648	0.628872	0.760161	0.163326	0.041940	-0.242922	0.969139
0.776154	-0.602979	-0.184396	0.629153	0.760000	0.162995	0.041858	-0.242523	0.969242
0.776023	-0.603100	-0.184551	0.629311	0.759861	0.163030	0.041909	-0.242655	0.969207
0.776096	-0.602993	-0.184592	0.629219	0.759927	0.163080	0.041941	-0.242714	0.969191
0.776127	-0.602992	-0.184465	0.629170	0.760045	0.162714	0.042086	-0.242346	0.969277
0.776148	-0.602964	-0.184471	0.629142	0.760078	0.162669	0.042129	-0.242313	0.969283
0.776402	-0.602598	-0.184595	0.628813	0.760358	0.162633	0.042356	-0.242345	0.969265
0.776448	-0.602685	-0.184117	0.628800	0.760276	0.163065	0.041703	-0.242384	0.969284
0.776317	-0.602859	-0.184098	0.628987	0.760013	0.163568	0.041309	-0.242776	0.969202
0.776136	-0.603144	-0.183929	0.629238	0.759737	0.163887	0.040890	-0.242934	0.969181
0.775827	-0.603691	-0.183440	0.629649	0.759417	0.163790	0.040429	-0.242576	0.969290
0.775690	-0.603797	-0.183669	0.629797	0.759358	0.163499	0.040751	-0.242498	0.969296
0.775795	-0.603688	-0.183583	0.629656	0.759542	0.163182	0.040928	-0.242190	0.969365
0.775938	-0.603518	-0.183538	0.629475	0.759710	0.163099	0.041003	-0.242087	0.969388
0.775947	-0.603464	-0.183677	0.629468	0.759658	0.163374	0.040942	-0.242388	0.969315
0.775877	-0.603603	-0.183520	0.629559	0.759611	0.163235	0.040875	-0.242187	0.969368
0.776097	-0.603416	-0.183199	0.629299	0.759823	0.163255	0.040688	-0.241989	0.969425
0.775808	-0.603721	-0.183420	0.629621	0.759710	0.162538	0.041218	-0.241583	0.969504
0.775633	-0.603942	-0.183435	0.629839	0.759541	0.162482	0.041197	-0.241561	0.969511
0.775845	-0.603734	-0.183218	0.629584	0.759749	0.162499	0.041094	-0.241425	0.969549
0.775997	-0.603585	-0.183070	0.629398	0.759920	0.162418	0.041085	-0.241260	0.969591
