0.908883	-0.373189	-0.186174	0.406418	0.892718	0.194625	0.093569	-0.252556	0.963047
0.908801	-0.373320	-0.186315	0.406568	0.892685	0.194464	0.093724	-0.252479	0.963053
0.908907	-0.373114	-0.186208	0.406353	0.892748	0.194622	0.093621	-0.252560	0.963041
0.908883	-0.372998	-0.186557	0.406313	0.892801	0.194461	0.094025	-0.252543	0.963006
0.908841	-0.373145	-0.186471	0.406468	0.892659	0.194793	0.093769	-0.252830	0.962956
0.908939	-0.372914	-0.186452	0.406284	0.892635	0.195286	0.093608	-0.253255	0.962860
0.909074	-0.372613	-0.186396	0.405975	0.892772	0.195300	0.093638	-0.253214	0.962868
0.909022	-0.372767	-0.186345	0.406082	0.892794	0.194980	0.093685	-0.252913	0.962943
0.908876	-0.373156	-0.186279	0.406423	0.892694	0.194727	0.093626	-0.252690	0.963007
0.908869	-0.373241	-0.186140	0.406479	0.892649	0.194814	0.093445	-0.252722	0.963016
0.908893	-0.373157	-0.186191	0.406387	0.892743	0.194577	0.093613	-0.252516	0.963054
0.908870	-0.373351	-0.185913	0.406504	0.892692	0.194565	0.093322	-0.252409	0.963110
0.908855	-0.373276	-0.186140	0.406486	0.892707	0.194536	0.093553	-0.252468	0.963072
0.908839	-0.373027	-0.186715	0.406416	0.892679	0.194808	0.094008	-0.252933	0.962906
0.908906	-0.372382	-0.187671	0.406039	0.892831	0.194899	0.094982	-0.253346	0.962701
0.909301	-0.371237	-0.188027	0.404957	0.893428	0.194413	0.095815	-0.252923	0.962730
0.909678	-0.370114	-0.188419	0.403991	0.893786	0.194777	0.096317	-0.253304	0.962580
0.909974	-0.369496	-0.188203	0.403359	0.894007	0.195074	0.096176	-0.253425	0.962562
0.910169	-0.369001	-0.188234	0.402885	0.894209	0.195126	0.096318	-0.253434	0.962545
0.910104	-0.369150	-0.188252	0.403052	0.894100	0.195282	0.096228	-0.253603	0.962510
0.909442	-0.371753	-0.186316	0.405093	0.893212	0.195122	0.093883	-0.252927	0.962919
0.909143	-0.372508	-0.186272	0.405806	0.892925	0.194950	0.093706	-0.252828	0.962963
0.908990	-0.373000	-0.186032	0.406257	0.892655	0.195249	0.093235	-0.253057	0.962948
