0.990598	-0.135280	0.020389	0.130305	0.978377	0.160623	-0.041678	-0.156456	0.986805
0.990556	-0.135635	0.020048	0.130707	0.978316	0.160669	-0.041405	-0.156531	0.986805
0.990484	-0.136195	0.019832	0.131302	0.978268	0.160475	-0.041256	-0.156344	0.986841
0.990401	-0.136770	0.019975	0.131851	0.978206	0.160399	-0.041477	-0.156226	0.986850
0.990388	-0.136833	0.020203	0.131877	0.978197	0.160431	-0.041715	-0.156225	0.986840
0.990490	-0.136119	0.020041	0.131191	0.978269	0.160559	-0.041461	-0.156402	0.986823
0.990632	-0.135236	0.018974	0.130479	0.978335	0.160733	-0.040300	-0.156751	0.986816
0.990548	-0.135771	0.019536	0.130930	0.978320	0.160461	-0.040898	-0.156386	0.986849
0.990493	-0.136067	0.020246	0.131127	0.978352	0.160103	-0.041592	-0.155926	0.986893
0.990552	-0.135620	0.020341	0.130687	0.978475	0.159713	-0.041564	-0.155546	0.986954
0.990542	-0.135632	0.020774	0.130649	0.978549	0.159289	-0.041933	-0.155068	0.987013
0.990464	-0.136063	0.021625	0.130952	0.978539	0.159098	-0.042809	-0.154749	0.987026
0.990536	-0.135553	0.021540	0.130446	0.978552	0.159438	-0.042691	-0.155119	0.986973
0.990556	-0.135379	0.021698	0.130222	0.978479	0.160067	-0.042901	-0.155730	0.986868
0.990487	-0.135881	0.021711	0.130696	0.978338	0.160540	-0.043055	-0.156175	0.986791
0.990421	-0.136410	0.021429	0.131265	0.978271	0.160485	-0.042855	-0.156135	0.986806
0.990350	-0.136978	0.021066	0.131896	0.978239	0.160163	-0.042547	-0.155839	0.986866
0.990263	-0.137592	0.021179	0.132520	0.978284	0.159369	-0.042647	-0.155010	0.986992
0.990228	-0.137786	0.021526	0.132685	0.978368	0.158716	-0.042929	-0.154309	0.987090
0.990355	-0.136859	0.021602	0.131766	0.978523	0.158527	-0.042834	-0.154152	0.987118
0.990497	-0.135881	0.021278	0.130861	0.978686	0.158268	-0.042330	-0.153979	0.987167
0.990506	-0.135792	0.021394	0.130753	0.978694	0.158311	-0.042435	-0.154011	0.987157
0.990536	-0.135553	0.021542	0.130498	0.978742	0.158225	-0.042532	-0.153916	0.987168
0.990800	-0.133812	0.020222	0.129033	0.979139	0.156962	-0.040804	-0.152909	0.987397
0.990943	-0.132879	0.019361	0.128304	0.979474	0.155466	-0.039622	-0.151574	0.987651
0.990906	-0.133018	0.020299	0.128332	0.979599	0.154653	-0.040456	-0.150641	0.987760
