0.971054	-0.231145	0.060214	0.223884	0.968635	0.107805	-0.083244	-0.091204	0.992347
0.970957	-0.231626	0.059939	0.224375	0.968503	0.107971	-0.083060	-0.091386	0.992346
0.970833	-0.232110	0.060074	0.224851	0.968400	0.107905	-0.083222	-0.091250	0.992344
0.970749	-0.232365	0.060441	0.225080	0.968358	0.107800	-0.083577	-0.091043	0.992334
0.970683	-0.232523	0.060893	0.225179	0.968311	0.108019	-0.084081	-0.091140	0.992282
0.970807	-0.232055	0.060692	0.224709	0.968392	0.108267	-0.083898	-0.091468	0.992267
0.970837	-0.231851	0.061004	0.224492	0.968463	0.108090	-0.084141	-0.091243	0.992268
0.970801	-0.231768	0.061879	0.224333	0.968505	0.108040	-0.084970	-0.091004	0.992219
0.970645	-0.232069	0.063188	0.224457	0.968402	0.108701	-0.086417	-0.091327	0.992064
0.970613	-0.232356	0.062622	0.224756	0.968282	0.109151	-0.085997	-0.091869	0.992051
0.970506	-0.232732	0.062878	0.225176	0.968274	0.108359	-0.086102	-0.091004	0.992121
0.970527	-0.232620	0.062978	0.225094	0.968343	0.107906	-0.086085	-0.090550	0.992164
0.970638	-0.232109	0.063151	0.224547	0.968443	0.108153	-0.086261	-0.090797	0.992126
0.970766	-0.231482	0.063478	0.223942	0.968647	0.107581	-0.086391	-0.090220	0.992168
0.970715	-0.231643	0.063669	0.224158	0.968688	0.106751	-0.086403	-0.089353	0.992245
0.970686	-0.231840	0.063389	0.224372	0.968629	0.106837	-0.086170	-0.089483	0.992254
0.970687	-0.231864	0.063291	0.224381	0.968597	0.107111	-0.086138	-0.089770	0.992231
0.970673	-0.231963	0.063151	0.224488	0.968567	0.107154	-0.086022	-0.089835	0.992235
0.970603	-0.232300	0.062979	0.224810	0.968454	0.107508	-0.085966	-0.090189	0.992207
0.970518	-0.232639	0.063038	0.225096	0.968328	0.108042	-0.086177	-0.090667	0.992146
0.970531	-0.232570	0.063100	0.225025	0.968349	0.107998	-0.086220	-0.090617	0.992146
0.970568	-0.232338	0.063385	0.224803	0.968446	0.107594	-0.086383	-0.090178	0.992172
0.970626	-0.232025	0.063638	0.224511	0.968568	0.107102	-0.086488	-0.089668	0.992209
0.970601	-0.232086	0.063789	0.224599	0.968598	0.106642	-0.086536	-0.089180	0.992249
0.970542	-0.232441	0.063395	0.225012	0.968534	0.106358	-0.086122	-0.088960	0.992305
0.970371	-0.233160	0.063373	0.225706	0.968340	0.106650	-0.086233	-0.089186	0.992275
