0.879637	-0.468891	0.079879	0.445038	0.870613	0.209701	-0.167870	-0.148911	0.974497
0.879440	-0.469111	0.080744	0.445089	0.870536	0.209912	-0.168763	-0.148667	0.974381
0.879679	-0.468570	0.081286	0.444454	0.870837	0.210009	-0.169190	-0.148613	0.974315
0.879943	-0.468183	0.080650	0.444198	0.871010	0.209835	-0.168488	-0.148818	0.974405
0.879470	-0.469350	0.079007	0.445501	0.870202	0.210420	-0.167513	-0.149860	0.974413
0.878781	-0.470894	0.077481	0.447301	0.869336	0.210184	-0.166331	-0.150048	0.974587
0.878363	-0.471655	0.077586	0.448342	0.869229	0.208398	-0.165732	-0.148264	0.974962
0.878832	-0.470774	0.077631	0.447988	0.870149	0.205298	-0.164199	-0.145644	0.975616
0.879807	-0.469050	0.077018	0.446772	0.871336	0.202901	-0.162279	-0.144105	0.976166
0.880059	-0.468719	0.076149	0.446672	0.871528	0.202294	-0.161185	-0.144017	0.976360
0.879363	-0.470152	0.075353	0.448055	0.870603	0.203216	-0.161145	-0.144938	0.976230
0.878424	-0.471995	0.074777	0.449873	0.869536	0.203771	-0.161200	-0.145357	0.976159
0.877438	-0.473721	0.075435	0.451509	0.868722	0.203622	-0.161992	-0.144606	0.976139
0.876650	-0.475116	0.075826	0.452852	0.868048	0.203513	-0.162513	-0.144072	0.976132
0.875738	-0.476883	0.075270	0.454775	0.867173	0.202955	-0.162058	-0.143504	0.976291
0.874033	-0.479887	0.075992	0.457843	0.865834	0.201772	-0.162625	-0.141563	0.976480
0.872686	-0.482140	0.077203	0.459974	0.864805	0.201333	-0.163836	-0.140189	0.976476
0.872535	-0.482215	0.078431	0.459768	0.864768	0.201963	-0.165214	-0.140160	0.976248
0.872943	-0.481266	0.079715	0.458409	0.865165	0.203349	-0.166832	-0.140970	0.975856
0.873563	-0.479956	0.080801	0.456678	0.865700	0.204961	-0.168322	-0.142146	0.975429
0.874139	-0.478852	0.081125	0.455284	0.866087	0.206422	-0.169107	-0.143507	0.975094
0.874624	-0.477906	0.081481	0.454128	0.866465	0.207382	-0.169709	-0.144379	0.974861
0.875213	-0.476887	0.081122	0.453072	0.866880	0.207954	-0.169494	-0.145250	0.974769
0.875282	-0.476816	0.080790	0.452940	0.866796	0.208592	-0.169489	-0.145984	0.974660
0.875035	-0.477401	0.080015	0.453563	0.866372	0.208997	-0.169098	-0.146588	0.974637
