0.922707	-0.375830	0.085812	0.363576	0.922394	0.130391	-0.128158	-0.089113	0.987742
0.922333	-0.376778	0.085676	0.364426	0.921938	0.131240	-0.128436	-0.089825	0.987641
0.922242	-0.377169	0.084932	0.364739	0.921654	0.132357	-0.128199	-0.091087	0.987557
0.922403	-0.376974	0.084040	0.364539	0.921635	0.133042	-0.127608	-0.092083	0.987541
0.922421	-0.376766	0.084781	0.364284	0.921761	0.132871	-0.128209	-0.091679	0.987501
0.922480	-0.376334	0.086041	0.363783	0.922010	0.132515	-0.129201	-0.090942	0.987439
0.922769	-0.375419	0.086937	0.362837	0.922439	0.132118	-0.129794	-0.090370	0.987414
0.922727	-0.375328	0.087768	0.362711	0.922533	0.131807	-0.130440	-0.089787	0.987382
0.922618	-0.375527	0.088070	0.362828	0.922428	0.132223	-0.130892	-0.090037	0.987300
0.922805	-0.375176	0.087596	0.362414	0.922474	0.133033	-0.130716	-0.091018	0.987233
0.922960	-0.374986	0.086783	0.362279	0.922506	0.133179	-0.129998	-0.091479	0.987285
0.922822	-0.375389	0.086502	0.362750	0.922366	0.132867	-0.129663	-0.091234	0.987352
0.922640	-0.375883	0.086294	0.363351	0.922226	0.132191	-0.129271	-0.090610	0.987461
0.922414	-0.376394	0.086482	0.363972	0.922120	0.131218	-0.129136	-0.089561	0.987574
0.922501	-0.376111	0.086790	0.363805	0.922343	0.130114	-0.128988	-0.088456	0.987693
0.922722	-0.375477	0.087186	0.363206	0.922654	0.129580	-0.129097	-0.087900	0.987728
0.922877	-0.375052	0.087373	0.362706	0.922788	0.130024	-0.129392	-0.088306	0.987654
0.922855	-0.375126	0.087284	0.362670	0.922675	0.130925	-0.129648	-0.089170	0.987542
0.922686	-0.375525	0.087365	0.362955	0.922449	0.131727	-0.130057	-0.089833	0.987429
0.922603	-0.375710	0.087444	0.363080	0.922342	0.132131	-0.130296	-0.090155	0.987368
0.922799	-0.375305	0.087111	0.362700	0.922484	0.132179	-0.129967	-0.090380	0.987391
0.923027	-0.374967	0.086145	0.362509	0.922623	0.131732	-0.128875	-0.090364	0.987535
0.922884	-0.375257	0.086419	0.362898	0.922606	0.130777	-0.128805	-0.089331	0.987638
0.922870	-0.375207	0.086783	0.362889	0.922690	0.130209	-0.128929	-0.088674	0.987681
0.923127	-0.374710	0.086194	0.362452	0.922869	0.130157	-0.128317	-0.088910	0.987740
