0.991926	-0.123583	0.028455	0.116915	0.978081	0.172301	-0.049124	-0.167583	0.984633
0.991889	-0.123872	0.028481	0.117214	0.978111	0.171931	-0.049155	-0.167198	0.984697
0.991948	-0.123387	0.028539	0.116743	0.978227	0.171587	-0.049089	-0.166874	0.984755
0.992129	-0.121938	0.028476	0.115338	0.978439	0.171329	-0.048754	-0.166697	0.984802
0.992198	-0.121419	0.028284	0.114839	0.978430	0.171716	-0.048524	-0.167129	0.984740
0.992147	-0.121831	0.028314	0.115230	0.978348	0.171924	-0.048647	-0.167311	0.984703
0.992040	-0.122708	0.028260	0.116105	0.978249	0.171895	-0.048738	-0.167246	0.984710
0.992044	-0.122805	0.027701	0.116303	0.978253	0.171742	-0.048190	-0.167154	0.984752
0.992001	-0.123167	0.027640	0.116681	0.978249	0.171508	-0.048163	-0.166911	0.984795
0.991905	-0.123769	0.028380	0.117141	0.978157	0.171716	-0.049014	-0.167002	0.984738
0.991964	-0.123402	0.027906	0.116854	0.978177	0.171799	-0.048498	-0.167158	0.984737
0.991974	-0.123421	0.027460	0.116966	0.978230	0.171419	-0.048019	-0.166831	0.984815
0.991875	-0.124082	0.028061	0.117524	0.978189	0.171274	-0.048701	-0.166585	0.984824
0.991862	-0.124152	0.028222	0.117538	0.978087	0.171845	-0.048939	-0.167129	0.984720
0.991900	-0.123912	0.027938	0.117346	0.978098	0.171913	-0.048628	-0.167242	0.984716
0.991834	-0.124347	0.028348	0.117708	0.978061	0.171876	-0.049099	-0.167135	0.984711
0.991874	-0.123984	0.028534	0.117297	0.978031	0.172327	-0.049273	-0.167580	0.984626
0.991972	-0.123184	0.028601	0.116473	0.978046	0.172800	-0.049259	-0.168081	0.984542
0.991996	-0.122978	0.028648	0.116261	0.978070	0.172805	-0.049271	-0.168091	0.984539
0.991943	-0.123385	0.028745	0.116662	0.978081	0.172472	-0.049395	-0.167728	0.984595
0.991891	-0.123856	0.028512	0.117184	0.978083	0.172109	-0.049203	-0.167372	0.984665
0.991821	-0.124440	0.028374	0.117804	0.978082	0.171692	-0.049117	-0.166945	0.984742
0.991772	-0.124837	0.028353	0.118214	0.978082	0.171410	-0.049130	-0.166648	0.984792
0.991778	-0.124791	0.028362	0.118173	0.978110	0.171277	-0.049115	-0.166517	0.984815
0.991796	-0.124641	0.028394	0.118026	0.978151	0.171147	-0.049105	-0.166391	0.984836
