0.993738	-0.108986	0.024646	0.102188	0.975649	0.194081	-0.045198	-0.190347	0.980676
0.993796	-0.108409	0.024849	0.101601	0.975788	0.193690	-0.045245	-0.189964	0.980748
0.993716	-0.109026	0.025334	0.102143	0.975847	0.193107	-0.045776	-0.189306	0.980851
0.993758	-0.108751	0.024867	0.101961	0.975867	0.193099	-0.045266	-0.189359	0.980864
0.993889	-0.107838	0.023585	0.101307	0.975932	0.193118	-0.043843	-0.189548	0.980892
0.993921	-0.107706	0.022817	0.101321	0.975920	0.193167	-0.043073	-0.189681	0.980901
0.993804	-0.108769	0.022880	0.102341	0.975761	0.193436	-0.043365	-0.189896	0.980846
0.993737	-0.109368	0.022912	0.102910	0.975644	0.193723	-0.043541	-0.190152	0.980789
0.993682	-0.109828	0.023093	0.103322	0.975579	0.193829	-0.043817	-0.190218	0.980763
0.993615	-0.110311	0.023672	0.103697	0.975585	0.193601	-0.044450	-0.189910	0.980795
0.993578	-0.110540	0.024147	0.103837	0.975595	0.193476	-0.044944	-0.189727	0.980808
0.993569	-0.110607	0.024212	0.103878	0.975538	0.193737	-0.045048	-0.189976	0.980755
0.993541	-0.110910	0.023995	0.104211	0.975476	0.193871	-0.044909	-0.190118	0.980733
0.993481	-0.111453	0.023952	0.104764	0.975465	0.193632	-0.044945	-0.189860	0.980782
0.993432	-0.111888	0.023957	0.105204	0.975482	0.193305	-0.044998	-0.189515	0.980846
0.993474	-0.111507	0.023991	0.104840	0.975589	0.192961	-0.044922	-0.189187	0.980913
0.993608	-0.110523	0.022957	0.104085	0.975739	0.192611	-0.043688	-0.188991	0.981007
0.993603	-0.110474	0.023440	0.103967	0.975845	0.192141	-0.044101	-0.188475	0.981087
0.993621	-0.110157	0.024144	0.103532	0.975931	0.191935	-0.044705	-0.188211	0.981111
0.993722	-0.109217	0.024255	0.102584	0.976017	0.192007	-0.044644	-0.188313	0.981094
0.993702	-0.109367	0.024385	0.102712	0.976024	0.191905	-0.044788	-0.188192	0.981111
0.993596	-0.110231	0.024802	0.103487	0.975962	0.191806	-0.045349	-0.188011	0.981120
0.993605	-0.110219	0.024522	0.103515	0.975903	0.192089	-0.045103	-0.188322	0.981071
0.993665	-0.109747	0.024188	0.103097	0.975870	0.192481	-0.044729	-0.188767	0.981003
0.993633	-0.110081	0.023999	0.103440	0.975746	0.192924	-0.044654	-0.189213	0.980920
