0.952092	-0.297787	0.069599	0.287674	0.949333	0.126532	-0.103752	-0.100448	0.989518
0.952327	-0.297112	0.069267	0.287075	0.949565	0.126148	-0.103254	-0.100249	0.989590
0.952486	-0.296661	0.069010	0.286616	0.949660	0.126482	-0.103058	-0.100693	0.989566
0.953118	-0.294835	0.068105	0.284895	0.950187	0.126413	-0.101983	-0.101084	0.989637
0.953519	-0.293817	0.066882	0.284054	0.950502	0.125936	-0.100574	-0.101084	0.989781
0.953362	-0.294303	0.066989	0.284613	0.950445	0.125097	-0.100486	-0.100196	0.989880
0.953053	-0.295240	0.067264	0.285574	0.950228	0.124557	-0.100690	-0.099501	0.989930
0.952908	-0.295636	0.067575	0.285994	0.950174	0.123999	-0.100867	-0.098834	0.989979
0.953018	-0.295240	0.067745	0.285585	0.950301	0.123977	-0.100981	-0.098805	0.989970
0.953196	-0.294619	0.067949	0.284909	0.950457	0.124329	-0.101213	-0.099151	0.989912
0.953225	-0.294428	0.068363	0.284602	0.950452	0.125075	-0.101801	-0.099768	0.989789
0.953208	-0.294471	0.068416	0.284574	0.950376	0.125710	-0.102039	-0.100358	0.989705
0.953117	-0.294715	0.068639	0.284771	0.950288	0.125930	-0.102340	-0.100480	0.989662
0.953017	-0.295107	0.068341	0.285186	0.950155	0.125996	-0.102117	-0.100587	0.989674
0.952961	-0.295416	0.067784	0.285572	0.950067	0.125787	-0.101559	-0.100513	0.989739
0.952989	-0.295715	0.066064	0.286063	0.949944	0.125598	-0.099898	-0.100795	0.989879
0.952675	-0.296791	0.065764	0.287182	0.949626	0.125447	-0.099683	-0.100624	0.989918
0.952425	-0.297557	0.065929	0.287858	0.949329	0.126140	-0.100122	-0.101161	0.989819
0.952537	-0.297231	0.065784	0.287469	0.949343	0.126925	-0.100177	-0.101990	0.989729
0.952638	-0.296919	0.065722	0.287168	0.949438	0.126894	-0.100076	-0.102011	0.989737
0.952540	-0.297115	0.066254	0.287317	0.949405	0.126806	-0.100578	-0.101752	0.989712
0.952577	-0.297039	0.066060	0.287257	0.949417	0.126850	-0.100398	-0.101859	0.989720
0.952611	-0.296976	0.065859	0.287228	0.949444	0.126713	-0.100160	-0.101791	0.989751
0.952543	-0.297247	0.065614	0.287507	0.949338	0.126875	-0.100003	-0.101990	0.989746
0.952445	-0.297642	0.065254	0.287895	0.949163	0.127301	-0.099827	-0.102461	0.989715
