0.983061	-0.177170	0.046922	0.169654	0.976520	0.132760	-0.069342	-0.122551	0.990037
0.983052	-0.177125	0.047288	0.169546	0.976504	0.133022	-0.069738	-0.122750	0.989984
0.983005	-0.177300	0.047595	0.169677	0.976471	0.133096	-0.070074	-0.122759	0.989960
0.983010	-0.177181	0.047938	0.169524	0.976511	0.132999	-0.070377	-0.122613	0.989956
0.983037	-0.177016	0.047990	0.169350	0.976534	0.133049	-0.070416	-0.122665	0.989947
0.983075	-0.176775	0.048097	0.169077	0.976543	0.133325	-0.070537	-0.122937	0.989905
0.983217	-0.176255	0.047108	0.168667	0.976583	0.133557	-0.069545	-0.123370	0.989921
0.983197	-0.176245	0.047555	0.168612	0.976613	0.133407	-0.069955	-0.123147	0.989920
0.983190	-0.176089	0.048270	0.168376	0.976668	0.133299	-0.070617	-0.122930	0.989900
0.983282	-0.175618	0.048112	0.167930	0.976748	0.133275	-0.070399	-0.122968	0.989911
0.983236	-0.175886	0.048078	0.168230	0.976753	0.132859	-0.070328	-0.122544	0.989968
0.983061	-0.176811	0.048252	0.169176	0.976681	0.132187	-0.070499	-0.121784	0.990050
0.983082	-0.176949	0.047320	0.169419	0.976623	0.132303	-0.069625	-0.122047	0.990079
0.983074	-0.177199	0.046541	0.169711	0.976472	0.133043	-0.069021	-0.122893	0.990017
0.982932	-0.178111	0.046057	0.170620	0.976205	0.133841	-0.068799	-0.123698	0.989932
0.982795	-0.178903	0.045915	0.171376	0.975976	0.134540	-0.068881	-0.124357	0.989844
0.982823	-0.178758	0.045880	0.171214	0.975960	0.134863	-0.068885	-0.124692	0.989801
0.982910	-0.178252	0.045980	0.170716	0.976082	0.134607	-0.068875	-0.124457	0.989832
0.982896	-0.178237	0.046341	0.170690	0.976151	0.134144	-0.069145	-0.123940	0.989878
0.982898	-0.178148	0.046642	0.170596	0.976230	0.133685	-0.069349	-0.123442	0.989926
0.982958	-0.177772	0.046796	0.170231	0.976348	0.133286	-0.069384	-0.123049	0.989972
0.982999	-0.177574	0.046689	0.170057	0.976396	0.133161	-0.069233	-0.122957	0.989994
0.982937	-0.177958	0.046543	0.170447	0.976310	0.133287	-0.069160	-0.123080	0.989984
0.982740	-0.179024	0.046605	0.171466	0.976070	0.133745	-0.069433	-0.123445	0.989919
0.982740	-0.179285	0.045605	0.171848	0.976000	0.133766	-0.068493	-0.123620	0.989963
0.982842	-0.179064	0.044240	0.171816	0.976042	0.133499	-0.067085	-0.123607	0.990061
