0.909487	-0.408869	0.075231	0.369094	0.877404	0.306482	-0.191319	-0.250974	0.948899
0.909442	-0.408917	0.075514	0.368953	0.877264	0.307054	-0.191806	-0.251387	0.948691
0.909710	-0.408355	0.075330	0.368325	0.877297	0.307710	-0.191742	-0.252181	0.948493
0.909734	-0.408304	0.075313	0.368203	0.877214	0.308095	-0.191862	-0.252554	0.948370
0.909609	-0.408552	0.075474	0.368150	0.876802	0.309329	-0.192553	-0.253583	0.947955
0.909590	-0.408510	0.075932	0.367489	0.876207	0.311791	-0.193902	-0.255697	0.947112
0.909772	-0.408022	0.076371	0.366430	0.875825	0.314101	-0.195048	-0.257775	0.946313
0.910045	-0.407326	0.076839	0.365395	0.875836	0.315274	-0.195718	-0.258837	0.945885
0.910170	-0.406903	0.077590	0.364801	0.876103	0.315221	-0.196241	-0.258600	0.945841
0.910250	-0.406566	0.078418	0.364411	0.876528	0.314489	-0.196596	-0.257687	0.946017
0.910327	-0.406361	0.078584	0.364377	0.876900	0.313491	-0.196301	-0.256745	0.946334
0.910075	-0.406961	0.078402	0.365047	0.876697	0.313278	-0.196227	-0.256486	0.946420
0.909664	-0.407911	0.078228	0.365914	0.876175	0.313727	-0.196514	-0.256762	0.946285
0.909485	-0.408334	0.078110	0.366173	0.875757	0.314590	-0.196863	-0.257513	0.946009
0.909714	-0.407951	0.077430	0.365866	0.875682	0.315156	-0.196372	-0.258373	0.945876
0.909697	-0.408089	0.076911	0.366161	0.875605	0.315028	-0.195903	-0.258418	0.945961
0.909439	-0.408593	0.077279	0.366612	0.875523	0.314730	-0.196256	-0.257896	0.946030
0.909477	-0.408409	0.077812	0.366293	0.875655	0.314735	-0.196677	-0.257742	0.945985
0.909392	-0.408482	0.078412	0.366225	0.875715	0.314646	-0.197194	-0.257420	0.945965
0.909052	-0.409194	0.078643	0.366810	0.875401	0.314838	-0.197675	-0.257357	0.945882
0.908702	-0.409900	0.079004	0.367184	0.874881	0.315847	-0.198584	-0.258002	0.945515
0.908749	-0.409852	0.078724	0.366911	0.874479	0.317273	-0.198878	-0.259436	0.945061
0.908848	-0.409625	0.078761	0.366322	0.874104	0.318983	-0.199509	-0.261055	0.944482
0.908488	-0.410169	0.080071	0.365661	0.872941	0.322902	-0.202341	-0.264074	0.943039
0.908887	-0.409155	0.080730	0.363658	0.872310	0.326845	-0.204151	-0.267707	0.941624
