0.963109	-0.260137	0.068924	0.251665	0.961345	0.111720	-0.095322	-0.090252	0.991347
0.963168	-0.259792	0.069400	0.251135	0.961311	0.113194	-0.096122	-0.091596	0.991146
0.963178	-0.259663	0.069741	0.250872	0.961255	0.114249	-0.096705	-0.092546	0.991001
0.963137	-0.259762	0.069935	0.250909	0.961191	0.114701	-0.097016	-0.092925	0.990935
0.963231	-0.259423	0.069898	0.250541	0.961247	0.115033	-0.097031	-0.093291	0.990899
0.963577	-0.258216	0.069597	0.249329	0.961519	0.115400	-0.096716	-0.093844	0.990878
0.963826	-0.257385	0.069221	0.248524	0.961712	0.115523	-0.096305	-0.094141	0.990890
0.963960	-0.256954	0.068957	0.248121	0.961819	0.115495	-0.096001	-0.094223	0.990912
0.963922	-0.257095	0.068961	0.248258	0.961779	0.115535	-0.096028	-0.094246	0.990907
0.963904	-0.257206	0.068811	0.248396	0.961761	0.115393	-0.095860	-0.094135	0.990934
0.963975	-0.257051	0.068380	0.248331	0.961837	0.114897	-0.095305	-0.093777	0.991021
0.963841	-0.257608	0.068175	0.249000	0.961781	0.113918	-0.094916	-0.092823	0.991148
0.963601	-0.258553	0.067990	0.250073	0.961641	0.112739	-0.094531	-0.091633	0.991296
0.963351	-0.259551	0.067731	0.251157	0.961438	0.112059	-0.094204	-0.090941	0.991391
0.963250	-0.259993	0.067469	0.251637	0.961331	0.111902	-0.093954	-0.090812	0.991426
0.963249	-0.260278	0.066382	0.251980	0.961190	0.112342	-0.093046	-0.091486	0.991450
0.963040	-0.260970	0.066698	0.252622	0.960998	0.112542	-0.093467	-0.091533	0.991406
0.962869	-0.261425	0.067379	0.252985	0.960867	0.112845	-0.094243	-0.091609	0.991325
0.962913	-0.261147	0.067831	0.252638	0.960924	0.113132	-0.094725	-0.091800	0.991262
0.962886	-0.261145	0.068222	0.252595	0.960930	0.113180	-0.095113	-0.091746	0.991230
0.962684	-0.261705	0.068917	0.253088	0.960797	0.113205	-0.095841	-0.091539	0.991179
0.962722	-0.261548	0.068981	0.252946	0.960860	0.112984	-0.095832	-0.091324	0.991199
0.962851	-0.261179	0.068585	0.252645	0.960976	0.112678	-0.095338	-0.091165	0.991262
0.962628	-0.261903	0.068951	0.253319	0.960780	0.112832	-0.095798	-0.091149	0.991219
