0.962929	-0.260771	0.069044	0.252105	0.961008	0.113609	-0.095978	-0.091991	0.991124
0.962867	-0.260994	0.069059	0.252398	0.961018	0.112870	-0.095826	-0.091249	0.991207
0.962818	-0.261297	0.068588	0.252806	0.960987	0.112218	-0.095234	-0.090706	0.991314
0.962698	-0.261597	0.069129	0.253092	0.960956	0.111843	-0.095688	-0.090175	0.991318
0.962659	-0.261468	0.070153	0.252892	0.961034	0.111625	-0.096606	-0.089715	0.991271
0.963008	-0.260263	0.069847	0.251681	0.961309	0.111992	-0.096292	-0.090270	0.991251
0.963240	-0.259472	0.069587	0.250877	0.961473	0.112387	-0.096068	-0.090798	0.991225
0.963169	-0.259589	0.070129	0.250905	0.961418	0.112795	-0.096703	-0.091045	0.991140
0.963166	-0.259609	0.070105	0.250851	0.961341	0.113569	-0.096879	-0.091799	0.991054
0.963200	-0.259627	0.069564	0.250844	0.961251	0.114341	-0.096554	-0.092683	0.991003
0.963048	-0.260233	0.069409	0.251404	0.961032	0.114953	-0.096619	-0.093256	0.990943
0.962994	-0.260513	0.069103	0.251659	0.960901	0.115487	-0.096487	-0.093823	0.990902
0.963019	-0.260465	0.068937	0.251601	0.960883	0.115762	-0.096392	-0.094136	0.990882
0.962964	-0.260696	0.068835	0.251842	0.960821	0.115752	-0.096314	-0.094129	0.990890
0.962769	-0.261329	0.069157	0.252503	0.960722	0.115135	-0.096529	-0.093386	0.990940
0.962679	-0.261596	0.069398	0.252881	0.960786	0.113759	-0.096435	-0.091964	0.991082
0.962702	-0.261546	0.069269	0.252936	0.960885	0.112803	-0.096063	-0.091075	0.991200
0.962632	-0.261821	0.069208	0.253239	0.960833	0.112563	-0.095969	-0.090831	0.991231
0.962508	-0.262211	0.069459	0.253607	0.960737	0.112549	-0.096243	-0.090714	0.991216
0.962517	-0.262104	0.069734	0.253465	0.960763	0.112645	-0.096523	-0.090748	0.991185
0.962533	-0.262006	0.069874	0.253359	0.960796	0.112604	-0.096637	-0.090682	0.991180
0.962708	-0.261206	0.070454	0.252495	0.961009	0.112731	-0.097153	-0.090737	0.991125
0.963089	-0.259946	0.069913	0.251255	0.961296	0.113053	-0.096594	-0.091314	0.991126
0.963248	-0.259380	0.069816	0.250653	0.961397	0.113531	-0.096568	-0.091859	0.991078
0.963245	-0.259314	0.070108	0.250546	0.961408	0.113672	-0.096879	-0.091928	0.991042
