0.881804	-0.463651	0.086307	0.438386	0.873308	0.212485	-0.173891	-0.149535	0.973345
0.881791	-0.463654	0.086430	0.438512	0.873437	0.211696	-0.173645	-0.148771	0.973506
0.881862	-0.463425	0.086933	0.438276	0.873647	0.211318	-0.173879	-0.148252	0.973544
0.882077	-0.462954	0.087252	0.437751	0.873895	0.211382	-0.174109	-0.148261	0.973501
0.882325	-0.462487	0.087231	0.437238	0.874080	0.211679	-0.174145	-0.148629	0.973439
0.882605	-0.462214	0.085832	0.437098	0.874039	0.212133	-0.173071	-0.149713	0.973464
0.882205	-0.463024	0.085570	0.437924	0.873603	0.212230	-0.173022	-0.149757	0.973466
0.881892	-0.463564	0.085882	0.438395	0.873345	0.212314	-0.173426	-0.149588	0.973420
0.882022	-0.463283	0.086064	0.438106	0.873514	0.212218	-0.173496	-0.149476	0.973425
0.882154	-0.462924	0.086637	0.437832	0.873879	0.211277	-0.173515	-0.148446	0.973579
0.881797	-0.463230	0.088607	0.438023	0.874031	0.210254	-0.174841	-0.146589	0.973623
0.881831	-0.463071	0.089106	0.437627	0.874010	0.211162	-0.175662	-0.147214	0.973381
0.882133	-0.462568	0.088727	0.437098	0.874157	0.211647	-0.175462	-0.147918	0.973310
0.881957	-0.463038	0.088018	0.437729	0.873920	0.211321	-0.174770	-0.147848	0.973446
0.881637	-0.463815	0.087135	0.438769	0.873584	0.210554	-0.173778	-0.147400	0.973691
0.881399	-0.464545	0.085633	0.439809	0.873185	0.210038	-0.172345	-0.147465	0.973936
0.882857	-0.462244	0.083024	0.438207	0.874380	0.208411	-0.168931	-0.147615	0.974511
0.884516	-0.459434	0.080939	0.435947	0.875799	0.207189	-0.166075	-0.147977	0.974947
0.885012	-0.458573	0.080404	0.435257	0.876256	0.206704	-0.165244	-0.147939	0.975094
0.884448	-0.459522	0.081192	0.435946	0.875731	0.207476	-0.166442	-0.148107	0.974865
0.883641	-0.460907	0.082117	0.437111	0.875055	0.207876	-0.167668	-0.147793	0.974702
0.883290	-0.461625	0.081861	0.437843	0.874665	0.207977	-0.167608	-0.147862	0.974702
0.882766	-0.462670	0.081613	0.438925	0.874136	0.207922	-0.167540	-0.147725	0.974735
0.882254	-0.463592	0.081914	0.439814	0.873718	0.207799	-0.167903	-0.147305	0.974736
0.882239	-0.463599	0.082045	0.439806	0.873730	0.207768	-0.168006	-0.147217	0.974731
