0.563955	-0.805488	-0.182053	0.774395	0.592404	-0.222192	0.286822	-0.015675	0.957856
0.563955	-0.805488	-0.182053	0.774395	0.592404	-0.222192	0.286822	-0.015675	0.957856
0.563955	-0.805488	-0.182053	0.774395	0.592404	-0.222192	0.286822	-0.015675	0.957856
0.563955	-0.805488	-0.182053	0.774395	0.592404	-0.222192	0.286822	-0.015675	0.957856
0.563955	-0.805488	-0.182053	0.774395	0.592404	-0.222192	0.286822	-0.015675	0.957856
0.564455	-0.805138	-0.182054	0.774060	0.592883	-0.222084	0.286745	-0.015564	0.957881
0.564455	-0.805138	-0.182054	0.774060	0.592883	-0.222084	0.286745	-0.015564	0.957881
0.564455	-0.805138	-0.182054	0.774060	0.592883	-0.222084	0.286745	-0.015564	0.957881
0.564455	-0.805138	-0.182054	0.774060	0.592883	-0.222084	0.286745	-0.015564	0.957881
0.564455	-0.805138	-0.182054	0.774060	0.592883	-0.222084	0.286745	-0.015564	0.957881
0.564347	-0.805292	-0.181705	0.774030	0.592689	-0.222705	0.287037	-0.014963	0.957803
0.564678	-0.805175	-0.181198	0.773735	0.592869	-0.223249	0.287181	-0.014136	0.957772
0.564678	-0.805175	-0.181198	0.773735	0.592869	-0.223249	0.287181	-0.014136	0.957772
0.564678	-0.805175	-0.181198	0.773735	0.592869	-0.223249	0.287181	-0.014136	0.957772
0.564678	-0.805175	-0.181198	0.773735	0.592869	-0.223249	0.287181	-0.014136	0.957772
0.564797	-0.804902	-0.182032	0.773665	0.593214	-0.222574	0.287134	-0.015123	0.957771
0.564692	-0.804727	-0.183128	0.773606	0.593424	-0.222220	0.287499	-0.016183	0.957644
0.564280	-0.804821	-0.183988	0.773712	0.593276	-0.222246	0.288024	-0.016945	0.957473
0.563659	-0.805124	-0.184563	0.774021	0.592847	-0.222314	0.288408	-0.017547	0.957347
0.563659	-0.805124	-0.184563	0.774021	0.592847	-0.222314	0.288408	-0.017547	0.957347
0.563659	-0.805124	-0.184563	0.774021	0.592847	-0.222314	0.288408	-0.017547	0.957347
0.563659	-0.805124	-0.184563	0.774021	0.592847	-0.222314	0.288408	-0.017547	0.957347
0.563659	-0.805124	-0.184563	0.774021	0.592847	-0.222314	0.288408	-0.017547	0.957347
0.563659	-0.805124	-0.184563	0.774021	0.592847	-0.222314	0.288408	-0.017547	0.957347
0.563659	-0.805124	-0.184563	0.774021	0.592847	-0.222314	0.288408	-0.017547	0.957347
