0.879739	-0.439669	-0.180970	0.402759	0.891410	-0.207783	0.252674	0.109907	0.961289
0.879539	-0.440368	-0.180243	0.403559	0.891054	-0.207755	0.252095	0.109990	0.961431
0.879395	-0.440959	-0.179498	0.404216	0.890732	-0.207860	0.251543	0.110235	0.961548
0.879329	-0.441343	-0.178878	0.404647	0.890509	-0.207977	0.251082	0.110498	0.961638
0.879390	-0.441401	-0.178436	0.404736	0.890450	-0.208055	0.250724	0.110742	0.961704
0.879486	-0.441261	-0.178307	0.404581	0.890495	-0.208167	0.250637	0.110941	0.961703
0.879469	-0.441179	-0.178590	0.404457	0.890544	-0.208196	0.250894	0.110870	0.961644
0.879469	-0.441179	-0.178590	0.404457	0.890544	-0.208196	0.250894	0.110870	0.961644
0.879470	-0.440913	-0.179244	0.404077	0.890686	-0.208328	0.251505	0.110789	0.961494
0.879470	-0.440913	-0.179244	0.404077	0.890686	-0.208328	0.251505	0.110789	0.961494
0.879470	-0.440913	-0.179244	0.404077	0.890686	-0.208328	0.251505	0.110789	0.961494
0.879470	-0.440913	-0.179244	0.404077	0.890686	-0.208328	0.251505	0.110789	0.961494
0.879470	-0.440913	-0.179244	0.404077	0.890686	-0.208328	0.251505	0.110789	0.961494
0.879470	-0.440913	-0.179244	0.404077	0.890686	-0.208328	0.251505	0.110789	0.961494
0.879470	-0.440913	-0.179244	0.404077	0.890686	-0.208328	0.251505	0.110789	0.961494
0.879957	-0.440222	-0.178553	0.403558	0.891011	-0.207942	0.250633	0.110924	0.961706
0.880250	-0.439694	-0.178409	0.402978	0.891217	-0.208183	0.250538	0.111358	0.961681
0.880250	-0.439694	-0.178409	0.402978	0.891217	-0.208183	0.250538	0.111358	0.961681
0.880529	-0.438804	-0.179217	0.401750	0.891563	-0.209074	0.251526	0.112095	0.961337
0.880557	-0.438591	-0.179602	0.401418	0.891650	-0.209340	0.251957	0.112241	0.961207
0.880557	-0.438591	-0.179602	0.401418	0.891650	-0.209340	0.251957	0.112241	0.961207
0.880253	-0.439145	-0.179739	0.401779	0.891323	-0.210040	0.252443	0.112673	0.961029
0.880253	-0.439145	-0.179739	0.401779	0.891323	-0.210040	0.252443	0.112673	0.961029
0.879734	-0.440133	-0.179864	0.402956	0.890962	-0.209314	0.252378	0.111663	0.961164
0.879734	-0.440133	-0.179864	0.402956	0.890962	-0.209314	0.252378	0.111663	0.961164
