0.848526	-0.500335	-0.172246	0.463286	0.859723	-0.215038	0.255675	0.102667	0.961296
0.848608	-0.500325	-0.171873	0.463420	0.859749	-0.214646	0.255160	0.102501	0.961450
0.848608	-0.500325	-0.171873	0.463420	0.859749	-0.214646	0.255160	0.102501	0.961450
0.848608	-0.500325	-0.171873	0.463420	0.859749	-0.214646	0.255160	0.102501	0.961450
0.848608	-0.500325	-0.171873	0.463420	0.859749	-0.214646	0.255160	0.102501	0.961450
0.848608	-0.500325	-0.171873	0.463420	0.859749	-0.214646	0.255160	0.102501	0.961450
0.848608	-0.500325	-0.171873	0.463420	0.859749	-0.214646	0.255160	0.102501	0.961450
0.848647	-0.500444	-0.171327	0.463611	0.859656	-0.214606	0.254681	0.102696	0.961557
0.848647	-0.500444	-0.171327	0.463611	0.859656	-0.214606	0.254681	0.102696	0.961557
0.848728	-0.500405	-0.171045	0.463659	0.859684	-0.214390	0.254326	0.102652	0.961655
0.848728	-0.500405	-0.171045	0.463659	0.859684	-0.214390	0.254326	0.102652	0.961655
0.848872	-0.500055	-0.171355	0.463461	0.859971	-0.213669	0.254206	0.101961	0.961760
0.849175	-0.499232	-0.172249	0.462692	0.860535	-0.213062	0.254594	0.101229	0.961735
0.849501	-0.498335	-0.173235	0.461754	0.861110	-0.212776	0.255208	0.100762	0.961622
0.849694	-0.497785	-0.173872	0.461150	0.861453	-0.212697	0.255659	0.100546	0.961524
0.849694	-0.497785	-0.173872	0.461150	0.861453	-0.212697	0.255659	0.100546	0.961524
0.849751	-0.497555	-0.174248	0.460886	0.861602	-0.212662	0.255944	0.100401	0.961464
0.849868	-0.497300	-0.174402	0.460612	0.861749	-0.212661	0.256047	0.100402	0.961436
0.849999	-0.496889	-0.174939	0.460127	0.861998	-0.212702	0.256486	0.100302	0.961329
0.849997	-0.496603	-0.175758	0.459713	0.862184	-0.212843	0.257234	0.100117	0.961149
0.849911	-0.496404	-0.176733	0.459322	0.862314	-0.213163	0.258215	0.099992	0.960899
0.849820	-0.496244	-0.177619	0.459019	0.862431	-0.213339	0.259052	0.099770	0.960697
0.849643	-0.496303	-0.178299	0.458984	0.862429	-0.213427	0.259695	0.099500	0.960551
0.849569	-0.496298	-0.178663	0.458936	0.862450	-0.213442	0.260019	0.099339	0.960480
0.849569	-0.496298	-0.178663	0.458936	0.862450	-0.213442	0.260019	0.099339	0.960480
