0.813137	-0.545482	-0.203120	0.504921	0.834632	-0.220102	0.289592	0.076414	0.954095
0.813137	-0.545482	-0.203120	0.504921	0.834632	-0.220102	0.289592	0.076414	0.954095
0.813137	-0.545482	-0.203120	0.504921	0.834632	-0.220102	0.289592	0.076414	0.954095
0.812903	-0.545547	-0.203880	0.505021	0.834654	-0.219788	0.290074	0.075703	0.954005
0.812789	-0.545447	-0.204600	0.504822	0.834742	-0.219912	0.290738	0.075456	0.953823
0.812809	-0.545156	-0.205295	0.504508	0.834967	-0.219775	0.291227	0.075062	0.953705
0.812809	-0.545156	-0.205295	0.504508	0.834967	-0.219775	0.291227	0.075062	0.953705
0.812771	-0.544966	-0.205951	0.504283	0.835124	-0.219699	0.291723	0.074707	0.953581
0.812771	-0.544966	-0.205951	0.504283	0.835124	-0.219699	0.291723	0.074707	0.953581
0.812771	-0.544966	-0.205951	0.504283	0.835124	-0.219699	0.291723	0.074707	0.953581
0.812771	-0.544966	-0.205951	0.504283	0.835124	-0.219699	0.291723	0.074707	0.953581
0.812771	-0.544966	-0.205951	0.504283	0.835124	-0.219699	0.291723	0.074707	0.953581
0.812771	-0.544966	-0.205951	0.504283	0.835124	-0.219699	0.291723	0.074707	0.953581
0.812771	-0.544966	-0.205951	0.504283	0.835124	-0.219699	0.291723	0.074707	0.953581
0.812771	-0.544966	-0.205951	0.504283	0.835124	-0.219699	0.291723	0.074707	0.953581
0.812771	-0.544966	-0.205951	0.504283	0.835124	-0.219699	0.291723	0.074707	0.953581
0.813101	-0.544364	-0.206238	0.503700	0.835525	-0.219509	0.291810	0.074601	0.953563
0.813101	-0.544364	-0.206238	0.503700	0.835525	-0.219509	0.291810	0.074601	0.953563
0.812991	-0.544315	-0.206800	0.503730	0.835615	-0.219099	0.292064	0.073954	0.953535
0.812991	-0.544315	-0.206800	0.503730	0.835615	-0.219099	0.292064	0.073954	0.953535
0.812865	-0.544343	-0.207224	0.503704	0.835612	-0.219167	0.292460	0.073773	0.953428
0.812865	-0.544343	-0.207224	0.503704	0.835612	-0.219167	0.292460	0.073773	0.953428
0.812865	-0.544343	-0.207224	0.503704	0.835612	-0.219167	0.292460	0.073773	0.953428
0.812865	-0.544343	-0.207224	0.503704	0.835612	-0.219167	0.292460	0.073773	0.953428
0.813234	-0.544013	-0.206642	0.503278	0.835755	-0.219601	0.292167	0.074589	0.953454
