0.906634	-0.369806	-0.203121	0.336549	0.924214	-0.180452	0.254459	0.095244	0.962382
0.906634	-0.369806	-0.203121	0.336549	0.924214	-0.180452	0.254459	0.095244	0.962382
0.906533	-0.370294	-0.202681	0.336905	0.923947	-0.181154	0.254347	0.095938	0.962343
0.906533	-0.370294	-0.202681	0.336905	0.923947	-0.181154	0.254347	0.095938	0.962343
0.906630	-0.370515	-0.201844	0.337198	0.923828	-0.181217	0.253613	0.096235	0.962507
0.906729	-0.370580	-0.201279	0.337247	0.923753	-0.181507	0.253195	0.096697	0.962571
0.906696	-0.371116	-0.200436	0.337708	0.923457	-0.182156	0.252696	0.097472	0.962624
0.906641	-0.371537	-0.199907	0.338096	0.923243	-0.182522	0.252376	0.097894	0.962665
0.906641	-0.371537	-0.199907	0.338096	0.923243	-0.182522	0.252376	0.097894	0.962665
0.906098	-0.372973	-0.199692	0.339662	0.922729	-0.182213	0.252222	0.097275	0.962768
0.905969	-0.373326	-0.199617	0.340054	0.922604	-0.182116	0.252156	0.097111	0.962802
0.905969	-0.373326	-0.199617	0.340054	0.922604	-0.182116	0.252156	0.097111	0.962802
0.905969	-0.373326	-0.199617	0.340054	0.922604	-0.182116	0.252156	0.097111	0.962802
0.905969	-0.373326	-0.199617	0.340054	0.922604	-0.182116	0.252156	0.097111	0.962802
0.905559	-0.374303	-0.199651	0.341184	0.922291	-0.181583	0.252104	0.096316	0.962895
0.905217	-0.374953	-0.199980	0.341900	0.922091	-0.181253	0.252361	0.095700	0.962889
0.905217	-0.374953	-0.199980	0.341900	0.922091	-0.181253	0.252361	0.095700	0.962889
0.905356	-0.374271	-0.200628	0.341261	0.922419	-0.180788	0.252727	0.095210	0.962842
0.905626	-0.373158	-0.201479	0.340085	0.922885	-0.180626	0.253344	0.095060	0.962694
0.905626	-0.373158	-0.201479	0.340085	0.922885	-0.180626	0.253344	0.095060	0.962694
0.905983	-0.372141	-0.201755	0.338962	0.923254	-0.180848	0.253572	0.095458	0.962595
0.906195	-0.371651	-0.201710	0.338432	0.923423	-0.180983	0.253526	0.095741	0.962579
0.906195	-0.371651	-0.201710	0.338432	0.923423	-0.180983	0.253526	0.095741	0.962579
0.906478	-0.371107	-0.201439	0.337898	0.923613	-0.181008	0.253225	0.096014	0.962631
0.906478	-0.371107	-0.201439	0.337898	0.923613	-0.181008	0.253225	0.096014	0.962631
