0.811149	-0.554956	-0.184556	0.516494	0.827790	-0.219084	0.274356	0.082388	0.958092
0.810842	-0.555096	-0.185483	0.516582	0.827760	-0.218990	0.275096	0.081749	0.957935
0.810569	-0.555235	-0.186261	0.516660	0.827714	-0.218979	0.275755	0.081264	0.957787
0.810569	-0.555235	-0.186261	0.516660	0.827714	-0.218979	0.275755	0.081264	0.957787
0.810970	-0.554463	-0.186813	0.515716	0.828203	-0.219354	0.276343	0.081547	0.957593
0.811572	-0.553538	-0.186939	0.514730	0.828789	-0.219458	0.276412	0.081883	0.957545
0.811995	-0.552834	-0.187186	0.513870	0.829213	-0.219871	0.276769	0.082345	0.957402
0.812724	-0.551900	-0.186779	0.512774	0.829728	-0.220488	0.276663	0.083420	0.957339
0.813698	-0.550804	-0.185771	0.511583	0.830312	-0.221055	0.276006	0.084835	0.957405
0.814502	-0.549967	-0.184723	0.510733	0.830751	-0.221368	0.275204	0.085960	0.957535
0.814894	-0.549571	-0.184171	0.510328	0.830951	-0.221554	0.274796	0.086555	0.957599
0.814894	-0.549571	-0.184171	0.510328	0.830951	-0.221554	0.274796	0.086555	0.957599
0.814894	-0.549571	-0.184171	0.510328	0.830951	-0.221554	0.274796	0.086555	0.957599
0.814894	-0.549571	-0.184171	0.510328	0.830951	-0.221554	0.274796	0.086555	0.957599
0.814894	-0.549571	-0.184171	0.510328	0.830951	-0.221554	0.274796	0.086555	0.957599
0.815361	-0.549122	-0.183441	0.509872	0.831170	-0.221782	0.274256	0.087301	0.957686
0.815627	-0.548887	-0.182963	0.509688	0.831293	-0.221744	0.273808	0.087607	0.957786
0.815627	-0.548887	-0.182963	0.509688	0.831293	-0.221744	0.273808	0.087607	0.957786
0.815922	-0.548627	-0.182425	0.509333	0.831379	-0.222234	0.273588	0.088411	0.957775
0.816061	-0.548553	-0.182030	0.509375	0.831429	-0.221952	0.273098	0.088405	0.957916
0.816061	-0.548553	-0.182030	0.509375	0.831429	-0.221952	0.273098	0.088405	0.957916
0.815112	-0.549404	-0.183706	0.510278	0.831055	-0.221279	0.274241	0.086625	0.957751
0.813950	-0.550706	-0.184953	0.511603	0.830342	-0.220896	0.275223	0.085176	0.957600
0.813349	-0.551319	-0.185770	0.512332	0.830056	-0.220279	0.275643	0.083988	0.957584
0.813148	-0.551351	-0.186551	0.512384	0.830106	-0.219972	0.276139	0.083284	0.957503
