0.570366	-0.808618	0.144287	0.815585	0.578377	0.017352	-0.097484	0.107781	0.989384
0.570440	-0.808601	0.144095	0.815517	0.578463	0.017642	-0.097619	0.107448	0.989407
0.569949	-0.809037	0.143587	0.815868	0.577957	0.018009	-0.097557	0.106885	0.989474
0.569471	-0.809449	0.143163	0.816215	0.577459	0.018249	-0.097443	0.106460	0.989531
0.569130	-0.809685	0.143182	0.816445	0.577130	0.018369	-0.097507	0.106446	0.989526
0.568905	-0.809830	0.143255	0.816598	0.576914	0.018402	-0.097548	0.106513	0.989515
0.568912	-0.809865	0.143033	0.816630	0.576875	0.018186	-0.097240	0.106458	0.989551
0.568985	-0.809798	0.143123	0.816558	0.576973	0.018323	-0.097416	0.106443	0.989535
0.569638	-0.809208	0.143856	0.816001	0.577748	0.018718	-0.098259	0.106724	0.989422
0.570147	-0.808896	0.143595	0.815659	0.578231	0.018686	-0.098146	0.106471	0.989460
0.570268	-0.808740	0.143993	0.815605	0.578327	0.018078	-0.097895	0.107133	0.989414
0.570411	-0.808578	0.144336	0.815488	0.578494	0.017970	-0.098028	0.107454	0.989366
0.570634	-0.808310	0.144953	0.815296	0.578768	0.017861	-0.098331	0.107987	0.989277
0.570574	-0.808281	0.145351	0.815329	0.578727	0.017675	-0.098405	0.108424	0.989222
0.570323	-0.808548	0.144852	0.815524	0.578447	0.017882	-0.098248	0.107932	0.989292
0.571385	-0.807814	0.144762	0.814827	0.579446	0.017302	-0.097858	0.108070	0.989315
0.573260	-0.806529	0.144515	0.813559	0.581244	0.016672	-0.097445	0.108014	0.989362
0.572548	-0.807039	0.144485	0.814027	0.580574	0.017145	-0.097721	0.107798	0.989358
0.572225	-0.807280	0.144425	0.814226	0.580283	0.017520	-0.097951	0.107569	0.989361
0.573025	-0.806682	0.144591	0.813624	0.581123	0.017671	-0.098280	0.107517	0.989334
0.574232	-0.805757	0.144958	0.812686	0.582421	0.018072	-0.098988	0.107428	0.989273
0.574264	-0.805902	0.144025	0.812755	0.582333	0.017822	-0.098234	0.106823	0.989413
0.573222	-0.806729	0.143541	0.813550	0.581225	0.017738	-0.097739	0.106610	0.989485
0.572977	-0.806815	0.144038	0.813670	0.581050	0.017958	-0.098182	0.106910	0.989409
0.573578	-0.806264	0.144726	0.813208	0.581702	0.017737	-0.098488	0.107519	0.989313
