0.755536	-0.637375	0.151390	0.645634	0.763613	-0.007218	-0.111003	0.103196	0.988448
0.753598	-0.639506	0.152057	0.647644	0.761925	-0.005309	-0.112461	0.102479	0.988357
0.751748	-0.641881	0.151206	0.649814	0.760082	-0.004062	-0.112322	0.101310	0.988494
0.749534	-0.644465	0.151206	0.652354	0.757907	-0.003418	-0.112397	0.101202	0.988496
0.747788	-0.646426	0.151482	0.654272	0.756255	-0.002603	-0.112877	0.101056	0.988457
0.747173	-0.646927	0.152374	0.654839	0.755764	-0.002320	-0.113658	0.101514	0.988320
0.747781	-0.646065	0.153046	0.654115	0.756389	-0.002990	-0.113830	0.102345	0.988215
0.747935	-0.645889	0.153039	0.653977	0.756507	-0.003350	-0.113611	0.102589	0.988215
0.747134	-0.646785	0.153167	0.654900	0.755708	-0.003375	-0.113567	0.102831	0.988195
0.747235	-0.646583	0.153527	0.654802	0.755790	-0.003971	-0.113467	0.103497	0.988136
0.748992	-0.644372	0.154260	0.652799	0.757512	-0.005324	-0.113423	0.104688	0.988016
0.750174	-0.642863	0.154810	0.651371	0.758738	-0.005667	-0.113817	0.105091	0.987928
0.752944	-0.639264	0.156257	0.648072	0.761545	-0.007258	-0.114357	0.106731	0.987690
0.757931	-0.633015	0.157581	0.642275	0.766402	-0.010511	-0.114116	0.109177	0.987450
0.759800	-0.630161	0.160001	0.639706	0.768542	-0.010899	-0.116099	0.110635	0.987057
0.762089	-0.627484	0.159641	0.636960	0.770819	-0.010924	-0.116199	0.110010	0.987115
0.763582	-0.625831	0.158993	0.635218	0.772256	-0.010939	-0.115937	0.109348	0.987219
0.763513	-0.625712	0.159791	0.635059	0.772401	-0.009860	-0.117253	0.109005	0.987102
0.763217	-0.626000	0.160078	0.635165	0.772334	-0.008043	-0.118599	0.107815	0.987072
0.763398	-0.625851	0.159796	0.634956	0.772509	-0.007812	-0.118554	0.107427	0.987119
0.763642	-0.626059	0.157800	0.634988	0.772479	-0.008147	-0.116797	0.106423	0.987437
0.762430	-0.627754	0.156928	0.636514	0.771230	-0.007355	-0.116411	0.105495	0.987583
0.762389	-0.628051	0.155932	0.636739	0.771042	-0.007623	-0.115442	0.105099	0.987738
0.761776	-0.629184	0.154355	0.637523	0.770408	-0.005964	-0.115164	0.102948	0.987997
0.761597	-0.629654	0.153316	0.637950	0.770050	-0.006491	-0.113974	0.102752	0.988156
0.760593	-0.631129	0.152233	0.639323	0.768911	-0.006452	-0.112982	0.102233	0.988324
