0.504769	-0.849287	0.154662	0.859363	0.511355	0.003279	-0.081872	0.131256	0.987962
0.504198	-0.849498	0.155361	0.859685	0.510814	0.003118	-0.082009	0.131989	0.987853
0.504149	-0.849453	0.155765	0.859717	0.510763	0.002849	-0.081979	0.132477	0.987790
0.504626	-0.849166	0.155789	0.859431	0.511244	0.002826	-0.082046	0.132464	0.987786
0.507669	-0.847343	0.155825	0.857683	0.514176	0.001694	-0.081557	0.132789	0.987783
0.508404	-0.846919	0.155738	0.857276	0.514855	0.001268	-0.081257	0.132866	0.987798
0.507019	-0.847469	0.157252	0.858015	0.513622	0.001584	-0.082111	0.134121	0.987557
0.507703	-0.846961	0.157778	0.857613	0.514295	0.001108	-0.082083	0.134750	0.987474
0.508828	-0.846252	0.157962	0.856930	0.515431	0.000979	-0.082247	0.134864	0.987445
0.509179	-0.845973	0.158324	0.856713	0.515792	0.000796	-0.082336	0.135233	0.987387
0.509831	-0.845475	0.158884	0.856288	0.516498	0.000780	-0.082723	0.135653	0.987297
0.510284	-0.845249	0.158631	0.856005	0.516967	0.001008	-0.082859	0.135274	0.987337
0.509457	-0.845932	0.157646	0.856540	0.516079	0.001248	-0.082413	0.134395	0.987495
0.508807	-0.846700	0.155613	0.857001	0.515311	0.001711	-0.081638	0.132490	0.987817
0.506755	-0.848553	0.152172	0.858251	0.513217	0.003740	-0.081271	0.128707	0.988347
0.505008	-0.849696	0.151603	0.859350	0.511376	0.003536	-0.080530	0.128494	0.988435
0.503398	-0.850694	0.151359	0.860210	0.509916	0.004981	-0.081418	0.127693	0.988466
0.503547	-0.850612	0.151328	0.860081	0.510128	0.005482	-0.081860	0.127394	0.988468
0.504051	-0.850262	0.151613	0.859816	0.510582	0.004861	-0.081545	0.127909	0.988428
0.503954	-0.850263	0.151935	0.859881	0.510474	0.004585	-0.081457	0.128335	0.988380
0.503526	-0.850454	0.152284	0.860130	0.510056	0.004474	-0.081478	0.128731	0.988327
0.503606	-0.850412	0.152250	0.860091	0.510122	0.004376	-0.081387	0.128745	0.988332
0.503730	-0.850275	0.152608	0.859990	0.510292	0.004493	-0.081695	0.128978	0.988277
0.504087	-0.849998	0.152967	0.859773	0.510659	0.004307	-0.081775	0.129346	0.988222
0.504275	-0.849792	0.153496	0.859633	0.510893	0.004310	-0.082082	0.129777	0.988140
