0.570153	-0.807945	0.148828	0.815222	0.578829	0.019223	-0.101677	0.110368	0.988676
0.570638	-0.807618	0.148746	0.814912	0.579276	0.018918	-0.101444	0.110420	0.988694
0.570806	-0.807515	0.148664	0.814828	0.579403	0.018622	-0.101174	0.110507	0.988712
0.570996	-0.807588	0.147528	0.814755	0.579500	0.018809	-0.100682	0.109459	0.988879
0.570894	-0.807633	0.147679	0.814798	0.579433	0.019000	-0.100915	0.109482	0.988853
0.571031	-0.807529	0.147716	0.814718	0.579553	0.018802	-0.100792	0.109610	0.988851
0.571507	-0.807189	0.147735	0.814406	0.580000	0.018484	-0.100607	0.109752	0.988854
0.571876	-0.806952	0.147599	0.814173	0.580335	0.018267	-0.100397	0.109724	0.988879
0.571558	-0.807155	0.147721	0.814369	0.580052	0.018504	-0.100622	0.109724	0.988856
0.571482	-0.807128	0.148161	0.814374	0.580040	0.018674	-0.101011	0.109987	0.988787
0.571043	-0.807483	0.147922	0.814683	0.579599	0.018906	-0.101002	0.109713	0.988818
0.570797	-0.807634	0.148050	0.814898	0.579311	0.018439	-0.100659	0.110121	0.988808
0.571142	-0.807359	0.148216	0.814664	0.579647	0.018181	-0.100592	0.110362	0.988788
0.571680	-0.806916	0.148551	0.814249	0.580229	0.018218	-0.100894	0.110543	0.988737
0.572055	-0.806642	0.148598	0.814013	0.580572	0.017862	-0.100680	0.110743	0.988736
0.571774	-0.806859	0.148501	0.814206	0.580296	0.018014	-0.100709	0.110611	0.988748
0.571745	-0.806858	0.148620	0.814209	0.580289	0.018112	-0.100857	0.110652	0.988728
0.572254	-0.806458	0.148828	0.813860	0.580789	0.017788	-0.100783	0.110946	0.988703
0.572801	-0.806050	0.148940	0.813476	0.581332	0.017609	-0.100777	0.111073	0.988689
0.573024	-0.805904	0.148868	0.813323	0.581546	0.017576	-0.100738	0.111006	0.988701
0.573248	-0.805759	0.148795	0.813171	0.581761	0.017543	-0.100699	0.110939	0.988712
0.573896	-0.805201	0.149312	0.812645	0.582489	0.017725	-0.101245	0.111165	0.988631
0.574024	-0.805091	0.149414	0.812504	0.582674	0.018126	-0.101653	0.110995	0.988609
0.574001	-0.805074	0.149593	0.812535	0.582638	0.017856	-0.101534	0.111300	0.988586
0.574078	-0.804991	0.149745	0.812492	0.582706	0.017625	-0.101445	0.111548	0.988568
