0.828153	-0.544368	0.133512	0.553556	0.831732	-0.042396	-0.087968	0.109017	0.990140
0.827129	-0.545980	0.133281	0.555084	0.830749	-0.041671	-0.087972	0.108450	0.990202
0.826973	-0.546467	0.132251	0.555394	0.830580	-0.040914	-0.087487	0.107286	0.990372
0.826889	-0.547094	0.130161	0.555670	0.830467	-0.039436	-0.086519	0.104936	0.990708
0.825848	-0.548821	0.129501	0.557274	0.829424	-0.038752	-0.086143	0.104171	0.990822
0.823841	-0.551691	0.130088	0.560126	0.827550	-0.037684	-0.086865	0.103911	0.990786
0.822949	-0.553054	0.129951	0.561321	0.826820	-0.035878	-0.087603	0.102470	0.990871
0.823749	-0.551887	0.129843	0.560181	0.827571	-0.036373	-0.087381	0.102698	0.990867
0.824701	-0.550238	0.130793	0.558759	0.828464	-0.037893	-0.087507	0.104332	0.990685
0.825101	-0.549351	0.131993	0.558036	0.828930	-0.038351	-0.088345	0.105300	0.990508
0.825670	-0.548225	0.133110	0.557087	0.829536	-0.039051	-0.089011	0.106397	0.990332
0.825975	-0.547616	0.133725	0.556572	0.829865	-0.039383	-0.089407	0.106957	0.990236
0.825793	-0.547936	0.133540	0.556869	0.829667	-0.039348	-0.089233	0.106857	0.990262
0.825281	-0.548662	0.133722	0.557609	0.829177	-0.039230	-0.089355	0.106941	0.990242
0.825392	-0.548528	0.133585	0.557499	0.829229	-0.039673	-0.089011	0.107219	0.990243
0.825554	-0.548353	0.133299	0.557311	0.829345	-0.039884	-0.088680	0.107216	0.990273
0.825382	-0.548609	0.133315	0.557569	0.829172	-0.039880	-0.088663	0.107249	0.990271
0.825572	-0.548302	0.133404	0.557271	0.829372	-0.039883	-0.088773	0.107268	0.990259
0.825753	-0.547966	0.133657	0.556943	0.829602	-0.039681	-0.089138	0.107206	0.990233
0.825435	-0.548313	0.134200	0.557288	0.829404	-0.038989	-0.089927	0.106971	0.990187
0.825758	-0.547926	0.133792	0.556908	0.829631	-0.039578	-0.089312	0.107191	0.990219
0.826156	-0.547364	0.133636	0.556397	0.829936	-0.040364	-0.088816	0.107702	0.990208
0.826462	-0.546791	0.134088	0.555886	0.830270	-0.040531	-0.089168	0.108035	0.990140
0.826549	-0.546458	0.134908	0.555647	0.830427	-0.040585	-0.089854	0.108507	0.990027
0.826665	-0.546020	0.135964	0.555386	0.830568	-0.041273	-0.090391	0.109631	0.989854
