0.567085	-0.809788	0.150525	0.817241	0.575960	0.019671	-0.102626	0.111860	0.988410
0.566552	-0.810051	0.151114	0.817550	0.575512	0.019914	-0.103099	0.112261	0.988316
0.565133	-0.810902	0.151861	0.818497	0.574164	0.019958	-0.103377	0.113019	0.988200
0.564623	-0.811284	0.151717	0.818873	0.573629	0.019918	-0.103189	0.112991	0.988223
0.564920	-0.811132	0.151426	0.818684	0.573899	0.019927	-0.103067	0.112713	0.988268
0.564630	-0.811268	0.151779	0.818902	0.573601	0.019550	-0.102921	0.113253	0.988221
0.563645	-0.811913	0.151989	0.819581	0.572630	0.019558	-0.102913	0.113543	0.988189
0.563008	-0.812374	0.151893	0.820034	0.571980	0.019594	-0.102797	0.113526	0.988203
0.562843	-0.812438	0.152160	0.820113	0.571860	0.019755	-0.103064	0.113669	0.988158
0.563012	-0.812232	0.152631	0.819933	0.572110	0.020011	-0.103575	0.113880	0.988081
0.562734	-0.812358	0.152988	0.820026	0.571951	0.020734	-0.104345	0.113786	0.988010
0.562754	-0.812397	0.152703	0.820119	0.571846	0.019917	-0.103503	0.114026	0.988072
0.563187	-0.812091	0.152733	0.819847	0.572248	0.019575	-0.103297	0.114193	0.988074
0.564838	-0.810965	0.152622	0.818681	0.573912	0.019662	-0.103537	0.113843	0.988089
0.565304	-0.810718	0.152209	0.818348	0.574376	0.019983	-0.103626	0.113263	0.988146
0.565135	-0.810924	0.151738	0.818529	0.574127	0.019728	-0.103114	0.113053	0.988224
0.564808	-0.811296	0.150963	0.818796	0.573739	0.019934	-0.102786	0.112349	0.988338
0.564413	-0.811712	0.150204	0.819011	0.573391	0.021090	-0.103244	0.111115	0.988430
0.564546	-0.811756	0.149464	0.818972	0.573447	0.021087	-0.102828	0.110502	0.988542
0.563755	-0.812316	0.149411	0.819536	0.572640	0.021064	-0.102669	0.110572	0.988551
0.563540	-0.812435	0.149568	0.819685	0.572430	0.020975	-0.102659	0.110779	0.988529
0.563703	-0.812349	0.149425	0.819573	0.572588	0.021045	-0.102655	0.110601	0.988549
0.563701	-0.812188	0.150302	0.819532	0.572654	0.020836	-0.102994	0.111432	0.988421
0.563879	-0.811856	0.151426	0.819342	0.572932	0.020665	-0.103534	0.112417	0.988253
0.564251	-0.811570	0.151571	0.819107	0.573281	0.020292	-0.103361	0.112704	0.988238
