0.946575	-0.303774	0.108249	0.311007	0.948675	-0.057354	-0.085271	0.087956	0.992468
0.946674	-0.303633	0.107772	0.310793	0.948767	-0.056998	-0.084944	0.087453	0.992540
0.946685	-0.303685	0.107527	0.310827	0.948753	-0.057040	-0.084695	0.087421	0.992564
0.946644	-0.303969	0.107088	0.311045	0.948702	-0.056710	-0.084356	0.086994	0.992631
0.946589	-0.304119	0.107147	0.311185	0.948666	-0.056533	-0.084454	0.086856	0.992635
0.946562	-0.304186	0.107193	0.311267	0.948632	-0.056651	-0.084455	0.086989	0.992623
0.946478	-0.304433	0.107235	0.311524	0.948544	-0.056723	-0.084449	0.087093	0.992614
0.946533	-0.304171	0.107493	0.311304	0.948601	-0.056962	-0.084642	0.087380	0.992573
0.946688	-0.303656	0.107591	0.310792	0.948773	-0.056908	-0.084799	0.087313	0.992565
0.946636	-0.303768	0.107727	0.310867	0.948783	-0.056326	-0.085099	0.086809	0.992584
0.946679	-0.303693	0.107562	0.310749	0.948842	-0.055987	-0.085057	0.086426	0.992621
0.946619	-0.303915	0.107459	0.310934	0.948800	-0.055660	-0.085041	0.086102	0.992650
0.946545	-0.304333	0.106925	0.311334	0.948650	-0.055985	-0.084397	0.086281	0.992690
0.946582	-0.303890	0.107856	0.311056	0.948682	-0.056974	-0.085007	0.087480	0.992533
0.946810	-0.302802	0.108910	0.310139	0.948927	-0.057897	-0.085816	0.088594	0.992364
0.946611	-0.303202	0.109526	0.310592	0.948781	-0.057861	-0.086373	0.088790	0.992298
0.946593	-0.303252	0.109546	0.310639	0.948769	-0.057802	-0.086405	0.088744	0.992300
0.947007	-0.302888	0.106944	0.309985	0.949024	-0.057130	-0.084188	0.087253	0.992622
0.947293	-0.302564	0.105318	0.309563	0.949127	-0.057685	-0.082507	0.087247	0.992764
0.947025	-0.303646	0.104607	0.310526	0.948855	-0.056980	-0.081956	0.086444	0.992880
0.946821	-0.304647	0.103539	0.311308	0.948693	-0.055395	-0.081351	0.084682	0.993082
0.946596	-0.305319	0.103618	0.311996	0.948461	-0.055495	-0.081334	0.084860	0.993068
0.946608	-0.305154	0.103990	0.311898	0.948468	-0.055934	-0.081563	0.085382	0.993004
0.946743	-0.304718	0.104044	0.311467	0.948608	-0.055952	-0.081647	0.085378	0.992998
0.946637	-0.305070	0.103972	0.311758	0.948553	-0.055271	-0.081761	0.084736	0.993043
