0.820351	-0.554283	0.140693	0.563924	0.824947	-0.038105	-0.094943	0.110600	0.989320
0.819818	-0.555301	0.139783	0.564813	0.824354	-0.037772	-0.094256	0.109917	0.989461
0.819108	-0.556421	0.139490	0.565886	0.823628	-0.037550	-0.093994	0.109693	0.989511
0.819025	-0.556681	0.138939	0.566027	0.823559	-0.036922	-0.093871	0.108884	0.989612
0.818837	-0.557060	0.138525	0.566331	0.823366	-0.036589	-0.093675	0.108412	0.989683
0.817874	-0.558480	0.138502	0.567688	0.822461	-0.035879	-0.093875	0.107970	0.989712
0.816679	-0.560343	0.138022	0.569427	0.821297	-0.035002	-0.093744	0.107179	0.989810
0.815675	-0.561804	0.138026	0.570857	0.820320	-0.034589	-0.093793	0.107007	0.989824
0.813918	-0.564351	0.138007	0.573304	0.818662	-0.033402	-0.094131	0.106306	0.989868
0.808951	-0.571543	0.137612	0.580160	0.813955	-0.029874	-0.094935	0.104003	0.990036
0.803820	-0.578957	0.136682	0.587202	0.809005	-0.026526	-0.095219	0.101582	0.990260
0.801136	-0.582743	0.136351	0.590871	0.806366	-0.025404	-0.095145	0.100918	0.990335
0.803728	-0.578498	0.139142	0.587204	0.808931	-0.028659	-0.095977	0.104739	0.989858
0.807459	-0.572956	0.140466	0.582008	0.812588	-0.031115	-0.096313	0.106877	0.989596
0.810722	-0.567878	0.142281	0.577336	0.815817	-0.033552	-0.097022	0.109345	0.989258
0.811939	-0.565699	0.144012	0.575573	0.816960	-0.035947	-0.097317	0.112077	0.988923
0.813400	-0.563682	0.143680	0.573570	0.818338	-0.036604	-0.096946	0.112184	0.988947
0.814292	-0.562427	0.143541	0.572346	0.819170	-0.037156	-0.096687	0.112411	0.988947
0.814460	-0.562123	0.143783	0.572087	0.819341	-0.037358	-0.096808	0.112684	0.988904
0.815066	-0.561322	0.143473	0.571260	0.819912	-0.037498	-0.096587	0.112524	0.988944
0.815505	-0.560749	0.143221	0.570655	0.820334	-0.037492	-0.096465	0.112305	0.988980
0.815786	-0.560356	0.143161	0.570263	0.820601	-0.037608	-0.096404	0.112320	0.988985
0.815968	-0.560290	0.142377	0.570082	0.820739	-0.037337	-0.095935	0.111632	0.989108
0.816200	-0.560381	0.140679	0.569871	0.820937	-0.036186	-0.095210	0.109704	0.989394
0.816817	-0.559600	0.140207	0.569101	0.821439	-0.036899	-0.094523	0.109932	0.989434
