0.961509	-0.251740	0.110121	0.259588	0.963615	-0.063715	-0.090075	0.089849	0.991874
0.961234	-0.253449	0.108592	0.261163	0.963189	-0.063728	-0.088443	0.089617	0.992042
0.961296	-0.253237	0.108541	0.261004	0.963189	-0.064372	-0.088244	0.090210	0.992006
0.961645	-0.251676	0.109080	0.259482	0.963606	-0.064290	-0.088930	0.090128	0.991952
0.961915	-0.250263	0.109945	0.258113	0.963997	-0.063940	-0.089985	0.089883	0.991879
0.961855	-0.250086	0.110871	0.258018	0.964023	-0.063927	-0.090895	0.090095	0.991777
0.961525	-0.251114	0.111410	0.259107	0.963724	-0.064034	-0.091289	0.090437	0.991709
0.961117	-0.252835	0.111035	0.260748	0.963318	-0.063481	-0.090912	0.089965	0.991787
0.961029	-0.254073	0.108951	0.261734	0.963098	-0.062750	-0.088987	0.088821	0.992065
0.960772	-0.255543	0.107773	0.263107	0.962719	-0.062818	-0.087703	0.088710	0.992189
0.960598	-0.256057	0.108103	0.263697	0.962525	-0.063326	-0.087837	0.089337	0.992121
0.960856	-0.254662	0.109102	0.262455	0.962815	-0.064063	-0.088730	0.090190	0.991964
0.960912	-0.253722	0.110783	0.261632	0.963065	-0.063677	-0.090535	0.090173	0.991803
0.960798	-0.253726	0.111762	0.261686	0.963078	-0.063253	-0.091587	0.090020	0.991720
0.960722	-0.253499	0.112920	0.261649	0.963028	-0.064157	-0.092481	0.091182	0.991531
0.960746	-0.253065	0.113691	0.261409	0.963004	-0.065482	-0.092914	0.092631	0.991356
0.960602	-0.253372	0.114219	0.261890	0.962782	-0.066809	-0.093040	0.094090	0.991207
0.960375	-0.254305	0.114057	0.262853	0.962488	-0.067264	-0.092673	0.094579	0.991194
0.960176	-0.255383	0.113320	0.263797	0.962279	-0.066555	-0.092048	0.093798	0.991327
0.960299	-0.255225	0.112635	0.263561	0.962353	-0.066423	-0.091442	0.093472	0.991414
0.960337	-0.255390	0.111933	0.263662	0.962324	-0.066439	-0.090748	0.093316	0.991492
0.960383	-0.255308	0.111721	0.263624	0.962286	-0.067145	-0.090364	0.093937	0.991469
0.960352	-0.255508	0.111529	0.263794	0.962249	-0.067008	-0.090198	0.093772	0.991499
0.960659	-0.254372	0.111486	0.262698	0.962513	-0.067515	-0.090133	0.094146	0.991470
0.960925	-0.253489	0.111201	0.261786	0.962762	-0.067507	-0.089948	0.093981	0.991502
