0.661632	-0.735171	0.147534	0.743575	0.668647	-0.002730	-0.096641	0.111509	0.989053
0.662856	-0.733958	0.148082	0.742503	0.669833	-0.003665	-0.096500	0.112381	0.988968
0.663184	-0.733571	0.148529	0.742209	0.670155	-0.004142	-0.096499	0.112987	0.988899
0.663000	-0.733763	0.148398	0.742374	0.669974	-0.003990	-0.096495	0.112812	0.988920
0.663307	-0.733463	0.148509	0.742091	0.670287	-0.004066	-0.096562	0.112905	0.988903
0.663837	-0.732972	0.148567	0.741607	0.670822	-0.004123	-0.096640	0.112915	0.988894
0.664651	-0.732267	0.148405	0.740909	0.671590	-0.004464	-0.096399	0.112922	0.988917
0.665210	-0.731764	0.148379	0.740389	0.672165	-0.004367	-0.096540	0.112763	0.988921
0.666090	-0.731087	0.147772	0.739622	0.673010	-0.004235	-0.096356	0.112116	0.989012
0.667049	-0.730236	0.147651	0.738797	0.673911	-0.004732	-0.096048	0.112240	0.989028
0.667521	-0.729843	0.147461	0.738358	0.674393	-0.004537	-0.096135	0.111908	0.989057
0.668034	-0.729413	0.147266	0.737880	0.674918	-0.004316	-0.096244	0.111548	0.989087
0.668232	-0.729245	0.147198	0.737714	0.675099	-0.004429	-0.096143	0.111549	0.989097
0.668858	-0.728694	0.147087	0.737177	0.675683	-0.004760	-0.095916	0.111613	0.989112
0.669239	-0.728359	0.147011	0.736817	0.676076	-0.004635	-0.096015	0.111423	0.989124
0.669326	-0.728237	0.147215	0.736704	0.676201	-0.004489	-0.096278	0.111459	0.989094
0.669314	-0.728337	0.146783	0.736773	0.676124	-0.004678	-0.095836	0.111277	0.989158
0.668552	-0.729132	0.146302	0.737502	0.675330	-0.004467	-0.095545	0.110884	0.989230
0.667910	-0.729757	0.146121	0.738136	0.674635	-0.004714	-0.095139	0.111006	0.989255
0.667154	-0.730465	0.146035	0.738827	0.673880	-0.004554	-0.095084	0.110933	0.989269
0.666775	-0.730788	0.146150	0.739154	0.673522	-0.004436	-0.095194	0.110986	0.989252
0.665890	-0.731616	0.146044	0.739935	0.672667	-0.003983	-0.095325	0.110715	0.989270
0.664509	-0.732849	0.146152	0.741157	0.671322	-0.003614	-0.095466	0.110723	0.989256
0.663752	-0.733543	0.146111	0.741873	0.670529	-0.003821	-0.095169	0.110932	0.989261
0.663887	-0.733373	0.146348	0.741748	0.670666	-0.004018	-0.095204	0.111221	0.989225
0.664797	-0.732559	0.146293	0.740995	0.671493	-0.004803	-0.094716	0.111596	0.989230
