0.508842	-0.847052	0.153566	0.856983	0.515336	0.002910	-0.081603	0.130123	0.988134
0.508364	-0.847378	0.153348	0.857273	0.514853	0.003058	-0.081543	0.129906	0.988168
0.508695	-0.847135	0.153595	0.857113	0.515123	0.002409	-0.081161	0.130423	0.988131
0.509331	-0.846687	0.153956	0.856717	0.515781	0.002284	-0.081342	0.130734	0.988075
0.509481	-0.846514	0.154411	0.856584	0.516001	0.002519	-0.081809	0.130983	0.988003
0.510072	-0.846110	0.154672	0.856250	0.516558	0.002042	-0.081625	0.131397	0.987964
0.511553	-0.845045	0.155604	0.855344	0.518059	0.001476	-0.081860	0.132340	0.987818
0.513382	-0.844021	0.155136	0.854256	0.519851	0.001320	-0.081762	0.131848	0.987892
0.512933	-0.844352	0.154819	0.854517	0.519421	0.001712	-0.081862	0.131418	0.987941
0.512185	-0.844969	0.153930	0.854962	0.518685	0.002430	-0.081894	0.130359	0.988079
0.511973	-0.845211	0.153303	0.855133	0.518403	0.002311	-0.081426	0.129911	0.988176
0.512180	-0.845007	0.153739	0.854964	0.518681	0.002559	-0.081904	0.130130	0.988108
0.512961	-0.844563	0.153573	0.854468	0.519496	0.002859	-0.082195	0.129757	0.988133
0.513296	-0.844295	0.153929	0.854278	0.519810	0.002439	-0.082073	0.130247	0.988079
0.513712	-0.844036	0.153960	0.854052	0.520184	0.002060	-0.081826	0.130431	0.988075
0.513759	-0.843939	0.154334	0.854015	0.520245	0.001926	-0.081917	0.130814	0.988017
0.514110	-0.843712	0.154405	0.853798	0.520601	0.001882	-0.081971	0.130863	0.988006
0.514278	-0.843655	0.154154	0.853693	0.520772	0.002054	-0.082012	0.130544	0.988045
0.514254	-0.843614	0.154460	0.853695	0.520770	0.002027	-0.082148	0.130820	0.987997
0.514460	-0.843447	0.154686	0.853553	0.521002	0.002056	-0.082326	0.130975	0.987961
0.514181	-0.843632	0.154603	0.853705	0.520751	0.002352	-0.082494	0.130776	0.987974
0.513856	-0.843938	0.154015	0.853948	0.520353	0.002204	-0.082002	0.130388	0.988066
0.513504	-0.844165	0.153944	0.854165	0.519997	0.002249	-0.081949	0.130339	0.988077
0.513516	-0.844103	0.154244	0.854134	0.520047	0.002348	-0.082196	0.130539	0.988030
0.513111	-0.844324	0.154384	0.854384	0.519636	0.002249	-0.082123	0.130749	0.988008
0.512302	-0.844778	0.154584	0.854858	0.518856	0.002410	-0.082242	0.130912	0.987977
