0.717126	-0.680694	0.149617	0.688913	0.724831	-0.004342	-0.105491	0.106186	0.988735
0.716520	-0.681321	0.149665	0.689539	0.724237	-0.004213	-0.105523	0.106218	0.988728
0.715579	-0.682329	0.149579	0.690534	0.723288	-0.004080	-0.105405	0.106209	0.988741
0.715551	-0.682741	0.147822	0.690667	0.723166	-0.003197	-0.104717	0.104383	0.989009
0.715453	-0.683561	0.144467	0.690884	0.722965	-0.000723	-0.103951	0.100327	0.989509
0.715780	-0.683274	0.144206	0.690770	0.723070	-0.002667	-0.102449	0.101522	0.989544
0.715054	-0.683876	0.144951	0.691412	0.722457	-0.002249	-0.103183	0.101830	0.989436
0.715869	-0.682930	0.145387	0.690506	0.723323	-0.002293	-0.103596	0.102032	0.989372
0.716286	-0.682376	0.145939	0.690044	0.723763	-0.002674	-0.103800	0.102620	0.989290
0.716376	-0.682128	0.146652	0.689913	0.723886	-0.003094	-0.104049	0.103393	0.989183
0.716634	-0.681673	0.147507	0.689549	0.724232	-0.003150	-0.104682	0.103971	0.989056
0.716766	-0.681513	0.147601	0.689388	0.724386	-0.003059	-0.104836	0.103947	0.989042
0.716660	-0.681597	0.147729	0.689537	0.724241	-0.003540	-0.104578	0.104402	0.989022
0.716571	-0.681657	0.147880	0.689651	0.724131	-0.003886	-0.104436	0.104770	0.988998
0.716124	-0.682076	0.148121	0.690076	0.723728	-0.003660	-0.104703	0.104836	0.988963
0.715454	-0.682751	0.148247	0.690778	0.723058	-0.003718	-0.104653	0.105066	0.988943
0.714084	-0.684214	0.148106	0.692195	0.721703	-0.003289	-0.104638	0.104867	0.988966
0.711928	-0.686474	0.148028	0.694373	0.719611	-0.002359	-0.104903	0.104466	0.988980
0.711198	-0.687186	0.148234	0.695086	0.718923	-0.002091	-0.105132	0.104523	0.988950
0.711475	-0.686816	0.148618	0.694790	0.719208	-0.002435	-0.105215	0.104991	0.988892
0.711849	-0.686373	0.148874	0.694409	0.719575	-0.002806	-0.105200	0.105376	0.988852
0.712178	-0.685954	0.149231	0.694069	0.719901	-0.003227	-0.105218	0.105875	0.988797
0.712152	-0.685916	0.149529	0.694070	0.719900	-0.003295	-0.105386	0.106130	0.988752
0.712313	-0.685696	0.149768	0.693838	0.720125	-0.002956	-0.105825	0.106020	0.988717
0.712873	-0.685131	0.149694	0.693290	0.720651	-0.003253	-0.105649	0.106100	0.988727
