0.608466	-0.779783	0.147333	0.787314	0.616451	0.011161	-0.099527	0.109206	0.989024
0.607895	-0.780248	0.147228	0.787749	0.615891	0.011405	-0.099575	0.109045	0.989037
0.605888	-0.781835	0.147081	0.789281	0.613915	0.011994	-0.099672	0.108821	0.989052
0.604942	-0.782541	0.147222	0.789958	0.613033	0.012534	-0.100061	0.108717	0.989024
0.604936	-0.782468	0.147633	0.789922	0.613077	0.012605	-0.100373	0.108993	0.988962
0.605094	-0.782220	0.148302	0.789734	0.613317	0.012716	-0.100903	0.109424	0.988860
0.605014	-0.782374	0.147812	0.789846	0.613176	0.012618	-0.100506	0.109115	0.988935
0.604630	-0.782636	0.148000	0.790151	0.612786	0.012426	-0.100417	0.109429	0.988909
0.604320	-0.782869	0.148033	0.790356	0.612515	0.012774	-0.100673	0.109279	0.988900
0.604261	-0.782928	0.147963	0.790397	0.612459	0.012878	-0.100704	0.109167	0.988909
0.604752	-0.782568	0.147858	0.790072	0.612889	0.012375	-0.100305	0.109335	0.988931
0.604787	-0.782559	0.147766	0.790037	0.612931	0.012523	-0.100370	0.109167	0.988943
0.605582	-0.781837	0.148326	0.789377	0.613783	0.012441	-0.100767	0.109551	0.988860
0.606639	-0.780944	0.148714	0.788522	0.614882	0.012375	-0.101106	0.109757	0.988803
0.606834	-0.780731	0.149034	0.788362	0.615090	0.012180	-0.101178	0.110101	0.988757
0.607313	-0.780335	0.149160	0.788005	0.615554	0.011890	-0.101094	0.110318	0.988742
0.607291	-0.780408	0.148868	0.788043	0.615505	0.011915	-0.100927	0.110079	0.988785
0.606919	-0.780650	0.149113	0.788286	0.615188	0.012208	-0.101263	0.110134	0.988745
0.607146	-0.780405	0.149471	0.788060	0.615474	0.012389	-0.101664	0.110270	0.988689
0.607617	-0.780084	0.149234	0.787708	0.615924	0.012383	-0.101576	0.110029	0.988724
0.607649	-0.780047	0.149295	0.787702	0.615937	0.012146	-0.101431	0.110219	0.988718
0.608228	-0.779595	0.149300	0.787267	0.616497	0.011917	-0.101333	0.110291	0.988720
0.608513	-0.779290	0.149728	0.786999	0.616837	0.011994	-0.101705	0.110538	0.988654
0.608065	-0.779687	0.149481	0.787354	0.616381	0.012188	-0.101640	0.110283	0.988689
0.607308	-0.780378	0.148955	0.787948	0.615612	0.012644	-0.101566	0.109690	0.988763
