0.984580	-0.113225	0.133349	0.126131	0.987676	-0.092666	-0.121213	0.108056	0.986727
0.984340	-0.115958	0.132774	0.128670	0.987455	-0.091524	-0.120495	0.107175	0.986912
0.984160	-0.117974	0.132332	0.130471	0.987350	-0.090097	-0.120028	0.105936	0.987102
0.984195	-0.117992	0.132054	0.130419	0.987387	-0.089763	-0.119797	0.105567	0.987170
0.984231	-0.117087	0.132586	0.129607	0.987465	-0.090083	-0.120377	0.105847	0.987069
0.984250	-0.117225	0.132327	0.129790	0.987387	-0.090674	-0.120029	0.106420	0.987050
0.984103	-0.117972	0.132757	0.130573	0.987293	-0.090571	-0.120385	0.106466	0.987002
0.984007	-0.118753	0.132770	0.131259	0.987276	-0.089761	-0.120421	0.105753	0.987074
0.983904	-0.119644	0.132730	0.132030	0.987261	-0.088788	-0.120416	0.104883	0.987167
0.983842	-0.120002	0.132867	0.132378	0.987234	-0.088577	-0.120541	0.104735	0.987168
0.983853	-0.120226	0.132584	0.132571	0.987209	-0.088559	-0.120241	0.104705	0.987208
0.983735	-0.121046	0.132716	0.133380	0.987121	-0.088334	-0.120314	0.104599	0.987210
0.983684	-0.121050	0.133092	0.133442	0.987098	-0.088486	-0.120663	0.104803	0.987146
0.983718	-0.120352	0.133468	0.132792	0.987179	-0.088571	-0.121097	0.104852	0.987087
0.983769	-0.120135	0.133286	0.132533	0.987230	-0.088385	-0.120966	0.104615	0.987129
0.983637	-0.121348	0.133162	0.133741	0.987064	-0.088422	-0.120709	0.104784	0.987142
0.983632	-0.121616	0.132960	0.134091	0.986941	-0.089258	-0.120368	0.105626	0.987094
0.983715	-0.122423	0.131592	0.134653	0.986940	-0.088425	-0.119048	0.104704	0.987352
0.983487	-0.126430	0.129497	0.138079	0.986742	-0.085295	-0.116996	0.101767	0.987905
0.983055	-0.131719	0.127484	0.142965	0.986202	-0.083468	-0.114730	0.100279	0.988322
0.982198	-0.139508	0.125796	0.150200	0.985421	-0.079911	-0.112813	0.097383	0.988832
0.981666	-0.142910	0.126127	0.153772	0.984780	-0.081014	-0.112630	0.098924	0.988700
0.981758	-0.141017	0.127533	0.152206	0.984885	-0.082678	-0.113946	0.100581	0.988382
0.982428	-0.136541	0.127243	0.147823	0.985452	-0.083865	-0.113941	0.101201	0.988320
0.982633	-0.133662	0.128710	0.145227	0.985734	-0.085076	-0.115502	0.102291	0.988026
