0.933530	-0.338324	0.118571	0.346255	0.936604	-0.053674	-0.092895	0.091162	0.991494
0.933967	-0.336606	0.120011	0.344779	0.937079	-0.054872	-0.093989	0.092626	0.991255
0.934573	-0.334366	0.121545	0.342760	0.937767	-0.055753	-0.095339	0.093766	0.991019
0.935453	-0.331777	0.121866	0.340241	0.938654	-0.056255	-0.095726	0.094088	0.990951
0.935611	-0.331481	0.121458	0.339858	0.938822	-0.055768	-0.095541	0.093456	0.991029
0.935766	-0.330840	0.122013	0.339210	0.939091	-0.055182	-0.096325	0.093025	0.990993
0.936444	-0.328976	0.121855	0.337339	0.939756	-0.055332	-0.096311	0.092922	0.991004
0.936814	-0.327838	0.122070	0.336251	0.940125	-0.055673	-0.096509	0.093202	0.990959
0.936943	-0.327733	0.121366	0.335971	0.940291	-0.054559	-0.096238	0.091894	0.991107
0.936988	-0.327840	0.120721	0.335941	0.940348	-0.053746	-0.095900	0.090915	0.991230
0.936785	-0.328501	0.120501	0.336493	0.940204	-0.052806	-0.095948	0.090016	0.991308
0.936061	-0.330859	0.119672	0.338587	0.939565	-0.050758	-0.095646	0.088032	0.991515
0.935818	-0.331919	0.118632	0.339493	0.939275	-0.050075	-0.094807	0.087136	0.991675
0.935447	-0.333208	0.117947	0.340697	0.938855	-0.049766	-0.094153	0.086737	0.991772
0.935278	-0.333673	0.117974	0.341171	0.938680	-0.049821	-0.094116	0.086845	0.991766
0.935380	-0.333309	0.118191	0.340859	0.938774	-0.050180	-0.094229	0.087224	0.991722
0.935524	-0.332951	0.118061	0.340502	0.938896	-0.050330	-0.094089	0.087285	0.991730
0.935774	-0.332178	0.118261	0.339793	0.939125	-0.050847	-0.094172	0.087765	0.991680
0.936129	-0.331193	0.118208	0.338887	0.939403	-0.051754	-0.093904	0.088507	0.991639
0.936155	-0.330941	0.118710	0.338743	0.939417	-0.052431	-0.094166	0.089296	0.991544
0.936101	-0.330980	0.119026	0.338860	0.939346	-0.052949	-0.094281	0.089899	0.991478
0.936333	-0.330304	0.119083	0.338264	0.939514	-0.053767	-0.094121	0.090625	0.991427
0.936829	-0.328811	0.119311	0.336945	0.939891	-0.055431	-0.093913	0.092131	0.991308
0.937228	-0.327088	0.120902	0.335449	0.940374	-0.056307	-0.095275	0.093329	0.991066
0.937916	-0.325022	0.121139	0.333478	0.941026	-0.057123	-0.095428	0.093974	0.990991
