0.998891	-0.015709	0.044382	0.006451	0.979469	0.201492	-0.046636	-0.200982	0.978484
0.998836	-0.017075	0.045111	0.007661	0.979535	0.201127	-0.047622	-0.200547	0.978526
0.998803	-0.018043	0.045461	0.008550	0.979566	0.200943	-0.048158	-0.200314	0.978547
0.998782	-0.018737	0.045640	0.009222	0.979674	0.200382	-0.048467	-0.199717	0.978654
0.998771	-0.019244	0.045669	0.009733	0.979753	0.199973	-0.048593	-0.199283	0.978737
0.998722	-0.021746	0.045621	0.012184	0.979667	0.200262	-0.049048	-0.199450	0.978680
0.998688	-0.022465	0.046022	0.012820	0.979706	0.200031	-0.049582	-0.199179	0.978708
0.998679	-0.022173	0.046349	0.012516	0.979897	0.199109	-0.049832	-0.198265	0.978881
0.998635	-0.021935	0.047400	0.012107	0.980034	0.198459	-0.050807	-0.197614	0.978962
0.998622	-0.021781	0.047743	0.011859	0.979928	0.199000	-0.051119	-0.198160	0.978836
0.998615	-0.022003	0.047785	0.012048	0.979845	0.199393	-0.051209	-0.198542	0.978754
0.998608	-0.022331	0.047787	0.012368	0.979833	0.199434	-0.051277	-0.198566	0.978745
0.998609	-0.022949	0.047465	0.013029	0.979791	0.199597	-0.051087	-0.198701	0.978728
0.998612	-0.023696	0.047031	0.013840	0.979745	0.199772	-0.050812	-0.198843	0.978713
0.998594	-0.024841	0.046827	0.014991	0.979680	0.200004	-0.050844	-0.199021	0.978675
0.998586	-0.024604	0.047131	0.014694	0.979664	0.200106	-0.051096	-0.199131	0.978640
0.998564	-0.023712	0.048031	0.013603	0.979544	0.200771	-0.051809	-0.199829	0.978460
0.998555	-0.023639	0.048264	0.013463	0.979460	0.201190	-0.052029	-0.200249	0.978363
0.998548	-0.024089	0.048181	0.013904	0.979389	0.201506	-0.052041	-0.200543	0.978302
0.998558	-0.024219	0.047916	0.014071	0.979335	0.201756	-0.051812	-0.200791	0.978263
