0.925152	-0.375393	0.056332	0.350944	0.902412	0.249981	-0.144676	-0.211501	0.966611
0.926292	-0.372723	0.055330	0.348463	0.903203	0.250595	-0.143376	-0.212844	0.966510
0.928030	-0.368601	0.053794	0.344781	0.904626	0.250553	-0.141018	-0.213973	0.966607
0.928194	-0.368194	0.053756	0.344434	0.904836	0.250274	-0.140789	-0.213787	0.966682
0.927908	-0.368891	0.053910	0.345105	0.904627	0.250103	-0.141030	-0.213468	0.966717
0.927700	-0.369397	0.054030	0.345583	0.904465	0.250032	-0.141230	-0.213283	0.966729
0.927695	-0.369414	0.053996	0.345621	0.904476	0.249938	-0.141168	-0.213204	0.966755
0.927837	-0.369088	0.053781	0.345349	0.904581	0.249935	-0.140898	-0.213325	0.966768
0.927862	-0.369041	0.053679	0.345366	0.904651	0.249659	-0.140695	-0.213110	0.966845
0.927903	-0.368964	0.053482	0.345356	0.904697	0.249505	-0.140444	-0.213046	0.966896
0.927881	-0.369028	0.053425	0.345426	0.904662	0.249535	-0.140417	-0.213085	0.966891
0.927967	-0.368824	0.053343	0.345276	0.904778	0.249320	-0.140219	-0.212943	0.966951
0.928097	-0.368499	0.053337	0.344988	0.904941	0.249127	-0.140070	-0.212813	0.967001
0.928175	-0.368302	0.053340	0.344792	0.905011	0.249145	-0.140034	-0.212859	0.966996
0.928033	-0.368628	0.053555	0.345064	0.904907	0.249147	-0.140305	-0.212737	0.966984
0.927666	-0.369495	0.053945	0.345841	0.904640	0.249040	-0.140820	-0.212370	0.966990
0.926936	-0.371272	0.054287	0.347459	0.903939	0.249333	-0.141643	-0.212253	0.966895
0.927024	-0.371058	0.054242	0.347193	0.903916	0.249786	-0.141715	-0.212725	0.966781
0.926446	-0.372430	0.054712	0.348333	0.903296	0.250442	-0.142693	-0.212963	0.966584
0.924917	-0.375975	0.056314	0.351299	0.901872	0.251429	-0.145319	-0.212768	0.966236
0.924561	-0.376841	0.056371	0.351941	0.901270	0.252686	-0.146028	-0.213784	0.965905
0.925495	-0.374737	0.055060	0.350156	0.901931	0.252807	-0.144396	-0.214692	0.965949
