0.996645	-0.078873	0.021868	0.075102	0.987470	0.138787	-0.032540	-0.136679	0.990081
0.996680	-0.077892	0.023694	0.073865	0.987502	0.139226	-0.034243	-0.137013	0.989977
0.996659	-0.078309	0.023203	0.074394	0.987663	0.137795	-0.033707	-0.135608	0.990189
0.996402	-0.081758	0.022342	0.077943	0.987451	0.137354	-0.033291	-0.135118	0.990270
0.996295	-0.082865	0.023010	0.078881	0.987093	0.139375	-0.034263	-0.137044	0.989972
0.996335	-0.082234	0.023539	0.078291	0.987569	0.136299	-0.034454	-0.133956	0.990388
0.996289	-0.082811	0.023480	0.078903	0.987650	0.135359	-0.034399	-0.133004	0.990518
0.996207	-0.083785	0.023486	0.079887	0.987647	0.134802	-0.034490	-0.132415	0.990594
0.996202	-0.083957	0.023079	0.080125	0.987679	0.134425	-0.034080	-0.132065	0.990655
0.996240	-0.083751	0.022173	0.080044	0.987704	0.134290	-0.033148	-0.132010	0.990694
0.996250	-0.083902	0.021138	0.080342	0.987726	0.133950	-0.032117	-0.131749	0.990763
0.996254	-0.084030	0.020407	0.080570	0.987728	0.133797	-0.031400	-0.131651	0.990799
0.996266	-0.083918	0.020298	0.080472	0.987729	0.133847	-0.031281	-0.131714	0.990794
0.996336	-0.083124	0.020101	0.079745	0.987935	0.132761	-0.030894	-0.130672	0.990944
0.996357	-0.082989	0.019632	0.079690	0.988018	0.132175	-0.030366	-0.130129	0.991032
0.996334	-0.083322	0.019392	0.080051	0.987986	0.132196	-0.030174	-0.130159	0.991034
0.996289	-0.083688	0.020120	0.080291	0.987846	0.133089	-0.031014	-0.130980	0.990900
0.996272	-0.083788	0.020542	0.080315	0.987759	0.133723	-0.031495	-0.131574	0.990806
0.996278	-0.083348	0.021978	0.079657	0.987677	0.134719	-0.032936	-0.132467	0.990640
