0.921536	-0.384211	0.056151	0.358150	0.896927	0.259326	-0.149999	-0.218868	0.964156
0.922060	-0.382989	0.055902	0.357052	0.897434	0.259087	-0.149396	-0.218934	0.964235
0.922859	-0.381155	0.055240	0.355446	0.898130	0.258883	-0.148287	-0.219278	0.964328
0.923391	-0.379947	0.054667	0.354367	0.898500	0.259078	-0.147555	-0.219858	0.964308
0.923515	-0.379696	0.054316	0.354171	0.898523	0.259268	-0.147247	-0.220200	0.964277
0.923987	-0.378548	0.054310	0.353195	0.899170	0.258355	-0.146633	-0.219535	0.964522
0.923355	-0.379824	0.056119	0.354364	0.899319	0.256225	-0.147789	-0.216700	0.964987
0.922549	-0.381572	0.057501	0.355900	0.898960	0.255354	-0.149127	-0.215112	0.965136
0.921562	-0.383810	0.058418	0.357836	0.898107	0.255651	-0.150587	-0.214695	0.965003
0.921186	-0.384713	0.058412	0.358667	0.897685	0.255969	-0.150910	-0.214844	0.964919
0.921049	-0.385052	0.058346	0.359073	0.897634	0.255576	-0.150783	-0.214448	0.965027
0.921023	-0.385197	0.057784	0.359400	0.897619	0.255169	-0.150158	-0.214250	0.965168
0.920801	-0.385758	0.057596	0.359924	0.897293	0.255577	-0.150271	-0.214605	0.965072
0.920778	-0.385844	0.057379	0.359999	0.897161	0.255933	-0.150229	-0.215001	0.964990
0.920832	-0.385728	0.057290	0.359913	0.897210	0.255885	-0.150103	-0.215008	0.965008
0.921047	-0.385192	0.057443	0.359346	0.897417	0.255956	-0.150143	-0.215105	0.964980
0.921266	-0.384627	0.057711	0.358738	0.897660	0.255958	-0.150253	-0.215102	0.964964
0.921318	-0.384440	0.058132	0.358431	0.897722	0.256170	-0.150669	-0.215178	0.964882
0.921351	-0.384378	0.058019	0.358293	0.897591	0.256820	-0.150794	-0.215833	0.964716
0.921299	-0.384583	0.057479	0.358605	0.897457	0.256852	-0.150366	-0.216026	0.964740
0.921602	-0.383933	0.056961	0.358034	0.897590	0.257183	-0.149869	-0.216626	0.964683
0.922082	-0.382863	0.056403	0.357283	0.898202	0.256090	-0.148708	-0.215984	0.965006
