0.990564	-0.133852	0.029428	0.127895	0.980000	0.152459	-0.049246	-0.147256	0.987872
0.990518	-0.134215	0.029342	0.128257	0.979921	0.152657	-0.049242	-0.147446	0.987844
0.990469	-0.134600	0.029214	0.128651	0.979853	0.152763	-0.049187	-0.147548	0.987831
0.990470	-0.134562	0.029356	0.128601	0.979887	0.152590	-0.049298	-0.147361	0.987853
0.990504	-0.134313	0.029363	0.128356	0.979923	0.152561	-0.049265	-0.147344	0.987858
0.990613	-0.133607	0.028885	0.127740	0.980041	0.152320	-0.048659	-0.147200	0.987909
0.990618	-0.133587	0.028827	0.127736	0.980063	0.152184	-0.048582	-0.147074	0.987932
0.990594	-0.133813	0.028603	0.127991	0.980026	0.152206	-0.048399	-0.147114	0.987935
0.990581	-0.133761	0.029272	0.127831	0.980015	0.152414	-0.049074	-0.147236	0.987883
0.990661	-0.133099	0.029585	0.127124	0.980091	0.152513	-0.049296	-0.147328	0.987859
0.990679	-0.132925	0.029759	0.126917	0.980088	0.152711	-0.049465	-0.147510	0.987823
0.990661	-0.132982	0.030124	0.126909	0.980059	0.152900	-0.049857	-0.147649	0.987782
0.990701	-0.132566	0.030609	0.126465	0.980236	0.152133	-0.050172	-0.146847	0.987886
0.990722	-0.132395	0.030670	0.126323	0.980364	0.151425	-0.050115	-0.146145	0.987993
0.990439	-0.134506	0.030655	0.128396	0.980039	0.151784	-0.050458	-0.146397	0.987938
0.990263	-0.136061	0.029424	0.130102	0.979773	0.152044	-0.049516	-0.146735	0.987936
0.990140	-0.137204	0.028231	0.131427	0.979657	0.151654	-0.048464	-0.146448	0.988030
0.989971	-0.138378	0.028423	0.132529	0.979408	0.152304	-0.048913	-0.147010	0.987925
0.989833	-0.139231	0.029074	0.133235	0.979183	0.153129	-0.049789	-0.147699	0.987778
0.989900	-0.138687	0.029375	0.132623	0.979174	0.153717	-0.050082	-0.148269	0.987678
