0.926335	-0.374080	0.044348	0.352179	0.901796	0.250466	-0.133687	-0.216397	0.967109
0.928629	-0.368521	0.042907	0.347096	0.903792	0.250367	-0.131045	-0.217605	0.967200
0.931350	-0.361752	0.041513	0.340789	0.906135	0.250565	-0.128259	-0.219217	0.967209
0.934165	-0.354631	0.039651	0.334254	0.908521	0.250728	-0.124939	-0.220968	0.967245
0.935696	-0.350706	0.038437	0.330645	0.909704	0.251222	-0.123072	-0.222358	0.967166
0.935555	-0.350961	0.039525	0.330633	0.909673	0.251352	-0.124170	-0.222086	0.967088
0.934493	-0.353604	0.041071	0.332900	0.908936	0.251024	-0.126094	-0.220908	0.967109
0.933087	-0.357114	0.042627	0.336088	0.908007	0.250136	-0.128033	-0.219072	0.967272
0.931611	-0.360738	0.044366	0.339392	0.907102	0.248956	-0.130052	-0.216873	0.967498
0.930266	-0.364004	0.045899	0.342351	0.906215	0.248134	-0.131916	-0.215117	0.967638
0.929378	-0.366161	0.046715	0.344292	0.905512	0.248014	-0.133114	-0.214415	0.967629
0.928697	-0.367813	0.047291	0.345988	0.905281	0.246491	-0.133474	-0.212554	0.967990
0.928428	-0.368415	0.047864	0.346527	0.905223	0.245947	-0.133939	-0.211758	0.968101
0.928451	-0.368335	0.048040	0.346451	0.905327	0.245671	-0.133981	-0.211450	0.968162
0.928412	-0.368440	0.047998	0.346551	0.905269	0.245744	-0.133993	-0.211517	0.968146
0.928267	-0.368828	0.047823	0.346957	0.905094	0.245815	-0.133948	-0.211589	0.968136
0.928144	-0.369158	0.047666	0.347295	0.904931	0.245939	-0.133924	-0.211712	0.968113
0.928082	-0.369315	0.047646	0.347461	0.904884	0.245877	-0.133920	-0.211639	0.968129
0.928110	-0.369228	0.047777	0.347351	0.904931	0.245860	-0.134013	-0.211590	0.968127
0.928192	-0.368990	0.048013	0.347030	0.904979	0.246138	-0.134273	-0.211801	0.968045
0.928342	-0.368612	0.048026	0.346598	0.905026	0.246572	-0.134354	-0.212257	0.967934
0.928413	-0.368442	0.047958	0.346366	0.904957	0.247152	-0.134461	-0.212848	0.967789
0.928630	-0.367966	0.047395	0.345919	0.904921	0.247906	-0.134110	-0.213819	0.967624
