0.942671	-0.331328	0.039911	0.313521	0.920227	0.234278	-0.114350	-0.208334	0.971350
0.943019	-0.330369	0.039633	0.312622	0.920487	0.234459	-0.113940	-0.208709	0.971318
0.943489	-0.329097	0.039036	0.311454	0.920772	0.234892	-0.113246	-0.209460	0.971237
0.943935	-0.327951	0.037870	0.310537	0.920982	0.235284	-0.112039	-0.210333	0.971189
0.944437	-0.326661	0.036490	0.309508	0.921187	0.235838	-0.110653	-0.211440	0.971107
0.945014	-0.325123	0.035257	0.308267	0.921597	0.235860	-0.109176	-0.212022	0.971147
0.945821	-0.322887	0.034146	0.306288	0.922174	0.236182	-0.107748	-0.212928	0.971109
0.946636	-0.320614	0.032972	0.304346	0.922871	0.235970	-0.106084	-0.213343	0.971201
0.946905	-0.319833	0.032831	0.303696	0.923275	0.235227	-0.105545	-0.212768	0.971386
0.946577	-0.320733	0.033485	0.304463	0.923089	0.234965	-0.106271	-0.212218	0.971427
0.946094	-0.322083	0.034179	0.305688	0.922816	0.234447	-0.107052	-0.211361	0.971528
0.945663	-0.323262	0.034974	0.306739	0.922625	0.233824	-0.107854	-0.210391	0.971650
0.944724	-0.325828	0.036510	0.308913	0.921885	0.233882	-0.109864	-0.209675	0.971579
0.944434	-0.326655	0.036620	0.309663	0.921559	0.234176	-0.110242	-0.209824	0.971504
0.944090	-0.327625	0.036818	0.310569	0.921258	0.234159	-0.110635	-0.209632	0.971501
0.943392	-0.329516	0.037811	0.312262	0.920808	0.233677	-0.111817	-0.208642	0.971579
0.942949	-0.330638	0.039064	0.313071	0.920483	0.233874	-0.113286	-0.208301	0.971482
0.942875	-0.330807	0.039421	0.313137	0.920408	0.234083	-0.113719	-0.208367	0.971417
0.943044	-0.330336	0.039327	0.312684	0.920532	0.234201	-0.113567	-0.208565	0.971392
0.943162	-0.330030	0.039046	0.312445	0.920615	0.234191	-0.113237	-0.208681	0.971406
0.942829	-0.330974	0.039117	0.313329	0.920266	0.234382	-0.113573	-0.208725	0.971357
0.942695	-0.331320	0.039415	0.313599	0.920161	0.234434	-0.113941	-0.208640	0.971333
0.942924	-0.330687	0.039256	0.313020	0.920372	0.234382	-0.113637	-0.208716	0.971352
0.943127	-0.330146	0.038929	0.312554	0.920517	0.234431	-0.113231	-0.208931	0.971353
0.943344	-0.329608	0.038223	0.312224	0.920731	0.234032	-0.112332	-0.208839	0.971477
