0.947666	-0.316056	0.045143	0.298308	0.926951	0.227537	-0.113760	-0.202163	0.972722
0.946974	-0.317938	0.046424	0.299921	0.926496	0.227270	-0.115269	-0.201295	0.972725
0.946526	-0.319196	0.046939	0.301037	0.926112	0.227361	-0.116044	-0.201072	0.972679
0.946456	-0.319428	0.046770	0.301351	0.926118	0.226921	-0.115799	-0.200677	0.972789
0.946311	-0.319907	0.046426	0.301777	0.925749	0.227859	-0.115872	-0.201615	0.972587
0.947078	-0.317882	0.044659	0.299974	0.925952	0.229407	-0.114276	-0.203869	0.972306
0.947879	-0.315771	0.042588	0.298334	0.926479	0.229420	-0.111901	-0.204757	0.972395
0.947546	-0.316573	0.044015	0.298771	0.926224	0.229881	-0.113542	-0.204672	0.972223
0.946969	-0.318175	0.044874	0.300086	0.925641	0.230515	-0.114881	-0.204825	0.972034
0.946245	-0.320176	0.045909	0.301850	0.925111	0.230342	-0.116221	-0.204102	0.972026
0.945693	-0.321743	0.046325	0.303337	0.924710	0.229996	-0.116836	-0.203453	0.972089
0.945855	-0.321325	0.045919	0.303009	0.924810	0.230025	-0.116379	-0.203656	0.972101
0.947000	-0.318091	0.044829	0.300091	0.925804	0.229853	-0.114617	-0.204218	0.972192
0.948373	-0.314187	0.043297	0.296579	0.926911	0.229951	-0.112380	-0.205238	0.972239
0.949117	-0.312060	0.042365	0.294604	0.927348	0.230725	-0.111288	-0.206504	0.972096
0.949874	-0.309805	0.041960	0.292448	0.927951	0.231044	-0.110515	-0.207191	0.972038
0.949809	-0.309885	0.042824	0.292503	0.928272	0.229680	-0.110927	-0.205626	0.972324
0.949124	-0.311741	0.044521	0.294079	0.928014	0.228710	-0.112614	-0.203981	0.972476
0.948433	-0.313663	0.045720	0.295767	0.927590	0.228251	-0.114003	-0.202958	0.972528
0.947863	-0.315305	0.046251	0.297247	0.927080	0.228399	-0.114894	-0.202743	0.972468
0.947408	-0.316614	0.046627	0.298374	0.926559	0.229045	-0.115722	-0.203086	0.972299
0.947335	-0.316786	0.046935	0.298514	0.926585	0.228758	-0.115957	-0.202700	0.972351
0.947458	-0.316391	0.047118	0.298099	0.926737	0.228680	-0.116019	-0.202619	0.972361
