0.947664	-0.315933	0.046040	0.299223	0.929170	0.217045	-0.111351	-0.191909	0.975075
0.947616	-0.316057	0.046168	0.299345	0.929182	0.216827	-0.111428	-0.191649	0.975118
0.947473	-0.316474	0.046244	0.299737	0.929051	0.216846	-0.111589	-0.191595	0.975110
0.947143	-0.317454	0.046291	0.300631	0.928645	0.217347	-0.111985	-0.191942	0.974996
0.947249	-0.317167	0.046099	0.300381	0.928715	0.217392	-0.111762	-0.192077	0.974995
0.947631	-0.316121	0.045415	0.299442	0.928923	0.217798	-0.111038	-0.192793	0.974937
0.948249	-0.314483	0.043861	0.297979	0.929060	0.219215	-0.109689	-0.194801	0.974690
0.949220	-0.311808	0.041910	0.295684	0.929669	0.219741	-0.107480	-0.196190	0.974658
0.949500	-0.311109	0.040745	0.295185	0.929731	0.220148	-0.106372	-0.197004	0.974615
0.947663	-0.316667	0.040709	0.300413	0.927578	0.222150	-0.108109	-0.198293	0.974162
0.947152	-0.318130	0.041180	0.301734	0.927113	0.222303	-0.108900	-0.198129	0.974108
0.946727	-0.319316	0.041784	0.302843	0.926896	0.221698	-0.109521	-0.197233	0.974220
0.946516	-0.319896	0.042120	0.303410	0.926851	0.221111	-0.109772	-0.196506	0.974339
0.946497	-0.319939	0.042215	0.303468	0.926904	0.220809	-0.109775	-0.196184	0.974403
0.947126	-0.318031	0.042527	0.301550	0.927555	0.220702	-0.109636	-0.196208	0.974414
0.946969	-0.318419	0.043115	0.301930	0.927675	0.219675	-0.109945	-0.195007	0.974620
0.946681	-0.319173	0.043850	0.302597	0.927609	0.219034	-0.110585	-0.194086	0.974731
0.946715	-0.319025	0.044206	0.302401	0.927712	0.218868	-0.110835	-0.193838	0.974752
0.947313	-0.317180	0.044665	0.300536	0.928383	0.218594	-0.110800	-0.193654	0.974793
0.948485	-0.313665	0.044620	0.297116	0.929518	0.218444	-0.109993	-0.193933	0.974829
