0.996137	-0.085994	0.017756	0.082746	0.986985	0.137890	-0.029382	-0.135888	0.990288
0.996158	-0.085777	0.017660	0.082543	0.986994	0.137947	-0.029263	-0.135959	0.990282
0.996121	-0.086281	0.017273	0.083102	0.986984	0.137683	-0.028928	-0.135714	0.990326
0.996070	-0.086937	0.016939	0.083814	0.987006	0.137094	-0.028637	-0.135135	0.990413
0.996166	-0.085759	0.017269	0.082594	0.987066	0.137400	-0.028829	-0.135447	0.990365
0.996609	-0.080572	0.016720	0.077507	0.987371	0.138170	-0.027642	-0.136406	0.990267
0.996667	-0.079847	0.016714	0.076794	0.987452	0.137990	-0.027522	-0.136246	0.990293
0.996679	-0.079675	0.016795	0.076635	0.987576	0.137187	-0.027517	-0.135445	0.990403
0.996785	-0.078367	0.016703	0.075348	0.987658	0.137313	-0.027258	-0.135613	0.990387
0.996872	-0.077396	0.016002	0.074465	0.987642	0.137908	-0.026477	-0.136285	0.990316
0.996863	-0.077362	0.016707	0.074346	0.987700	0.137556	-0.027143	-0.135883	0.990353
0.996794	-0.077928	0.018155	0.074733	0.987780	0.136769	-0.028591	-0.134974	0.990437
0.996826	-0.077538	0.018056	0.074345	0.987743	0.137244	-0.028476	-0.135466	0.990373
0.996819	-0.077781	0.017396	0.074657	0.987628	0.137900	-0.027907	-0.136163	0.990293
0.996777	-0.078427	0.016853	0.075374	0.987587	0.137809	-0.027452	-0.136094	0.990315
0.996734	-0.079070	0.016422	0.076087	0.987620	0.137175	-0.027065	-0.135478	0.990411
0.996713	-0.079358	0.016277	0.076408	0.987673	0.136613	-0.026918	-0.134920	0.990491
0.996744	-0.078932	0.016470	0.075955	0.987686	0.136777	-0.027063	-0.135081	0.990465
0.996819	-0.077867	0.016988	0.074813	0.987694	0.137347	-0.027474	-0.135640	0.990377
0.996926	-0.076441	0.017154	0.073364	0.987733	0.137845	-0.027481	-0.136162	0.990305
0.996965	-0.075995	0.016875	0.072958	0.987753	0.137914	-0.027149	-0.136265	0.990300
0.996954	-0.076274	0.016267	0.073322	0.987749	0.137755	-0.026575	-0.136142	0.990333
0.996943	-0.076494	0.015918	0.073586	0.987719	0.137828	-0.026265	-0.136235	0.990328
