0.966094	-0.254862	0.041324	0.242705	0.951039	0.191364	-0.088072	-0.174846	0.980649
0.966329	-0.254110	0.040454	0.242175	0.951304	0.190716	-0.086947	-0.174497	0.980811
0.965756	-0.256168	0.041153	0.244035	0.950731	0.191201	-0.088105	-0.174610	0.980688
0.964463	-0.260629	0.043400	0.248043	0.949712	0.191107	-0.091025	-0.173551	0.980609
0.962105	-0.268528	0.047398	0.255341	0.948208	0.188950	-0.095681	-0.169687	0.980842
0.960279	-0.274549	0.049881	0.260935	0.946845	0.188144	-0.098884	-0.167655	0.980874
0.961650	-0.270133	0.047505	0.256977	0.947914	0.188208	-0.095872	-0.168783	0.980980
0.962297	-0.267910	0.046992	0.254852	0.948445	0.188421	-0.095050	-0.169341	0.980963
0.962490	-0.267238	0.046864	0.254246	0.948680	0.188058	-0.094716	-0.169089	0.981039
0.962345	-0.267717	0.047117	0.254699	0.948605	0.187821	-0.094978	-0.168748	0.981073
0.962225	-0.268150	0.047111	0.255108	0.948458	0.188011	-0.095098	-0.168890	0.981036
0.962372	-0.267694	0.046694	0.254730	0.948560	0.188006	-0.094620	-0.169037	0.981057
0.962644	-0.266725	0.046635	0.253787	0.948817	0.187986	-0.094388	-0.169128	0.981064
0.963318	-0.264425	0.045812	0.251476	0.949047	0.189922	-0.093697	-0.171435	0.980730
0.963620	-0.263405	0.045334	0.250503	0.949198	0.190448	-0.093196	-0.172163	0.980650
0.963701	-0.263112	0.045293	0.250148	0.949135	0.191228	-0.093303	-0.172957	0.980500
0.963774	-0.263026	0.044233	0.250197	0.949015	0.191760	-0.092416	-0.173746	0.980445
0.962577	-0.267221	0.045156	0.254473	0.948518	0.188565	-0.093220	-0.170017	0.981022
0.962573	-0.267115	0.045861	0.254283	0.948643	0.188194	-0.093775	-0.169489	0.981061
0.962870	-0.265997	0.046122	0.253147	0.948969	0.188083	-0.093798	-0.169424	0.981070
