0.999977	0.002113	0.006454	-0.002768	0.994647	0.103295	-0.006201	-0.103311	0.994630
0.999974	0.001735	0.006982	-0.002448	0.994632	0.103444	-0.006765	-0.103458	0.994611
0.999974	0.001632	0.007045	-0.002354	0.994600	0.103756	-0.006838	-0.103770	0.994578
0.999976	0.001206	0.006850	-0.001914	0.994536	0.104378	-0.006687	-0.104389	0.994514
0.999980	0.000489	0.006271	-0.001145	0.994467	0.105039	-0.006185	-0.105044	0.994448
0.999982	0.000271	0.006029	-0.000904	0.994435	0.105352	-0.005967	-0.105356	0.994417
0.999977	-0.002079	0.006503	0.001385	0.994483	0.104893	-0.006685	-0.104882	0.994462
0.999967	-0.004895	0.006421	0.004193	0.994457	0.105061	-0.006900	-0.105030	0.994445
0.999943	-0.008222	0.006823	0.007471	0.994587	0.103635	-0.007638	-0.103578	0.994592
0.999896	-0.012153	0.007826	0.011268	0.994457	0.104538	-0.009054	-0.104439	0.994490
0.999826	-0.016197	0.009244	0.015137	0.994345	0.105109	-0.010894	-0.104951	0.994418
0.999756	-0.019270	0.010836	0.018033	0.994357	0.104546	-0.012789	-0.104325	0.994461
0.999633	-0.022967	0.014384	0.021383	0.994559	0.101957	-0.016647	-0.101611	0.994685
0.999629	-0.023015	0.014597	0.021417	0.994606	0.101494	-0.016854	-0.101143	0.994729
0.999620	-0.023173	0.014917	0.021551	0.994655	0.100977	-0.017177	-0.100617	0.994777
0.999627	-0.022663	0.015238	0.021026	0.994752	0.100131	-0.017427	-0.099773	0.994858
0.999745	-0.017901	0.013740	0.016422	0.994741	0.101099	-0.015478	-0.100847	0.994781
0.999912	-0.007452	0.010960	0.006271	0.994539	0.104181	-0.011676	-0.104104	0.994498
0.999915	-0.006670	0.011190	0.005476	0.994611	0.103533	-0.011821	-0.103463	0.994563
0.999916	-0.006448	0.011211	0.005249	0.994582	0.103818	-0.011820	-0.103750	0.994533
0.999931	-0.005293	0.010480	0.004176	0.994575	0.103942	-0.010973	-0.103891	0.994528
0.999940	-0.004818	0.009837	0.003765	0.994524	0.104439	-0.010286	-0.104396	0.994483
0.999942	-0.004632	0.009672	0.003596	0.994519	0.104498	-0.010103	-0.104458	0.994478
