0.989563	-0.140855	0.030410	0.134692	0.979126	0.152218	-0.051216	-0.146533	0.987879
0.989371	-0.141876	0.031875	0.135526	0.979124	0.151486	-0.052702	-0.145556	0.987945
0.989153	-0.143044	0.033399	0.136555	0.979248	0.149756	-0.054128	-0.143570	0.988159
0.988837	-0.144984	0.034368	0.138535	0.979508	0.146192	-0.054859	-0.139799	0.988659
0.988653	-0.146215	0.034457	0.139877	0.979676	0.143765	-0.054777	-0.137314	0.989012
0.988573	-0.146651	0.034890	0.140245	0.979612	0.143845	-0.055274	-0.137308	0.988985
0.988454	-0.147255	0.035709	0.140693	0.979449	0.144517	-0.056256	-0.137824	0.988858
0.988301	-0.148127	0.036322	0.141430	0.979234	0.145254	-0.057083	-0.138418	0.988728
0.988033	-0.149550	0.037750	0.142509	0.978745	0.147480	-0.059003	-0.140335	0.988344
0.987950	-0.150027	0.038043	0.142885	0.978549	0.148410	-0.059493	-0.141185	0.988194
0.987859	-0.150978	0.036618	0.144028	0.978379	0.148425	-0.058236	-0.141349	0.988245
0.987831	-0.151333	0.035892	0.144479	0.978307	0.148461	-0.057581	-0.141469	0.988267
0.987800	-0.151484	0.036122	0.144583	0.978258	0.148687	-0.057860	-0.141650	0.988224
0.987930	-0.150564	0.036401	0.143652	0.978446	0.148352	-0.057953	-0.141332	0.988264
0.988203	-0.148855	0.036005	0.142047	0.978761	0.147814	-0.057243	-0.140956	0.988360
0.988301	-0.148237	0.035870	0.141478	0.978907	0.147397	-0.056963	-0.140598	0.988427
0.988259	-0.148461	0.036105	0.141633	0.978796	0.147979	-0.057308	-0.141128	0.988331
0.988155	-0.148960	0.036874	0.141958	0.978592	0.149017	-0.058282	-0.142017	0.988147
0.988177	-0.148681	0.037408	0.141614	0.978663	0.148876	-0.058745	-0.141818	0.988148
0.988245	-0.148142	0.037757	0.141057	0.978812	0.148428	-0.058945	-0.141357	0.988202
0.988261	-0.148005	0.037877	0.140909	0.978845	0.148351	-0.059033	-0.141272	0.988209
0.988234	-0.148176	0.037906	0.141058	0.978783	0.148612	-0.059122	-0.141517	0.988169
