0.946379	-0.319661	0.046718	0.301147	0.925271	0.230617	-0.116946	-0.204183	0.971922
0.946016	-0.320690	0.047022	0.302080	0.924945	0.230702	-0.117477	-0.204043	0.971888
0.945820	-0.321286	0.046908	0.302721	0.924807	0.230416	-0.117411	-0.203732	0.971961
0.945544	-0.321990	0.047631	0.303252	0.924614	0.230491	-0.118256	-0.203495	0.971908
0.945510	-0.322085	0.047665	0.303349	0.924606	0.230399	-0.118280	-0.203385	0.971928
0.945470	-0.322173	0.047864	0.303398	0.924596	0.230372	-0.118475	-0.203288	0.971925
0.945430	-0.322255	0.048101	0.303443	0.924609	0.230261	-0.118678	-0.203100	0.971939
0.945513	-0.322009	0.048131	0.303209	0.924713	0.230153	-0.118618	-0.203019	0.971964
0.945580	-0.321820	0.048063	0.303016	0.924730	0.230337	-0.118572	-0.203239	0.971923
0.945483	-0.322113	0.048011	0.303284	0.924584	0.230572	-0.118661	-0.203441	0.971870
0.945430	-0.322289	0.047873	0.303461	0.924478	0.230762	-0.118630	-0.203642	0.971832
0.945411	-0.322353	0.047815	0.303533	0.924447	0.230794	-0.118599	-0.203681	0.971827
0.945420	-0.322300	0.048002	0.303450	0.924489	0.230733	-0.118742	-0.203573	0.971832
0.945428	-0.322247	0.048188	0.303367	0.924532	0.230672	-0.118885	-0.203465	0.971838
0.945556	-0.321833	0.048457	0.302844	0.924576	0.231182	-0.119204	-0.203921	0.971703
0.945540	-0.321894	0.048357	0.302644	0.924067	0.233466	-0.119836	-0.206116	0.971162
0.945672	-0.321584	0.047846	0.302321	0.923914	0.234490	-0.119614	-0.207285	0.970940
0.945992	-0.320744	0.047152	0.301691	0.924213	0.234120	-0.118671	-0.207250	0.971064
0.946316	-0.319916	0.046255	0.301112	0.924491	0.233769	-0.117549	-0.207292	0.971191
0.946553	-0.319304	0.045630	0.300775	0.924875	0.232682	-0.116498	-0.206521	0.971482
0.946426	-0.319719	0.045359	0.301297	0.924833	0.232171	-0.116179	-0.206066	0.971617
0.946290	-0.320187	0.044903	0.301903	0.924749	0.231721	-0.115718	-0.205719	0.971745
0.946263	-0.320280	0.044797	0.302113	0.924884	0.230903	-0.115386	-0.204962	0.971945
0.946233	-0.320261	0.045560	0.302047	0.925136	0.229981	-0.115804	-0.203854	0.972128
