0.993381	-0.109427	0.034927	0.102157	0.980663	0.166923	-0.052518	-0.162250	0.985351
0.993203	-0.110835	0.035538	0.103485	0.980642	0.166228	-0.053274	-0.161421	0.985447
0.993214	-0.110758	0.035475	0.103419	0.980649	0.166231	-0.053200	-0.161434	0.985448
0.993232	-0.110799	0.034830	0.103580	0.980680	0.165945	-0.052544	-0.161214	0.985520
0.993215	-0.111233	0.033939	0.104133	0.980561	0.166303	-0.051777	-0.161641	0.985490
0.993137	-0.112120	0.033300	0.105092	0.980394	0.166685	-0.051336	-0.162041	0.985448
0.992945	-0.113675	0.033728	0.106581	0.980308	0.166245	-0.051962	-0.161477	0.985507
0.992744	-0.115152	0.034626	0.107948	0.980328	0.165238	-0.052973	-0.160301	0.985646
0.992602	-0.116175	0.035273	0.108911	0.980395	0.164207	-0.053659	-0.159151	0.985795
0.992399	-0.117657	0.036063	0.110275	0.980321	0.163737	-0.054618	-0.158515	0.985845
0.992110	-0.119858	0.036763	0.112314	0.980018	0.164165	-0.055705	-0.158741	0.985748
0.991845	-0.121855	0.037335	0.114217	0.979860	0.163794	-0.056542	-0.158194	0.985788
0.991490	-0.124262	0.038810	0.116365	0.979617	0.163739	-0.058366	-0.157830	0.985740
0.991332	-0.125268	0.039606	0.117230	0.979505	0.163793	-0.059312	-0.157730	0.985699
0.991224	-0.125899	0.040312	0.117726	0.979403	0.164046	-0.060134	-0.157860	0.985629
0.991154	-0.126263	0.040883	0.117962	0.979285	0.164579	-0.060816	-0.158301	0.985516
0.991243	-0.125656	0.040602	0.117395	0.979318	0.164786	-0.060469	-0.158576	0.985493
0.991307	-0.125235	0.040340	0.117003	0.979317	0.165072	-0.060179	-0.158917	0.985456
0.991611	-0.123056	0.039557	0.114945	0.979475	0.165580	-0.059121	-0.159644	0.985403
0.992190	-0.118884	0.037758	0.111109	0.979908	0.165638	-0.056691	-0.160149	0.985464
0.992682	-0.115249	0.036069	0.107769	0.980214	0.166031	-0.054490	-0.160928	0.985461
0.993050	-0.112477	0.034644	0.105209	0.980326	0.167010	-0.052747	-0.162204	0.985346
0.993307	-0.110304	0.034270	0.103096	0.980454	0.167575	-0.052085	-0.162921	0.985263
