0.978253	-0.204759	0.033075	0.193987	0.959663	0.203508	-0.073411	-0.192666	0.978514
0.975784	-0.215052	0.039977	0.203130	0.958699	0.199083	-0.081139	-0.186141	0.979167
0.972632	-0.227745	0.046026	0.214546	0.956357	0.198371	-0.089196	-0.183067	0.979046
0.972019	-0.230098	0.047274	0.216691	0.956008	0.197723	-0.090690	-0.181947	0.979117
0.971571	-0.231744	0.048417	0.218163	0.955807	0.197073	-0.091948	-0.180908	0.979192
0.971216	-0.233047	0.049271	0.219292	0.955553	0.197049	-0.093002	-0.180573	0.979155
0.970860	-0.234513	0.049346	0.220803	0.955382	0.196195	-0.093154	-0.179582	0.979323
0.970465	-0.236189	0.049105	0.222517	0.955030	0.195968	-0.093183	-0.179254	0.979380
0.970034	-0.237959	0.049094	0.224311	0.954718	0.195441	-0.093378	-0.178572	0.979486
0.969973	-0.238148	0.049367	0.224630	0.955033	0.193531	-0.093236	-0.176631	0.979851
0.969993	-0.237893	0.050209	0.224401	0.955447	0.191741	-0.093586	-0.174721	0.980160
0.970056	-0.237478	0.050952	0.224042	0.955906	0.189864	-0.093794	-0.172764	0.980487
0.969711	-0.238823	0.051229	0.225459	0.955862	0.188406	-0.093963	-0.171149	0.980754
0.969640	-0.239116	0.051210	0.225735	0.955765	0.188563	-0.094033	-0.171278	0.980725
0.969709	-0.238788	0.051425	0.225294	0.955702	0.189408	-0.094375	-0.172085	0.980551
0.969714	-0.238737	0.051576	0.225216	0.955718	0.189424	-0.094514	-0.172071	0.980540
0.969846	-0.238311	0.051055	0.224879	0.955782	0.189501	-0.093957	-0.172306	0.980552
0.970272	-0.236882	0.049590	0.223748	0.956095	0.189260	-0.092245	-0.172538	0.980674
0.970377	-0.236576	0.048999	0.223606	0.956248	0.188653	-0.091486	-0.172108	0.980821
0.970546	-0.235968	0.048574	0.223004	0.956228	0.189467	-0.091156	-0.173054	0.980685
0.970093	-0.237611	0.049606	0.224518	0.956030	0.188673	-0.092256	-0.171893	0.980786
