0.984452	-0.171901	0.036123	0.165128	0.975793	0.143387	-0.059897	-0.135193	0.989007
0.984371	-0.172308	0.036381	0.165497	0.975733	0.143373	-0.060202	-0.135111	0.989000
0.984025	-0.174110	0.037153	0.167209	0.975513	0.142882	-0.061121	-0.134387	0.989042
0.983943	-0.174574	0.037159	0.167642	0.975377	0.143303	-0.061261	-0.134773	0.988981
0.983909	-0.174771	0.037111	0.167828	0.975307	0.143558	-0.061284	-0.135020	0.988946
0.983891	-0.174874	0.037102	0.167932	0.975291	0.143551	-0.061289	-0.135008	0.988947
0.983939	-0.174635	0.036973	0.167723	0.975352	0.143379	-0.061101	-0.134875	0.988977
0.983968	-0.174430	0.037152	0.167502	0.975406	0.143267	-0.061228	-0.134748	0.988986
0.984029	-0.173982	0.037650	0.166973	0.975455	0.143551	-0.061701	-0.134972	0.988926
0.984021	-0.174029	0.037630	0.167014	0.975429	0.143683	-0.061710	-0.135102	0.988908
0.983969	-0.174305	0.037715	0.167283	0.975398	0.143578	-0.061813	-0.134967	0.988920
0.983929	-0.174497	0.037864	0.167451	0.975363	0.143618	-0.061992	-0.134969	0.988909
0.983939	-0.174435	0.037888	0.167383	0.975368	0.143669	-0.062015	-0.135019	0.988900
0.983908	-0.174593	0.037986	0.167521	0.975332	0.143753	-0.062147	-0.135077	0.988884
0.983890	-0.174702	0.037942	0.167630	0.975301	0.143834	-0.062133	-0.135157	0.988874
0.983918	-0.174531	0.038010	0.167453	0.975336	0.143804	-0.062171	-0.135127	0.988876
0.983975	-0.174160	0.038222	0.167060	0.975411	0.143750	-0.062318	-0.135061	0.988876
0.984064	-0.173684	0.038119	0.166589	0.975461	0.143959	-0.062187	-0.135314	0.988849
0.984052	-0.173792	0.037913	0.166711	0.975409	0.144166	-0.062036	-0.135547	0.988827
0.984056	-0.173863	0.037495	0.166815	0.975335	0.144547	-0.061701	-0.135987	0.988787
0.984099	-0.173684	0.037179	0.166686	0.975371	0.144452	-0.061353	-0.135957	0.988813
