0.994932	-0.096663	0.027669	0.091508	0.984566	0.149185	-0.041662	-0.145897	0.988422
0.994684	-0.099088	0.028013	0.093909	0.984524	0.147964	-0.042241	-0.144547	0.988596
0.994699	-0.099010	0.027773	0.093890	0.984607	0.147423	-0.041942	-0.144034	0.988684
0.994727	-0.098718	0.027791	0.093572	0.984547	0.148027	-0.041974	-0.144646	0.988593
0.994806	-0.097979	0.027607	0.092858	0.984581	0.148248	-0.041707	-0.144915	0.988565
0.994882	-0.097296	0.027249	0.092254	0.984707	0.147787	-0.041211	-0.144516	0.988644
0.995059	-0.095931	0.025588	0.091154	0.984856	0.147478	-0.039348	-0.144417	0.988734
0.995083	-0.095807	0.025118	0.091073	0.984762	0.148154	-0.038930	-0.145137	0.988645
0.995050	-0.096086	0.025363	0.091297	0.984675	0.148592	-0.039252	-0.145541	0.988573
0.994775	-0.098572	0.026584	0.093582	0.984473	0.148509	-0.040810	-0.145245	0.988554
0.994494	-0.101086	0.027629	0.095932	0.984294	0.148197	-0.042176	-0.144731	0.988572
0.994396	-0.102081	0.027491	0.096974	0.984323	0.147322	-0.042099	-0.143831	0.988706
0.994258	-0.103390	0.027582	0.098229	0.984102	0.147966	-0.042442	-0.144407	0.988608
0.994034	-0.105148	0.029000	0.099721	0.983807	0.148927	-0.044190	-0.145147	0.988423
0.994022	-0.105091	0.029601	0.099583	0.983839	0.148808	-0.044761	-0.144971	0.988423
0.994095	-0.104379	0.029682	0.098873	0.983931	0.148672	-0.044723	-0.144860	0.988441
0.994189	-0.103511	0.029564	0.098050	0.984081	0.148226	-0.044436	-0.144466	0.988512
0.994327	-0.102300	0.029147	0.096929	0.984250	0.147839	-0.043812	-0.144175	0.988582
0.994650	-0.099441	0.027988	0.094261	0.984487	0.147987	-0.042270	-0.144557	0.988593
0.994899	-0.097223	0.026917	0.092201	0.984611	0.148461	-0.040937	-0.145222	0.988552
0.995083	-0.095510	0.026210	0.090585	0.984672	0.149048	-0.040043	-0.145941	0.988483
0.995134	-0.095069	0.025895	0.090188	0.984685	0.149204	-0.039683	-0.146142	0.988467
