0.998867	-0.019429	0.043445	0.010591	0.980725	0.195104	-0.046398	-0.194422	0.979820
0.998849	-0.019607	0.043774	0.010707	0.980750	0.194975	-0.046754	-0.194282	0.979831
0.998832	-0.019410	0.044244	0.010427	0.980772	0.194880	-0.047176	-0.194191	0.979829
0.998767	-0.019915	0.045465	0.010716	0.980894	0.194246	-0.048465	-0.193520	0.979899
0.998736	-0.020588	0.045860	0.011296	0.980872	0.194328	-0.048984	-0.193564	0.979864
0.998702	-0.021247	0.046300	0.011845	0.980815	0.194583	-0.049546	-0.193782	0.979793
0.998669	-0.021644	0.046824	0.012133	0.980806	0.194609	-0.050137	-0.193782	0.979763
0.998655	-0.021811	0.047039	0.012258	0.980818	0.194538	-0.050380	-0.193700	0.979766
0.998666	-0.022565	0.046439	0.013130	0.980866	0.194242	-0.049934	-0.193373	0.979854
0.998693	-0.023007	0.045641	0.013733	0.980911	0.193970	-0.049233	-0.193089	0.979945
0.998678	-0.023952	0.045477	0.014695	0.980905	0.193933	-0.049254	-0.193008	0.979960
0.998627	-0.025163	0.045956	0.015774	0.980822	0.194267	-0.049963	-0.193275	0.979872
0.998629	-0.025415	0.045757	0.016105	0.980989	0.193395	-0.049802	-0.192393	0.980053
0.998645	-0.026011	0.045066	0.016820	0.980963	0.193464	-0.049241	-0.192444	0.980072
0.998686	-0.025733	0.044315	0.016690	0.980957	0.193506	-0.048451	-0.192512	0.980098
0.998747	-0.023690	0.044085	0.014688	0.980830	0.194313	-0.047843	-0.193422	0.979948
0.998768	-0.022802	0.044069	0.013812	0.980813	0.194459	-0.047658	-0.193611	0.979920
0.998791	-0.022325	0.043796	0.013381	0.980759	0.194763	-0.047301	-0.193941	0.979872
0.998897	-0.020852	0.042070	0.012260	0.980723	0.195018	-0.045326	-0.194287	0.979897
0.998957	-0.019898	0.041089	0.011546	0.980876	0.194293	-0.044169	-0.193616	0.980083
0.998927	-0.020511	0.041520	0.012039	0.980757	0.194861	-0.044718	-0.194152	0.979952
