0.917128	-0.393712	-0.062181	0.389319	0.918278	-0.072078	0.085478	0.041896	0.995459
0.917061	-0.393829	-0.062431	0.389460	0.918250	-0.071679	0.085556	0.041420	0.995472
0.917168	-0.393648	-0.061992	0.389321	0.918331	-0.071400	0.085036	0.041351	0.995519
0.917197	-0.393613	-0.061785	0.389254	0.918322	-0.071877	0.085030	0.041875	0.995498
0.917102	-0.393802	-0.061999	0.389373	0.918216	-0.072579	0.085510	0.042422	0.995434
0.917126	-0.393723	-0.062151	0.389275	0.918246	-0.072726	0.085703	0.042505	0.995414
0.917393	-0.393067	-0.062353	0.388593	0.918519	-0.072921	0.085936	0.042668	0.995387
0.917847	-0.391916	-0.062918	0.387354	0.918985	-0.073650	0.086685	0.043228	0.995297
0.918012	-0.391461	-0.063338	0.386821	0.919155	-0.074313	0.087308	0.043719	0.995222
0.917836	-0.391866	-0.063392	0.387202	0.918975	-0.074567	0.087476	0.043895	0.995199
0.917747	-0.392075	-0.063384	0.387419	0.918890	-0.074487	0.087447	0.043804	0.995206
0.917541	-0.392583	-0.063220	0.387983	0.918696	-0.073945	0.087110	0.043319	0.995256
0.917547	-0.392547	-0.063355	0.387932	0.918709	-0.074038	0.087269	0.043356	0.995241
0.917352	-0.393008	-0.063321	0.388414	0.918523	-0.073824	0.087175	0.043127	0.995259
0.917200	-0.393433	-0.062885	0.388940	0.918375	-0.072888	0.086428	0.042394	0.995356
0.917348	-0.393160	-0.062435	0.388772	0.918525	-0.071884	0.085610	0.041669	0.995457
0.917443	-0.392917	-0.062575	0.388591	0.918664	-0.071085	0.085416	0.040901	0.995506
0.917476	-0.392862	-0.062428	0.388613	0.918718	-0.070265	0.084958	0.040206	0.995573
0.917597	-0.392663	-0.061904	0.388434	0.918793	-0.070271	0.084470	0.040434	0.995605
0.917780	-0.392288	-0.061562	0.388031	0.918926	-0.070763	0.084330	0.041057	0.995592
0.917845	-0.392214	-0.061064	0.387975	0.918947	-0.070793	0.083880	0.041286	0.995620
0.917903	-0.392120	-0.060785	0.387906	0.918988	-0.070633	0.083557	0.041255	0.995649
0.917852	-0.392276	-0.060557	0.388081	0.918923	-0.070522	0.083311	0.041228	0.995670
0.917926	-0.392056	-0.060865	0.387861	0.919028	-0.070363	0.083523	0.040981	0.995663
0.917856	-0.392197	-0.061013	0.388010	0.918978	-0.070195	0.083600	0.040755	0.995666
