0.974330	-0.219368	-0.050587	0.215380	0.973712	-0.074135	0.065520	0.061337	0.995964
0.974221	-0.220023	-0.049832	0.216090	0.973565	-0.074001	0.064796	0.061325	0.996012
0.974315	-0.219629	-0.049736	0.215728	0.973676	-0.073600	0.064592	0.060980	0.996047
0.974609	-0.218155	-0.050464	0.214206	0.974007	-0.073659	0.065222	0.060979	0.996006
0.974765	-0.217305	-0.051102	0.213331	0.974214	-0.073460	0.065748	0.060704	0.995988
0.974741	-0.217326	-0.051477	0.213376	0.974257	-0.072759	0.065965	0.059937	0.996020
0.974648	-0.217761	-0.051395	0.213852	0.974194	-0.072200	0.065791	0.059379	0.996065
0.974535	-0.218192	-0.051710	0.214264	0.974104	-0.072198	0.066124	0.059280	0.996049
0.974348	-0.218911	-0.052187	0.214943	0.973941	-0.072371	0.066670	0.059297	0.996012
0.974285	-0.219181	-0.052240	0.215185	0.973860	-0.072748	0.066819	0.059636	0.995981
0.974455	-0.218351	-0.052532	0.214301	0.974014	-0.073286	0.067169	0.060156	0.995926
0.974563	-0.217782	-0.052896	0.213686	0.974123	-0.073641	0.067565	0.060465	0.995881
0.974548	-0.217832	-0.052957	0.213740	0.974119	-0.073534	0.067605	0.060343	0.995886
0.974552	-0.217738	-0.053269	0.213639	0.974154	-0.073368	0.067867	0.060121	0.995881
0.974449	-0.218116	-0.053613	0.213976	0.974059	-0.073649	0.068286	0.060295	0.995842
0.974304	-0.218645	-0.054089	0.214431	0.973908	-0.074312	0.068926	0.060804	0.995767
0.974278	-0.218724	-0.054239	0.214484	0.973877	-0.074562	0.069131	0.061011	0.995740
0.974369	-0.218350	-0.054110	0.214123	0.973963	-0.074487	0.068965	0.060992	0.995753
0.974446	-0.217955	-0.054319	0.213716	0.974053	-0.074466	0.069140	0.060954	0.995743
0.974446	-0.217942	-0.054378	0.213678	0.974037	-0.074786	0.069265	0.061256	0.995716
0.974444	-0.218074	-0.053882	0.213840	0.974002	-0.074784	0.068790	0.061351	0.995743
0.974218	-0.219265	-0.053117	0.215091	0.973742	-0.074583	0.068076	0.061236	0.995799
0.973817	-0.221480	-0.051251	0.217471	0.973271	-0.073822	0.066231	0.060744	0.995954
0.973815	-0.221797	-0.049913	0.217861	0.973175	-0.073942	0.064974	0.061132	0.996013
0.973994	-0.221032	-0.049805	0.217081	0.973323	-0.074289	0.064897	0.061546	0.995992
