0.919891	-0.387073	-0.063051	0.383148	0.921322	-0.066058	0.083659	0.036608	0.995822
0.920090	-0.386647	-0.062752	0.382740	0.921499	-0.065955	0.083327	0.036667	0.995847
0.920429	-0.385885	-0.062471	0.381984	0.921809	-0.065999	0.083055	0.036885	0.995862
0.920723	-0.385157	-0.062629	0.381259	0.922118	-0.065881	0.083126	0.036781	0.995860
0.921000	-0.384473	-0.062769	0.380583	0.922409	-0.065710	0.083163	0.036630	0.995862
0.921267	-0.383796	-0.062989	0.379915	0.922700	-0.065489	0.083254	0.036402	0.995863
0.921393	-0.383506	-0.062914	0.379635	0.922822	-0.065400	0.083139	0.036375	0.995874
0.921395	-0.383536	-0.062698	0.379677	0.922808	-0.065357	0.082925	0.036415	0.995890
0.921324	-0.383757	-0.062394	0.379896	0.922706	-0.065519	0.082714	0.036661	0.995899
0.921256	-0.383982	-0.062012	0.380137	0.922608	-0.065497	0.082362	0.036767	0.995924
0.921119	-0.384320	-0.061954	0.380497	0.922477	-0.065258	0.082231	0.036537	0.995943
0.921025	-0.384511	-0.062165	0.380703	0.922411	-0.064986	0.082330	0.036187	0.995948
0.921103	-0.384281	-0.062429	0.380465	0.922511	-0.064967	0.082557	0.036089	0.995933
0.921315	-0.383754	-0.062537	0.379938	0.922732	-0.064910	0.082614	0.036043	0.995930
0.921464	-0.383412	-0.062437	0.379591	0.922867	-0.065017	0.082549	0.036210	0.995929
0.921453	-0.383528	-0.061888	0.379699	0.922799	-0.065345	0.082172	0.036714	0.995942
0.921334	-0.383808	-0.061922	0.379959	0.922676	-0.065576	0.082302	0.036890	0.995924
0.921304	-0.383852	-0.062101	0.379983	0.922654	-0.065747	0.082535	0.036976	0.995902
0.921438	-0.383555	-0.061946	0.379694	0.922775	-0.065710	0.082365	0.037027	0.995914
0.921547	-0.383337	-0.061677	0.379493	0.922865	-0.065617	0.082073	0.037064	0.995937
0.921577	-0.383247	-0.061788	0.379376	0.922892	-0.065906	0.082282	0.037297	0.995911
0.921591	-0.383246	-0.061592	0.379400	0.922898	-0.065682	0.082016	0.037164	0.995938
0.921559	-0.383361	-0.061343	0.379537	0.922853	-0.065534	0.081733	0.037112	0.995963
0.921574	-0.383344	-0.061222	0.379509	0.922850	-0.065727	0.081695	0.037338	0.995958
