0.919134	-0.389042	-0.061956	0.385188	0.920495	-0.065726	0.082601	0.036546	0.995912
0.919151	-0.388961	-0.062215	0.385143	0.920553	-0.065173	0.082621	0.035942	0.995933
0.919148	-0.388992	-0.062067	0.385248	0.920568	-0.064338	0.082163	0.035225	0.995996
0.919335	-0.388602	-0.061737	0.384943	0.920757	-0.063440	0.081498	0.034557	0.996074
0.919685	-0.387825	-0.061402	0.384222	0.921097	-0.062886	0.080946	0.034243	0.996130
0.920082	-0.386915	-0.061194	0.383335	0.921481	-0.062674	0.080639	0.034207	0.996156
0.920507	-0.385913	-0.061136	0.382320	0.921891	-0.062843	0.080612	0.034475	0.996149
0.921073	-0.384551	-0.061194	0.380947	0.922453	-0.062928	0.080648	0.034650	0.996140
0.921622	-0.383188	-0.061487	0.379539	0.923006	-0.063329	0.081019	0.035028	0.996097
0.921725	-0.382928	-0.061562	0.379178	0.923071	-0.064529	0.081536	0.036135	0.996015
0.921529	-0.383377	-0.061699	0.379530	0.922847	-0.065656	0.082109	0.037088	0.995933
0.921344	-0.383658	-0.062698	0.379723	0.922724	-0.066266	0.083276	0.037245	0.995830
0.921251	-0.383806	-0.063160	0.379846	0.922666	-0.066362	0.083746	0.037145	0.995795
0.921425	-0.383305	-0.063665	0.379332	0.922883	-0.066284	0.084162	0.036926	0.995768
0.921875	-0.382132	-0.064206	0.378119	0.923366	-0.066501	0.084698	0.037028	0.995718
0.922197	-0.381373	-0.064081	0.377348	0.923668	-0.066677	0.084618	0.037308	0.995715
0.922139	-0.381591	-0.063620	0.377581	0.923571	-0.066707	0.084212	0.037491	0.995742
0.922025	-0.381973	-0.062973	0.378007	0.923412	-0.066485	0.083546	0.037497	0.995798
0.921878	-0.382343	-0.062897	0.378385	0.923262	-0.066428	0.083468	0.037439	0.995807
0.921447	-0.383350	-0.063075	0.379397	0.922855	-0.066301	0.083625	0.037162	0.995804
0.921258	-0.383825	-0.062942	0.379857	0.922648	-0.066553	0.083618	0.037403	0.995796
0.921131	-0.384113	-0.063056	0.380126	0.922524	-0.066733	0.083803	0.037501	0.995776
0.921028	-0.384350	-0.063106	0.380338	0.922416	-0.067017	0.083968	0.037723	0.995754
0.920926	-0.384604	-0.063044	0.380613	0.922319	-0.066792	0.083835	0.037515	0.995773
0.920963	-0.384565	-0.062749	0.380623	0.922347	-0.066346	0.083391	0.037218	0.995822
