0.991037	-0.125082	-0.046907	0.120845	0.989084	-0.084319	0.056941	0.077895	0.995334
0.990983	-0.125611	-0.046625	0.121374	0.988988	-0.084679	0.056748	0.078256	0.995317
0.991056	-0.125026	-0.046646	0.120769	0.989033	-0.085023	0.056765	0.078629	0.995287
0.991144	-0.124104	-0.047236	0.119770	0.989105	-0.085590	0.057343	0.079174	0.995210
0.991212	-0.123584	-0.047172	0.119225	0.989125	-0.086127	0.057303	0.079746	0.995167
0.991239	-0.123454	-0.046946	0.119121	0.989149	-0.085994	0.057053	0.079648	0.995189
0.991280	-0.123165	-0.046835	0.118886	0.989245	-0.085206	0.056826	0.078895	0.995262
0.991318	-0.122918	-0.046683	0.118660	0.989284	-0.085074	0.056640	0.078796	0.995280
0.991348	-0.122913	-0.046064	0.118700	0.989274	-0.085132	0.056034	0.078928	0.995304
0.991437	-0.122361	-0.045623	0.118189	0.989343	-0.085038	0.055542	0.078917	0.995333
0.991540	-0.121627	-0.045339	0.117496	0.989450	-0.084751	0.055169	0.078707	0.995370
0.991573	-0.121457	-0.045079	0.117356	0.989482	-0.084581	0.054878	0.078578	0.995396
0.991588	-0.121410	-0.044871	0.117333	0.989497	-0.084435	0.054651	0.078460	0.995418
0.991569	-0.121747	-0.044375	0.117754	0.989518	-0.083594	0.054088	0.077663	0.995511
0.991539	-0.122159	-0.043895	0.118278	0.989574	-0.082180	0.053476	0.076293	0.995650
0.991578	-0.121951	-0.043598	0.118185	0.989725	-0.080480	0.052964	0.074649	0.995802
0.991657	-0.121466	-0.043164	0.117798	0.989870	-0.079255	0.052353	0.073509	0.995919
0.991717	-0.121056	-0.042923	0.117416	0.989931	-0.079063	0.052062	0.073368	0.995945
0.991767	-0.120579	-0.043118	0.116885	0.989932	-0.079833	0.052310	0.074136	0.995875
0.991770	-0.120468	-0.043366	0.116750	0.989939	-0.079944	0.052560	0.074223	0.995856
0.991764	-0.120306	-0.043949	0.116547	0.989965	-0.079910	0.053121	0.074130	0.995833
0.991728	-0.120528	-0.044149	0.116722	0.989896	-0.080505	0.053406	0.074685	0.995776
0.991683	-0.120655	-0.044798	0.116764	0.989837	-0.081173	0.054137	0.075268	0.995693
0.991587	-0.121099	-0.045713	0.117116	0.989762	-0.081573	0.055124	0.075533	0.995618
0.991461	-0.121963	-0.046153	0.117886	0.989585	-0.082613	0.055748	0.076467	0.995512
