0.941899	-0.332102	-0.050345	0.327594	0.941359	-0.080776	0.074219	0.059590	0.995460
0.941511	-0.333298	-0.049695	0.328833	0.940932	-0.080720	0.073664	0.059658	0.995497
0.941436	-0.333518	-0.049638	0.329021	0.940825	-0.081198	0.073782	0.060110	0.995461
0.941381	-0.333734	-0.049233	0.329316	0.940786	-0.080449	0.073167	0.059520	0.995542
0.941444	-0.333639	-0.048662	0.329296	0.940840	-0.079898	0.072441	0.059195	0.995615
0.941472	-0.333607	-0.048342	0.329267	0.940833	-0.080108	0.072206	0.059502	0.995613
0.941550	-0.333454	-0.047868	0.329149	0.940881	-0.080023	0.071722	0.059590	0.995643
0.941588	-0.333391	-0.047563	0.329101	0.940895	-0.080052	0.071441	0.059723	0.995655
0.941678	-0.333166	-0.047364	0.328882	0.940964	-0.080146	0.071270	0.059895	0.995657
0.941909	-0.332545	-0.047126	0.328298	0.941194	-0.079844	0.070906	0.059734	0.995693
0.942127	-0.331960	-0.046884	0.327799	0.941452	-0.078842	0.070312	0.058911	0.995784
0.942391	-0.331234	-0.046732	0.327118	0.941732	-0.078320	0.069951	0.058521	0.995832
0.942864	-0.329860	-0.046909	0.325705	0.942186	-0.078758	0.070176	0.058980	0.995789
0.942905	-0.329660	-0.047477	0.325425	0.942228	-0.079401	0.070909	0.059418	0.995712
0.942788	-0.329953	-0.047766	0.325679	0.942115	-0.079707	0.071301	0.059590	0.995673
0.942825	-0.329765	-0.048332	0.325428	0.942167	-0.080117	0.071956	0.059807	0.995613
0.942839	-0.329652	-0.048825	0.325253	0.942189	-0.080565	0.072560	0.060080	0.995553
0.942731	-0.329915	-0.049129	0.325488	0.942097	-0.080689	0.072905	0.060077	0.995528
0.942538	-0.330391	-0.049634	0.325914	0.941927	-0.080952	0.073497	0.060124	0.995481
0.942322	-0.330929	-0.050147	0.326367	0.941709	-0.081667	0.074250	0.060590	0.995397
0.942347	-0.330757	-0.050817	0.326073	0.941715	-0.082761	0.075229	0.061419	0.995273
0.942488	-0.330291	-0.051239	0.325513	0.941831	-0.083639	0.075883	0.062150	0.995178
0.942379	-0.330617	-0.051134	0.325786	0.941666	-0.084426	0.076064	0.062903	0.995117
0.942385	-0.330580	-0.051255	0.325667	0.941620	-0.085394	0.076493	0.063782	0.995028
0.942440	-0.330368	-0.051618	0.325382	0.941659	-0.086051	0.077035	0.064302	0.994953
