0.932296	-0.357252	-0.056516	0.353383	0.932989	-0.068214	0.077098	0.043623	0.996069
0.932100	-0.357753	-0.056594	0.353879	0.932800	-0.068222	0.077197	0.043562	0.996064
0.932104	-0.357741	-0.056594	0.353849	0.932794	-0.068455	0.077280	0.043782	0.996048
0.932310	-0.357190	-0.056692	0.353262	0.932987	-0.068864	0.077490	0.044175	0.996014
0.932449	-0.356850	-0.056547	0.352926	0.933112	-0.068880	0.077344	0.044270	0.996021
0.932625	-0.356431	-0.056275	0.352539	0.933277	-0.068637	0.076985	0.044173	0.996053
0.932627	-0.356280	-0.057196	0.352342	0.933346	-0.068705	0.077862	0.043923	0.995996
0.931943	-0.357980	-0.057723	0.354044	0.932724	-0.068404	0.078327	0.043312	0.995986
0.931217	-0.359909	-0.057453	0.355994	0.931989	-0.068293	0.078124	0.043143	0.996010
0.930822	-0.361003	-0.056980	0.357060	0.931535	-0.068929	0.077962	0.043815	0.995993
0.930640	-0.361561	-0.056425	0.357665	0.931324	-0.068635	0.077366	0.043693	0.996045
0.930648	-0.361589	-0.056109	0.357782	0.931350	-0.067672	0.076726	0.042904	0.996129
0.930764	-0.361343	-0.055772	0.357585	0.931458	-0.067219	0.076238	0.042622	0.996178
0.930777	-0.361436	-0.054945	0.357683	0.931392	-0.067616	0.075615	0.043283	0.996197
0.930622	-0.361830	-0.054975	0.358046	0.931223	-0.068014	0.075804	0.043612	0.996169
0.930456	-0.362246	-0.055046	0.358458	0.931063	-0.068036	0.075897	0.043572	0.996163
0.930408	-0.362375	-0.054995	0.358601	0.931020	-0.067878	0.075799	0.043433	0.996177
0.930373	-0.362399	-0.055434	0.358601	0.931015	-0.067945	0.076233	0.043335	0.996148
0.930313	-0.362484	-0.055878	0.358626	0.930967	-0.068466	0.076838	0.043655	0.996087
0.930277	-0.362463	-0.056611	0.358533	0.930964	-0.068989	0.077709	0.043882	0.996010
0.930222	-0.362554	-0.056935	0.358590	0.930924	-0.069236	0.078104	0.043989	0.995974
0.930047	-0.362988	-0.057026	0.358979	0.930735	-0.069764	0.078400	0.044413	0.995932
0.929832	-0.363444	-0.057633	0.359346	0.930534	-0.070541	0.079267	0.044881	0.995843
0.929678	-0.363771	-0.058052	0.359605	0.930387	-0.071163	0.079898	0.045283	0.995774
0.929669	-0.363735	-0.058425	0.359519	0.930389	-0.071567	0.080390	0.045529	0.995723
