0.993979	-0.100918	-0.042682	0.096764	0.991212	-0.090201	0.051410	0.085528	0.995009
0.994073	-0.099894	-0.042890	0.095735	0.991330	-0.090000	0.051509	0.085360	0.995018
0.994168	-0.099047	-0.042667	0.094924	0.991434	-0.089716	0.051187	0.085142	0.995053
0.994235	-0.098557	-0.042233	0.094458	0.991453	-0.089989	0.050742	0.085481	0.995047
0.994278	-0.098229	-0.041988	0.094127	0.991439	-0.090491	0.050517	0.086021	0.995012
0.994244	-0.098573	-0.041990	0.094488	0.991438	-0.090125	0.050515	0.085638	0.995045
0.994181	-0.099196	-0.042009	0.095124	0.991405	-0.089817	0.050558	0.085298	0.995072
0.994083	-0.100108	-0.042169	0.096031	0.991338	-0.089592	0.050773	0.085012	0.995085
0.993991	-0.100849	-0.042560	0.096761	0.991311	-0.089111	0.051177	0.084457	0.995112
0.993908	-0.101583	-0.042755	0.097471	0.991231	-0.089226	0.051444	0.084515	0.995093
0.993922	-0.101502	-0.042616	0.097374	0.991191	-0.089773	0.051353	0.085078	0.995050
0.994036	-0.100445	-0.042471	0.096334	0.991296	-0.089733	0.051114	0.085106	0.995060
0.994152	-0.099356	-0.042316	0.095273	0.991419	-0.089510	0.050847	0.084955	0.995087
0.994211	-0.098841	-0.042119	0.094797	0.991502	-0.089091	0.050567	0.084582	0.995133
0.994245	-0.098739	-0.041573	0.094758	0.991534	-0.088781	0.049987	0.084330	0.995183
0.994220	-0.099109	-0.041289	0.095139	0.991475	-0.089023	0.049760	0.084580	0.995173
0.994116	-0.100172	-0.041217	0.096184	0.991338	-0.089428	0.049818	0.084938	0.995140
0.994046	-0.100891	-0.041160	0.096902	0.991262	-0.089497	0.049830	0.084975	0.995136
0.994009	-0.101090	-0.041552	0.097077	0.991262	-0.089310	0.050217	0.084742	0.995137
0.993986	-0.101198	-0.041849	0.097165	0.991263	-0.089198	0.050510	0.084596	0.995134
0.994026	-0.100824	-0.041788	0.096793	0.991291	-0.089298	0.050427	0.084720	0.995128
0.994109	-0.100124	-0.041501	0.096124	0.991365	-0.089196	0.050073	0.084682	0.995149
0.994091	-0.100399	-0.041272	0.096389	0.991288	-0.089766	0.049925	0.085258	0.995107
0.994078	-0.100689	-0.040868	0.096708	0.991249	-0.089852	0.049558	0.085368	0.995116
0.994178	-0.099524	-0.041296	0.095489	0.991328	-0.090282	0.049923	0.085813	0.995060
