0.947661	-0.316653	0.040855	0.300205	0.927289	0.223634	-0.108698	-0.199664	0.973817
0.947518	-0.317056	0.041053	0.300520	0.927104	0.223978	-0.109075	-0.199886	0.973729
0.947279	-0.317776	0.040990	0.301256	0.926903	0.223819	-0.109118	-0.199671	0.973768
0.947184	-0.318073	0.040890	0.301596	0.926856	0.223559	-0.109007	-0.199419	0.973832
0.947323	-0.317700	0.040579	0.301323	0.927010	0.223287	-0.108555	-0.199297	0.973908
0.947707	-0.316652	0.039776	0.300430	0.927238	0.223544	-0.107667	-0.199905	0.973882
0.948066	-0.315734	0.038517	0.299807	0.927489	0.223335	-0.106239	-0.200189	0.973980
0.947940	-0.316201	0.037784	0.300402	0.927275	0.223425	-0.105683	-0.200443	0.973989
0.947679	-0.316958	0.037978	0.301147	0.927130	0.223027	-0.105900	-0.199921	0.974072
0.947437	-0.317635	0.038344	0.301811	0.927077	0.222347	-0.106173	-0.199087	0.974213
0.947233	-0.318208	0.038637	0.302348	0.926980	0.222022	-0.106465	-0.198625	0.974276
0.947333	-0.317913	0.038611	0.302052	0.927050	0.222134	-0.106413	-0.198772	0.974251
0.947519	-0.317394	0.038336	0.301579	0.927158	0.222323	-0.106107	-0.199094	0.974219
0.947950	-0.316184	0.037673	0.300540	0.927522	0.222214	-0.105203	-0.199325	0.974270
0.948027	-0.315931	0.037856	0.300322	0.927741	0.221593	-0.105128	-0.198707	0.974404
0.947749	-0.316680	0.038555	0.300894	0.927508	0.221792	-0.105997	-0.198602	0.974332
0.947947	-0.316109	0.038350	0.300316	0.927562	0.222349	-0.105859	-0.199258	0.974213
0.948600	-0.314319	0.036902	0.298815	0.927956	0.222727	-0.104251	-0.200252	0.974182
0.949000	-0.313238	0.035797	0.297979	0.928224	0.222730	-0.102995	-0.200704	0.974223
0.949068	-0.313065	0.035490	0.297841	0.928199	0.223018	-0.102761	-0.201089	0.974168
0.949064	-0.313057	0.035666	0.297730	0.928080	0.223662	-0.103120	-0.201651	0.974014
0.949164	-0.312740	0.035804	0.297354	0.928115	0.224017	-0.103289	-0.201983	0.973927
0.949268	-0.312400	0.036003	0.297004	0.928278	0.223806	-0.103338	-0.201759	0.973969
0.949265	-0.312383	0.036243	0.296949	0.928320	0.223704	-0.103526	-0.201592	0.973983
