0.999933	0.007356	0.008956	-0.008298	0.993874	0.110211	-0.008091	-0.110278	0.993868
0.999936	0.007215	0.008738	-0.008139	0.993804	0.110849	-0.007884	-0.110913	0.993799
0.999935	0.007274	0.008742	-0.008199	0.993788	0.110988	-0.007881	-0.111053	0.993783
0.999935	0.007426	0.008624	-0.008337	0.993786	0.111000	-0.007747	-0.111064	0.993783
0.999936	0.007392	0.008519	-0.008293	0.993775	0.111092	-0.007645	-0.111156	0.993774
0.999938	0.007358	0.008414	-0.008248	0.993766	0.111185	-0.007543	-0.111247	0.993764
0.999935	0.007733	0.008322	-0.008612	0.993729	0.111480	-0.007408	-0.111545	0.993732
0.999933	0.008241	0.008093	-0.009093	0.993711	0.111604	-0.007123	-0.111670	0.993720
0.999930	0.008888	0.007756	-0.009698	0.993721	0.111465	-0.006717	-0.111533	0.993738
0.999926	0.009817	0.007218	-0.010562	0.993700	0.111575	-0.006077	-0.111643	0.993730
0.999927	0.009760	0.007065	-0.010488	0.993701	0.111577	-0.005931	-0.111643	0.993731
0.999947	0.006814	0.007747	-0.007634	0.993771	0.111175	-0.006942	-0.111228	0.993771
0.999955	0.002192	0.009180	-0.003182	0.994014	0.109207	-0.008886	-0.109231	0.993977
0.999949	0.004499	0.009032	-0.005460	0.993980	0.109423	-0.008485	-0.109466	0.993954
0.999941	0.006734	0.008498	-0.007629	0.993896	0.110056	-0.007705	-0.110114	0.993889
0.999932	0.007776	0.008646	-0.008682	0.993872	0.110197	-0.007736	-0.110264	0.993872
0.999932	0.007937	0.008502	-0.008822	0.993925	0.109708	-0.007580	-0.109775	0.993928
0.999933	0.007819	0.008494	-0.008702	0.993957	0.109428	-0.007587	-0.109495	0.993958
0.999933	0.008115	0.008295	-0.008972	0.993992	0.109084	-0.007360	-0.109151	0.993998
0.999928	0.008748	0.008198	-0.009589	0.994012	0.108846	-0.007197	-0.108917	0.994025
0.999924	0.009149	0.008249	-0.009992	0.994026	0.108683	-0.007206	-0.108757	0.994042
0.999924	0.009225	0.008190	-0.010061	0.994025	0.108689	-0.007139	-0.108763	0.994042
0.999923	0.009352	0.008173	-0.010183	0.994048	0.108468	-0.007110	-0.108543	0.994066
