0.993365	-0.110346	0.032389	0.103175	0.979536	0.172814	-0.050795	-0.168326	0.984422
0.993309	-0.110752	0.032735	0.103546	0.979594	0.172262	-0.051145	-0.167719	0.984507
0.993313	-0.110668	0.032889	0.103453	0.979657	0.171957	-0.051251	-0.167404	0.984555
0.993264	-0.110785	0.033974	0.103426	0.979790	0.171214	-0.052255	-0.166547	0.984648
0.993305	-0.110194	0.034665	0.102763	0.979976	0.170547	-0.052764	-0.165843	0.984740
0.993203	-0.111141	0.034575	0.103877	0.980386	0.167489	-0.052512	-0.162759	0.985268
0.992904	-0.113460	0.035613	0.106100	0.980471	0.165585	-0.053705	-0.160632	0.985552
0.992700	-0.115063	0.036161	0.107656	0.980489	0.164473	-0.054380	-0.159380	0.985718
0.992563	-0.116291	0.035989	0.108928	0.980444	0.163904	-0.054346	-0.158765	0.985820
0.992377	-0.118070	0.035321	0.110764	0.980153	0.164411	-0.054032	-0.159246	0.985759
0.992262	-0.119062	0.035225	0.111732	0.979963	0.164889	-0.054151	-0.159677	0.985683
0.992170	-0.119490	0.036351	0.112000	0.980007	0.164445	-0.055273	-0.159086	0.985716
0.992106	-0.119688	0.037413	0.112000	0.979929	0.164910	-0.056400	-0.159418	0.985599
0.992508	-0.116850	0.035698	0.109494	0.980282	0.164493	-0.054215	-0.159352	0.985732
0.992433	-0.117479	0.035713	0.110060	0.980059	0.165443	-0.054437	-0.160261	0.985572
0.992547	-0.116699	0.035086	0.109338	0.979975	0.166415	-0.053804	-0.161339	0.985431
0.992748	-0.115137	0.034554	0.107819	0.979947	0.167569	-0.053155	-0.162629	0.985255
0.992922	-0.113578	0.034736	0.106190	0.979931	0.168696	-0.053199	-0.163813	0.985056
0.992994	-0.112623	0.035755	0.105066	0.980008	0.168954	-0.054068	-0.164014	0.984975
0.993004	-0.112561	0.035678	0.105027	0.980043	0.168777	-0.053964	-0.163849	0.985008
0.993004	-0.112587	0.035601	0.105066	0.980039	0.168773	-0.053892	-0.163852	0.985012
0.992989	-0.112632	0.035878	0.105058	0.980016	0.168912	-0.054186	-0.163958	0.984978
