0.930223	-0.363774	0.048514	0.341124	0.905814	0.251269	-0.135350	-0.217187	0.966701
0.930327	-0.363495	0.048612	0.340820	0.905905	0.251352	-0.135403	-0.217272	0.966674
0.930332	-0.363473	0.048686	0.340780	0.905917	0.251365	-0.135469	-0.217262	0.966667
0.930315	-0.363513	0.048702	0.340810	0.905894	0.251408	-0.135509	-0.217290	0.966655
0.930420	-0.363273	0.048484	0.340600	0.905926	0.251574	-0.135313	-0.217556	0.966623
0.930872	-0.362208	0.047779	0.339614	0.906090	0.252315	-0.134683	-0.218647	0.966465
0.932137	-0.359215	0.045657	0.337152	0.906971	0.252452	-0.132095	-0.219927	0.966532
0.931799	-0.360051	0.045983	0.337903	0.906712	0.252381	-0.132563	-0.219630	0.966535
0.930882	-0.362257	0.047216	0.339841	0.906115	0.251921	-0.134044	-0.218463	0.966595
0.930255	-0.363763	0.047977	0.341093	0.905552	0.252250	-0.135205	-0.218292	0.966472
0.930352	-0.363568	0.047567	0.341043	0.905669	0.251900	-0.134663	-0.218133	0.966584
0.930550	-0.363189	0.046589	0.340917	0.905771	0.251703	-0.133615	-0.218340	0.966682
0.931007	-0.362219	0.044975	0.340179	0.905746	0.252790	-0.132301	-0.220050	0.966475
0.931306	-0.361630	0.043505	0.339936	0.905845	0.252762	-0.130815	-0.220609	0.966550
0.930536	-0.363575	0.043774	0.341727	0.905086	0.253065	-0.131627	-0.220527	0.966458
0.929742	-0.365579	0.043951	0.343477	0.904097	0.254230	-0.132677	-0.221272	0.966145
0.929064	-0.367283	0.044086	0.345086	0.903447	0.254359	-0.133251	-0.221102	0.966104
0.928164	-0.369490	0.044587	0.347151	0.902717	0.254144	-0.134153	-0.220409	0.966138
0.927445	-0.371204	0.045309	0.348708	0.902217	0.253787	-0.135085	-0.219574	0.966198
0.926739	-0.372866	0.046095	0.350231	0.901785	0.253224	-0.135987	-0.218529	0.966309
0.925936	-0.374798	0.046581	0.352150	0.901326	0.252194	-0.136506	-0.217112	0.966555
0.926206	-0.374171	0.046246	0.351711	0.901693	0.251495	-0.135802	-0.216671	0.966753
