0.994640	-0.088555	0.053377	0.073607	0.968970	0.235963	-0.072616	-0.230770	0.970295
0.994482	-0.089894	0.054086	0.074790	0.969017	0.235400	-0.073572	-0.230056	0.970392
0.994378	-0.090731	0.054589	0.075564	0.969193	0.234425	-0.074177	-0.228983	0.970600
0.994380	-0.090563	0.054838	0.075391	0.969359	0.233795	-0.074331	-0.228347	0.970738
0.994445	-0.089594	0.055250	0.074320	0.969340	0.234217	-0.074541	-0.228809	0.970613
0.994579	-0.087913	0.055533	0.072622	0.969488	0.234135	-0.074422	-0.228833	0.970617
0.994745	-0.086135	0.055347	0.071012	0.969860	0.233086	-0.073756	-0.227930	0.970880
0.994815	-0.085350	0.055300	0.070332	0.970147	0.232095	-0.073458	-0.227002	0.971120
0.994803	-0.085230	0.055703	0.070152	0.970252	0.231713	-0.073795	-0.226601	0.971188
0.994739	-0.085464	0.056490	0.070166	0.970142	0.232168	-0.074646	-0.226983	0.971034
0.994751	-0.085330	0.056474	0.069948	0.969873	0.233355	-0.074684	-0.228180	0.970750
0.994918	-0.083950	0.055591	0.068774	0.969859	0.233758	-0.073540	-0.228747	0.970704
0.995027	-0.082968	0.055105	0.067885	0.969781	0.234341	-0.072883	-0.229435	0.970591
0.995064	-0.082477	0.055179	0.067363	0.969733	0.234693	-0.072865	-0.229818	0.970502
0.995109	-0.082235	0.054731	0.067227	0.969732	0.234735	-0.072378	-0.229908	0.970517
0.995061	-0.082870	0.054647	0.067863	0.969678	0.234776	-0.072446	-0.229908	0.970512
0.995016	-0.083282	0.054840	0.068228	0.969679	0.234665	-0.072721	-0.229754	0.970528
0.994983	-0.083476	0.055136	0.068344	0.969656	0.234724	-0.073057	-0.229778	0.970497
0.994972	-0.083451	0.055376	0.068256	0.969636	0.234835	-0.073292	-0.229875	0.970456
0.994958	-0.083657	0.055316	0.068471	0.969620	0.234837	-0.073281	-0.229866	0.970460
0.994907	-0.084274	0.055294	0.069068	0.969548	0.234960	-0.073411	-0.229944	0.970431
0.994870	-0.084770	0.055205	0.069565	0.969491	0.235047	-0.073446	-0.230001	0.970415
0.994843	-0.084940	0.055424	0.069685	0.969499	0.234982	-0.073692	-0.229908	0.970418
