0.998460	-0.008026	0.054891	-0.004363	0.975054	0.221925	-0.055303	-0.221823	0.973517
0.998528	-0.007981	0.053653	-0.004151	0.974970	0.222297	-0.054084	-0.222192	0.973502
0.998559	-0.005884	0.053348	-0.006155	0.974858	0.222744	-0.053317	-0.222751	0.973416
0.998549	-0.003967	0.053695	-0.008135	0.974719	0.223286	-0.053224	-0.223399	0.973273
0.998539	-0.002197	0.053994	-0.009923	0.974729	0.223170	-0.053120	-0.223380	0.973283
0.998493	-0.001466	0.054850	-0.010788	0.974885	0.222449	-0.053799	-0.222706	0.973400
0.998450	-0.001974	0.055626	-0.010440	0.974991	0.221997	-0.054673	-0.222234	0.973459
0.998435	-0.003354	0.055821	-0.009102	0.975142	0.221393	-0.055176	-0.221555	0.973586
0.998423	-0.005482	0.055879	-0.007031	0.975183	0.221288	-0.055705	-0.221331	0.973606
0.998374	-0.005783	0.056709	-0.006874	0.975368	0.220477	-0.056587	-0.220509	0.973742
0.998353	-0.005211	0.057128	-0.007401	0.975842	0.218352	-0.056886	-0.218415	0.974196
0.998380	-0.005499	0.056636	-0.007012	0.975841	0.218368	-0.056469	-0.218411	0.974222
0.998384	-0.006631	0.056447	-0.005868	0.975835	0.218430	-0.056531	-0.218408	0.974219
0.998361	-0.007176	0.056787	-0.005381	0.975946	0.217944	-0.056985	-0.217892	0.974308
0.998335	-0.006688	0.057284	-0.005910	0.976163	0.216957	-0.057370	-0.216934	0.974499
0.998281	-0.006913	0.058201	-0.005832	0.976375	0.216002	-0.058319	-0.215971	0.974657
0.998203	-0.008484	0.059320	-0.004515	0.976463	0.215638	-0.059753	-0.215518	0.974670
0.998131	-0.010258	0.060243	-0.002967	0.976515	0.215430	-0.061038	-0.215206	0.974659
0.998066	-0.010894	0.061208	-0.002523	0.976620	0.214956	-0.062119	-0.214694	0.974704
0.998019	-0.011733	0.061813	-0.001804	0.976717	0.214526	-0.062891	-0.214212	0.974760
0.998045	-0.011822	0.061371	-0.001629	0.976695	0.214624	-0.062478	-0.214304	0.974767
