0.953045	-0.299512	0.044699	0.286446	0.939502	0.187841	-0.098255	-0.166217	0.981182
0.952824	-0.300175	0.044955	0.287064	0.939328	0.187769	-0.098591	-0.166006	0.981184
0.952716	-0.300482	0.045200	0.287317	0.939232	0.187861	-0.098902	-0.165991	0.981155
0.952643	-0.300657	0.045560	0.287427	0.939193	0.187887	-0.099280	-0.165894	0.981133
0.952661	-0.300562	0.045817	0.287277	0.939214	0.188015	-0.099542	-0.165952	0.981097
0.952666	-0.300542	0.045852	0.287242	0.939205	0.188110	-0.099599	-0.166035	0.981077
0.952598	-0.300769	0.045772	0.287482	0.939138	0.188082	-0.099555	-0.166008	0.981086
0.952616	-0.300721	0.045713	0.287422	0.939112	0.188304	-0.099556	-0.166242	0.981046
0.952901	-0.299862	0.045424	0.286606	0.939326	0.188478	-0.099185	-0.166582	0.981026
0.953310	-0.298618	0.045031	0.285398	0.939600	0.188943	-0.098733	-0.167269	0.980955
0.953789	-0.297162	0.044517	0.283998	0.939921	0.189457	-0.098142	-0.168059	0.980879
0.953686	-0.297544	0.044166	0.284396	0.939724	0.189833	-0.097987	-0.168481	0.980822
0.953431	-0.298363	0.044144	0.285233	0.939522	0.189582	-0.098039	-0.168162	0.980872
0.953301	-0.298815	0.043898	0.285749	0.939424	0.189291	-0.097802	-0.167907	0.980939
0.953197	-0.299144	0.043901	0.286053	0.939291	0.189487	-0.097920	-0.168061	0.980901
0.953121	-0.299392	0.043872	0.286291	0.939197	0.189597	-0.097968	-0.168149	0.980881
0.953013	-0.299741	0.043840	0.286630	0.939073	0.189698	-0.098029	-0.168219	0.980863
0.952936	-0.299989	0.043811	0.286868	0.938978	0.189809	-0.098078	-0.168308	0.980843
0.953031	-0.299651	0.044057	0.286484	0.939075	0.189911	-0.098280	-0.168369	0.980812
0.953112	-0.299378	0.044160	0.286207	0.939179	0.189811	-0.098300	-0.168272	0.980827
0.953094	-0.299438	0.044141	0.286275	0.939169	0.189759	-0.098277	-0.168222	0.980838
0.953053	-0.299601	0.043913	0.286460	0.939084	0.189898	-0.098132	-0.168404	0.980821
