0.948704	-0.314282	0.034460	0.299446	0.928154	0.221050	-0.101456	-0.199392	0.974654
0.948490	-0.314940	0.034338	0.300088	0.927890	0.221286	-0.101554	-0.199583	0.974604
0.948500	-0.314902	0.034410	0.300017	0.927867	0.221476	-0.101672	-0.199747	0.974558
0.949055	-0.313251	0.034167	0.298444	0.928357	0.221550	-0.101120	-0.200066	0.974550
0.949749	-0.311151	0.034091	0.296390	0.928983	0.221684	-0.100647	-0.200440	0.974522
0.949231	-0.312538	0.035791	0.297471	0.928786	0.221060	-0.102332	-0.199190	0.974603
0.948706	-0.314077	0.036229	0.298959	0.928465	0.220400	-0.102860	-0.198264	0.974736
0.948397	-0.314959	0.036665	0.299847	0.928427	0.219354	-0.103129	-0.197041	0.974956
0.948225	-0.315410	0.037240	0.300227	0.928422	0.218852	-0.103603	-0.196341	0.975047
0.948164	-0.315560	0.037506	0.300306	0.928360	0.219005	-0.103928	-0.196390	0.975003
0.947823	-0.316569	0.037635	0.301290	0.928090	0.218799	-0.104193	-0.196043	0.975044
0.947492	-0.317590	0.037350	0.302407	0.927861	0.218227	-0.103962	-0.195474	0.975183
0.947388	-0.317900	0.037371	0.302799	0.927938	0.217357	-0.103776	-0.194605	0.975376
0.947728	-0.316857	0.037595	0.301750	0.928314	0.217211	-0.103725	-0.194513	0.975400
0.948239	-0.315376	0.037158	0.300391	0.928768	0.217155	-0.102997	-0.194753	0.975430
0.948581	-0.314422	0.036514	0.299548	0.928965	0.217472	-0.102298	-0.195352	0.975383
0.948776	-0.313898	0.035947	0.299131	0.929064	0.217626	-0.101710	-0.195725	0.975370
0.949105	-0.312986	0.035195	0.298364	0.929261	0.217836	-0.100885	-0.196249	0.975350
0.949492	-0.311933	0.034103	0.297526	0.929477	0.218062	-0.099719	-0.196902	0.975339
0.949803	-0.311020	0.033781	0.296596	0.929545	0.219038	-0.099526	-0.198023	0.975131
0.949963	-0.310515	0.033928	0.296053	0.929671	0.219234	-0.099617	-0.198220	0.975082
0.950034	-0.310270	0.034161	0.295798	0.929824	0.218929	-0.099691	-0.197886	0.975143
