0.503655	-0.853891	0.131156	0.861788	0.507218	-0.007126	-0.060440	0.116618	0.991336
0.503111	-0.854381	0.130049	0.862083	0.506732	-0.006012	-0.060764	0.115138	0.991489
0.502560	-0.854865	0.128996	0.862388	0.506223	-0.005037	-0.060994	0.113776	0.991632
0.502188	-0.855219	0.128087	0.862539	0.505979	-0.003384	-0.061915	0.112180	0.991757
0.501694	-0.855610	0.127411	0.862780	0.505574	-0.002176	-0.062554	0.111020	0.991848
0.501004	-0.856033	0.127287	0.863184	0.504885	-0.002047	-0.062513	0.110898	0.991864
0.500414	-0.856324	0.127653	0.863522	0.504307	-0.002104	-0.062575	0.111284	0.991817
0.499906	-0.856674	0.127292	0.863808	0.503819	-0.001678	-0.062694	0.110795	0.991864
0.499531	-0.856998	0.126581	0.864002	0.503487	-0.000860	-0.062995	0.109795	0.991956
0.499402	-0.857174	0.125898	0.864042	0.503420	0.000115	-0.063478	0.108724	0.992043
0.499411	-0.857246	0.125369	0.863995	0.503500	0.001076	-0.064046	0.107781	0.992110
0.498943	-0.857664	0.124373	0.864254	0.503052	0.001897	-0.064193	0.106543	0.992234
0.498368	-0.858094	0.123709	0.864607	0.502445	0.002041	-0.063909	0.105943	0.992316
0.497936	-0.858387	0.123412	0.864874	0.501985	0.001992	-0.063661	0.105744	0.992353
0.497950	-0.858387	0.123358	0.864838	0.502045	0.002454	-0.064038	0.105463	0.992359
0.498297	-0.858179	0.123406	0.864581	0.502482	0.003251	-0.064799	0.105075	0.992351
0.498712	-0.857892	0.123723	0.864261	0.503025	0.004232	-0.065866	0.104818	0.992308
0.498887	-0.857766	0.123895	0.864123	0.503260	0.004680	-0.066365	0.104726	0.992284
0.498840	-0.857783	0.123963	0.864181	0.503164	0.004176	-0.065956	0.105043	0.992278
0.498709	-0.857838	0.124110	0.864342	0.502896	0.002802	-0.064818	0.105876	0.992265
0.498652	-0.857862	0.124173	0.864448	0.502719	0.001648	-0.063838	0.106520	0.992259
0.498619	-0.857896	0.124070	0.864519	0.502599	0.000905	-0.063134	0.106809	0.992273
0.498688	-0.857890	0.123838	0.864544	0.502557	0.000006	-0.062241	0.107060	0.992302
0.498862	-0.857832	0.123538	0.864487	0.502655	-0.000535	-0.061638	0.107064	0.992340
0.499030	-0.857790	0.123145	0.864381	0.502837	-0.000194	-0.061755	0.106541	0.992389
