0.982881	-0.162459	0.086901	0.159497	0.986386	0.040053	-0.092225	-0.025507	0.995411
0.982906	-0.162412	0.086703	0.159494	0.986403	0.039628	-0.091960	-0.025122	0.995446
0.982860	-0.162619	0.086836	0.159675	0.986364	0.039876	-0.092136	-0.025327	0.995424
0.982770	-0.162831	0.087455	0.159748	0.986297	0.041209	-0.092966	-0.026528	0.995316
0.982639	-0.163357	0.087950	0.160222	0.986202	0.041640	-0.093539	-0.026825	0.995254
0.982361	-0.164811	0.088335	0.161631	0.985954	0.042069	-0.094028	-0.027050	0.995202
0.982151	-0.165751	0.088916	0.162529	0.985793	0.042379	-0.094677	-0.027172	0.995137
0.982159	-0.165829	0.088677	0.162556	0.985762	0.042991	-0.094544	-0.027809	0.995132
0.982204	-0.165642	0.088532	0.162306	0.985773	0.043690	-0.094509	-0.028543	0.995115
0.982183	-0.165694	0.088669	0.162321	0.985755	0.044042	-0.094703	-0.028865	0.995087
0.982210	-0.165419	0.088881	0.162016	0.985794	0.044275	-0.094942	-0.029088	0.995058
0.982310	-0.164985	0.088589	0.161542	0.985850	0.044771	-0.094722	-0.029669	0.995062
0.982411	-0.164277	0.088778	0.160823	0.985966	0.044800	-0.094892	-0.029734	0.995043
0.982502	-0.163595	0.089036	0.160111	0.986073	0.045004	-0.095158	-0.029961	0.995011
0.982555	-0.163331	0.088926	0.159782	0.986093	0.045718	-0.095156	-0.030712	0.994989
0.982565	-0.163435	0.088629	0.159820	0.986050	0.046508	-0.094994	-0.031532	0.994978
0.982596	-0.163514	0.088138	0.159856	0.986015	0.047125	-0.094611	-0.032215	0.994993
0.982643	-0.163446	0.087737	0.159806	0.986025	0.047074	-0.094205	-0.032237	0.995031
0.982619	-0.163650	0.087627	0.160042	0.986001	0.046780	-0.094056	-0.031943	0.995054
0.982601	-0.163823	0.087508	0.160257	0.985985	0.046382	-0.093880	-0.031551	0.995083
0.982629	-0.163816	0.087201	0.160304	0.985999	0.045915	-0.093502	-0.031139	0.995132
0.982644	-0.163795	0.087073	0.160310	0.986010	0.045667	-0.093335	-0.030915	0.995155
0.982651	-0.163791	0.087007	0.160301	0.986008	0.045742	-0.093281	-0.031001	0.995157
0.982640	-0.163705	0.087288	0.160191	0.986018	0.045899	-0.093582	-0.031120	0.995125
0.982692	-0.163293	0.087470	0.159826	0.986104	0.045320	-0.093655	-0.030556	0.995136
