0.738335	-0.658510	0.145693	0.657390	0.750941	0.062658	-0.150668	0.049514	0.987344
0.738288	-0.658557	0.145715	0.657382	0.750917	0.063032	-0.150930	0.049255	0.987317
0.738676	-0.658128	0.145689	0.656847	0.751331	0.063664	-0.151360	0.048669	0.987280
0.739035	-0.657839	0.145176	0.656501	0.751619	0.063836	-0.151111	0.048132	0.987344
0.739026	-0.657846	0.145184	0.656614	0.751579	0.063152	-0.150662	0.048659	0.987387
0.738779	-0.658046	0.145534	0.656945	0.751350	0.062430	-0.150428	0.049486	0.987382
0.738732	-0.658030	0.145848	0.656978	0.751339	0.062208	-0.150516	0.049864	0.987349
0.738932	-0.657709	0.146282	0.656616	0.751624	0.062586	-0.151112	0.049804	0.987261
0.739060	-0.657492	0.146606	0.656257	0.751852	0.063594	-0.152039	0.049212	0.987149
0.738984	-0.657594	0.146534	0.656247	0.751800	0.064311	-0.152455	0.048638	0.987113
0.738746	-0.657858	0.146550	0.656514	0.751566	0.064325	-0.152459	0.048692	0.987110
0.738542	-0.658038	0.146768	0.656818	0.751361	0.063614	-0.152136	0.049419	0.987123
0.738333	-0.658255	0.146846	0.657177	0.751120	0.062743	-0.151600	0.050178	0.987167
0.738093	-0.658561	0.146686	0.657550	0.750832	0.062286	-0.151156	0.050481	0.987220
0.738190	-0.658559	0.146200	0.657466	0.750875	0.062659	-0.151043	0.049868	0.987269
0.738553	-0.658371	0.145214	0.657109	0.751124	0.063409	-0.150820	0.048590	0.987366
0.739130	-0.657870	0.144547	0.656434	0.751640	0.064279	-0.150934	0.047375	0.987408
0.739271	-0.657768	0.144288	0.656184	0.751783	0.065151	-0.151327	0.046515	0.987389
0.738902	-0.658213	0.144149	0.656472	0.751442	0.066183	-0.151882	0.045727	0.987340
0.738487	-0.658719	0.143964	0.656893	0.751025	0.066733	-0.152079	0.045287	0.987330
0.737945	-0.659384	0.143697	0.657423	0.750483	0.067603	-0.152419	0.044583	0.987310
0.737281	-0.660141	0.143636	0.658027	0.749858	0.068653	-0.153027	0.043899	0.987246
0.736855	-0.660658	0.143443	0.658289	0.749476	0.070300	-0.153951	0.042626	0.987159
0.736783	-0.660875	0.142807	0.658136	0.749399	0.072517	-0.154944	0.040557	0.987090
