0.910650	-0.403173	0.090379	0.407875	0.912127	-0.040782	-0.065995	0.074002	0.995072
0.910695	-0.403044	0.090494	0.407771	0.912162	-0.041037	-0.066006	0.074273	0.995051
0.910757	-0.402924	0.090414	0.407658	0.912203	-0.041238	-0.065860	0.074416	0.995050
0.910818	-0.402804	0.090333	0.407544	0.912245	-0.041440	-0.065714	0.074559	0.995049
0.910844	-0.402713	0.090477	0.407494	0.912247	-0.041885	-0.065670	0.075020	0.995017
0.910922	-0.402484	0.090706	0.407309	0.912311	-0.042290	-0.065731	0.075468	0.994979
0.911071	-0.402206	0.090444	0.407020	0.912433	-0.042436	-0.065457	0.075475	0.994997
0.911015	-0.402420	0.090057	0.407252	0.912296	-0.043149	-0.064794	0.075986	0.995001
0.910958	-0.402479	0.090371	0.407408	0.912172	-0.044277	-0.064614	0.077153	0.994923
0.910970	-0.402429	0.090473	0.407403	0.912147	-0.044846	-0.064477	0.077713	0.994889
0.911092	-0.402220	0.090169	0.407181	0.912238	-0.045012	-0.064151	0.077725	0.994909
0.911353	-0.401726	0.089728	0.406670	0.912451	-0.045309	-0.063671	0.077782	0.994935
0.911450	-0.401544	0.089563	0.406488	0.912522	-0.045504	-0.063457	0.077881	0.994941
0.911466	-0.401521	0.089509	0.406472	0.912520	-0.045688	-0.063334	0.078026	0.994938
0.911525	-0.401351	0.089664	0.406323	0.912580	-0.045819	-0.063436	0.078198	0.994918
0.911417	-0.401540	0.089910	0.406483	0.912546	-0.045064	-0.063952	0.077619	0.994930
0.911211	-0.402030	0.089814	0.406888	0.912424	-0.043858	-0.064317	0.076508	0.994992
0.911200	-0.402154	0.089368	0.406865	0.912517	-0.042120	-0.064611	0.074741	0.995108
0.911114	-0.402482	0.088770	0.406981	0.912581	-0.039522	-0.065103	0.072137	0.995268
0.910730	-0.403367	0.088688	0.407671	0.912394	-0.036634	-0.066141	0.069519	0.995386
0.910155	-0.404664	0.088685	0.408755	0.912032	-0.033427	-0.067357	0.066675	0.995499
0.909601	-0.405937	0.088548	0.409812	0.911665	-0.030339	-0.068411	0.063885	0.995610
0.909247	-0.406753	0.088443	0.410481	0.911430	-0.028286	-0.069104	0.062023	0.995680
0.909168	-0.406951	0.088338	0.410608	0.911402	-0.027346	-0.069383	0.061134	0.995715
