0.246209	-0.962127	0.117018	0.962839	0.256627	0.084163	-0.111006	0.091947	0.989557
0.247870	-0.961599	0.117843	0.962736	0.258072	0.080856	-0.108163	0.093410	0.989735
0.249413	-0.961164	0.118140	0.962382	0.259589	0.080215	-0.107767	0.093689	0.989752
0.251199	-0.960708	0.118065	0.961749	0.261499	0.081596	-0.109263	0.093052	0.989648
0.252584	-0.960370	0.117857	0.961156	0.263048	0.083581	-0.111270	0.092167	0.989507
0.253004	-0.960303	0.117503	0.960802	0.263631	0.085780	-0.113352	0.091194	0.989361
0.252336	-0.960551	0.116914	0.960633	0.263188	0.088977	-0.116237	0.089860	0.989148
0.251024	-0.961009	0.115969	0.960488	0.262165	0.093449	-0.120209	0.087929	0.988847
0.249676	-0.961533	0.114527	0.960332	0.261045	0.098069	-0.124193	0.085498	0.988568
0.248091	-0.962120	0.113027	0.960218	0.259669	0.102732	-0.128190	0.083043	0.988267
0.246536	-0.962635	0.112043	0.960121	0.258336	0.106915	-0.131865	0.081216	0.987935
0.245306	-0.962992	0.111671	0.960070	0.257298	0.109835	-0.134503	0.080269	0.987657
0.244503	-0.963284	0.110911	0.960178	0.256474	0.110816	-0.135193	0.079399	0.987633
0.243633	-0.963611	0.109982	0.960621	0.255375	0.109506	-0.133608	0.078972	0.987883
0.242507	-0.963929	0.109683	0.961403	0.253927	0.105950	-0.129979	0.079756	0.988304
0.241219	-0.964224	0.109938	0.962329	0.252298	0.101329	-0.125441	0.081354	0.988760
0.240273	-0.964421	0.110274	0.963137	0.251015	0.096744	-0.120982	0.082964	0.989182
0.239804	-0.964507	0.110545	0.963706	0.250259	0.092954	-0.117320	0.084242	0.989515
0.239646	-0.964527	0.110711	0.964055	0.249892	0.090291	-0.114754	0.085093	0.989743
0.239190	-0.964634	0.110763	0.964408	0.249264	0.088227	-0.112716	0.085718	0.989923
0.238581	-0.964770	0.110899	0.964792	0.248493	0.086183	-0.110705	0.086433	0.990088
0.238084	-0.964879	0.111017	0.965108	0.247858	0.084456	-0.109007	0.087036	0.990223
0.237530	-0.965038	0.110823	0.965369	0.247192	0.083423	-0.107901	0.087169	0.990333
0.236760	-0.965295	0.110226	0.965549	0.246383	0.083731	-0.107983	0.086604	0.990373
0.235831	-0.965597	0.109576	0.965668	0.245491	0.084970	-0.108946	0.085775	0.990340
0.234782	-0.965937	0.108830	0.965731	0.244533	0.086989	-0.110638	0.084677	0.990247
