0.871242	-0.478291	0.110341	0.478281	0.877751	0.028294	-0.110385	0.028124	0.993491
0.871358	-0.478127	0.110139	0.478166	0.877830	0.027783	-0.109967	0.028455	0.993528
0.871429	-0.478081	0.109768	0.478123	0.877857	0.027668	-0.109588	0.028372	0.993572
0.871519	-0.478037	0.109248	0.478062	0.877890	0.027680	-0.109140	0.028104	0.993629
0.871553	-0.478023	0.109039	0.478073	0.877893	0.027394	-0.108820	0.028253	0.993660
0.871640	-0.477890	0.108924	0.478003	0.877950	0.026777	-0.108426	0.028726	0.993689
0.871713	-0.477714	0.109114	0.477897	0.878026	0.026177	-0.108310	0.029327	0.993684
0.871844	-0.477441	0.109262	0.477678	0.878159	0.025703	-0.108221	0.029783	0.993681
0.872018	-0.477107	0.109332	0.477395	0.878327	0.025233	-0.108068	0.030191	0.993685
0.872071	-0.476963	0.109536	0.477326	0.878382	0.024589	-0.107942	0.030841	0.993679
0.872011	-0.477018	0.109774	0.477495	0.878317	0.023608	-0.107678	0.031830	0.993676
0.872125	-0.476768	0.109959	0.477281	0.878441	0.023319	-0.107710	0.032144	0.993663
0.872261	-0.476541	0.109860	0.477017	0.878577	0.023617	-0.107775	0.031805	0.993666
0.872233	-0.476764	0.109108	0.477234	0.878463	0.023462	-0.107033	0.031606	0.993753
0.872221	-0.476853	0.108818	0.477361	0.878406	0.023030	-0.106568	0.031858	0.993795
0.872298	-0.476732	0.108737	0.477242	0.878471	0.022973	-0.106474	0.031855	0.993805
0.872448	-0.476454	0.108746	0.476885	0.878646	0.023705	-0.106844	0.031178	0.993787
0.872566	-0.476158	0.109099	0.476496	0.878831	0.024638	-0.107611	0.030487	0.993726
0.872656	-0.475939	0.109332	0.476218	0.878965	0.025239	-0.108112	0.030041	0.993685
0.872684	-0.475861	0.109451	0.476106	0.879016	0.025570	-0.108377	0.029795	0.993663
0.872672	-0.475928	0.109257	0.476156	0.878986	0.025677	-0.108256	0.029616	0.993682
0.872645	-0.475998	0.109162	0.476235	0.878946	0.025573	-0.108121	0.029670	0.993695
0.872633	-0.476064	0.108969	0.476285	0.878916	0.025680	-0.107999	0.029491	0.993713
0.872596	-0.476218	0.108593	0.476370	0.878854	0.026223	-0.107925	0.028848	0.993740
0.872586	-0.476254	0.108519	0.476309	0.878860	0.027095	-0.108277	0.028046	0.993725
