-0.966315	0.234338	0.106396	-0.224981	-0.969922	0.092924	0.124971	0.065857	0.989972
-0.966070	0.235105	0.106930	-0.225615	-0.969698	0.093716	0.125723	0.066411	0.989840
-0.965851	0.235715	0.107562	-0.226211	-0.969579	0.093514	0.126332	0.065989	0.989791
-0.965780	0.235745	0.108136	-0.226214	-0.969587	0.093422	0.126871	0.065763	0.989737
-0.965729	0.235760	0.108559	-0.226176	-0.969577	0.093619	0.127328	0.065858	0.989672
-0.965741	0.235687	0.108608	-0.226017	-0.969552	0.094257	0.127516	0.066481	0.989606
-0.965734	0.235888	0.108234	-0.226150	-0.969450	0.094988	0.127334	0.067256	0.989577
-0.965711	0.236213	0.107728	-0.226444	-0.969331	0.095506	0.126984	0.067837	0.989582
-0.965744	0.236182	0.107501	-0.226380	-0.969308	0.095882	0.126847	0.068262	0.989571
-0.965751	0.236055	0.107711	-0.226238	-0.969340	0.095892	0.127044	0.068240	0.989547
-0.965791	0.235636	0.108269	-0.225778	-0.969447	0.095898	0.127558	0.068173	0.989485
-0.965916	0.235118	0.108282	-0.225225	-0.969551	0.096144	0.127590	0.068479	0.989460
-0.965871	0.235298	0.108296	-0.225439	-0.969528	0.095871	0.127554	0.068185	0.989485
-0.965701	0.235682	0.108976	-0.225888	-0.969507	0.095030	0.128050	0.067154	0.989492
-0.965587	0.235977	0.109340	-0.226300	-0.969517	0.093939	0.128174	0.065963	0.989556
-0.965616	0.235893	0.109274	-0.226252	-0.969552	0.093688	0.128047	0.065744	0.989587
-0.965612	0.235993	0.109087	-0.226318	-0.969502	0.094054	0.127956	0.066132	0.989573
-0.965563	0.236350	0.108751	-0.226591	-0.969357	0.094886	0.127844	0.066976	0.989530
-0.965848	0.235597	0.107850	-0.225807	-0.969471	0.095589	0.127078	0.067971	0.989561
-0.966145	0.235093	0.106279	-0.225323	-0.969516	0.096271	0.125672	0.069064	0.989665
-0.966253	0.234618	0.106343	-0.224869	-0.969643	0.096055	0.125651	0.068900	0.989679
-0.965894	0.235734	0.107137	-0.225980	-0.969420	0.095695	0.126419	0.068220	0.989628
-0.965327	0.238000	0.107236	-0.228234	-0.968881	0.095803	0.126700	0.068007	0.989607
-0.964970	0.239602	0.106884	-0.229845	-0.968484	0.095968	0.126510	0.068040	0.989629
