0.913666	-0.396459	0.089636	0.400146	0.916053	-0.027024	-0.071397	0.060559	0.995608
0.913667	-0.396404	0.089867	0.400144	0.916037	-0.027580	-0.071389	0.061159	0.995572
0.913744	-0.396204	0.089965	0.400017	0.916064	-0.028522	-0.071114	0.062049	0.995536
0.913791	-0.396005	0.090360	0.399940	0.916054	-0.029879	-0.070943	0.063442	0.995461
0.913853	-0.395755	0.090835	0.399792	0.916086	-0.030885	-0.070990	0.064539	0.995387
0.913918	-0.395615	0.090787	0.399691	0.916109	-0.031484	-0.070715	0.065060	0.995373
0.913825	-0.395935	0.090326	0.400096	0.915875	-0.033113	-0.069616	0.066398	0.995362
0.913918	-0.395614	0.090798	0.399988	0.915824	-0.035726	-0.069021	0.068968	0.995228
0.914012	-0.395212	0.091593	0.399893	0.915716	-0.039361	-0.068317	0.072604	0.995018
0.914448	-0.394063	0.092188	0.399058	0.915902	-0.043325	-0.067362	0.076407	0.994799
0.914835	-0.392920	0.093228	0.398267	0.916046	-0.047361	-0.066792	0.080457	0.994518
0.914935	-0.392418	0.094353	0.398102	0.915921	-0.051021	-0.066398	0.084243	0.994231
0.915078	-0.391952	0.094900	0.397874	0.915856	-0.053892	-0.065792	0.087073	0.994027
0.915433	-0.391004	0.095386	0.397127	0.916036	-0.056290	-0.065367	0.089410	0.993848
0.915747	-0.390047	0.096286	0.396385	0.916230	-0.058319	-0.065473	0.091572	0.993644
0.915607	-0.390238	0.096844	0.396614	0.916143	-0.058129	-0.066039	0.091633	0.993601
0.915111	-0.391332	0.097110	0.397623	0.915809	-0.056471	-0.066836	0.090290	0.993670
0.914727	-0.392189	0.097276	0.398363	0.915607	-0.054509	-0.067688	0.088612	0.993764
0.914481	-0.392961	0.096467	0.398843	0.915586	-0.051250	-0.068184	0.085342	0.994016
0.914455	-0.393428	0.094800	0.398906	0.915765	-0.047409	-0.068163	0.081170	0.994367
0.914588	-0.393392	0.093657	0.398646	0.915977	-0.045475	-0.067898	0.078927	0.994565
0.914563	-0.393593	0.093056	0.398736	0.915983	-0.044541	-0.067707	0.077841	0.994664
0.914393	-0.394100	0.092580	0.399170	0.915821	-0.043999	-0.067446	0.077187	0.994733
0.914207	-0.394630	0.092158	0.399619	0.915660	-0.043272	-0.067309	0.076388	0.994804
0.914148	-0.394869	0.091719	0.399731	0.915675	-0.041891	-0.067444	0.074957	0.994903
