0.999775	0.012829	0.016910	-0.013700	0.998530	0.052445	-0.016212	-0.052665	0.998481
0.999783	0.012871	0.016364	-0.013712	0.998532	0.052401	-0.015665	-0.052614	0.998492
0.999784	0.012358	0.016736	-0.013208	0.998579	0.051626	-0.016074	-0.051835	0.998526
0.999768	0.011581	0.018169	-0.012482	0.998657	0.050279	-0.017563	-0.050494	0.998570
0.999737	0.010891	0.020189	-0.011878	0.998706	0.049440	-0.019625	-0.049667	0.998573
0.999720	0.010992	0.020952	-0.012023	0.998689	0.049750	-0.020377	-0.049988	0.998542
0.999700	0.012034	0.021354	-0.013091	0.998659	0.050090	-0.020722	-0.050355	0.998516
0.999679	0.012974	0.021784	-0.014054	0.998641	0.050184	-0.021103	-0.050474	0.998502
0.999664	0.013626	0.022041	-0.014709	0.998655	0.049720	-0.021334	-0.050027	0.998520
0.999656	0.013580	0.022459	-0.014665	0.998696	0.048898	-0.021766	-0.049211	0.998551
0.999653	0.013597	0.022573	-0.014667	0.998744	0.047904	-0.021893	-0.048218	0.998597
0.999649	0.014203	0.022347	-0.015256	0.998745	0.047698	-0.021641	-0.048022	0.998612
0.999649	0.014849	0.021935	-0.015886	0.998726	0.047886	-0.021196	-0.048218	0.998612
0.999648	0.015223	0.021715	-0.016253	0.998710	0.048103	-0.020955	-0.048439	0.998606
0.999653	0.015088	0.021596	-0.016117	0.998703	0.048305	-0.020839	-0.048636	0.998599
0.999655	0.014848	0.021665	-0.015888	0.998690	0.048645	-0.020915	-0.048973	0.998581
0.999657	0.014691	0.021664	-0.015747	0.998654	0.049414	-0.020909	-0.049738	0.998543
0.999662	0.014410	0.021648	-0.015481	0.998623	0.050120	-0.020896	-0.050438	0.998509
0.999664	0.014069	0.021775	-0.015156	0.998603	0.050614	-0.021033	-0.050927	0.998481
0.999670	0.013496	0.021878	-0.014600	0.998585	0.051132	-0.021156	-0.051435	0.998452
0.999664	0.013558	0.022093	-0.014687	0.998550	0.051782	-0.021359	-0.052089	0.998414
0.999663	0.013817	0.021984	-0.014962	0.998493	0.052801	-0.021221	-0.053112	0.998363
0.999690	0.013069	0.021191	-0.014185	0.998472	0.053409	-0.020460	-0.053693	0.998348
0.999699	0.012226	0.021294	-0.013344	0.998496	0.053171	-0.020612	-0.053439	0.998358
0.999696	0.012149	0.021433	-0.013267	0.998516	0.052811	-0.020760	-0.053079	0.998374
