0.970539	-0.219490	0.099391	0.218259	0.975614	0.023228	-0.102065	-0.000851	0.994777
0.970591	-0.219119	0.099702	0.218044	0.975698	0.021691	-0.102032	0.000686	0.994781
0.970658	-0.218778	0.099795	0.217755	0.975774	0.021173	-0.102009	0.001179	0.994783
0.970683	-0.218433	0.100303	0.217397	0.975851	0.021280	-0.102529	0.001149	0.994729
0.970618	-0.218259	0.101308	0.217379	0.975887	0.019778	-0.103182	0.002825	0.994658
0.970652	-0.218145	0.101229	0.217330	0.975910	0.019141	-0.102966	0.003421	0.994679
0.970616	-0.218379	0.101068	0.217593	0.975857	0.018874	-0.102749	0.003672	0.994700
0.970486	-0.218956	0.101072	0.218162	0.975728	0.018979	-0.102774	0.003631	0.994698
0.970207	-0.220014	0.101451	0.219101	0.975493	0.020198	-0.103409	0.002632	0.994635
0.970001	-0.220855	0.101591	0.219888	0.975304	0.020764	-0.103668	0.002197	0.994610
0.969945	-0.221182	0.101415	0.220123	0.975232	0.021651	-0.103692	0.001323	0.994609
0.969923	-0.221358	0.101246	0.220197	0.975193	0.022642	-0.103747	0.000334	0.994604
0.969968	-0.221204	0.101153	0.219936	0.975227	0.023661	-0.103881	-0.000704	0.994589
0.969992	-0.221125	0.101089	0.219760	0.975244	0.024593	-0.104024	-0.001639	0.994573
0.969985	-0.221061	0.101299	0.219643	0.975258	0.025083	-0.104337	-0.002080	0.994540
0.970003	-0.220896	0.101481	0.219442	0.975295	0.025409	-0.104587	-0.002378	0.994513
0.970034	-0.220734	0.101539	0.219245	0.975330	0.025735	-0.104715	-0.002702	0.994499
0.970022	-0.220683	0.101766	0.219173	0.975341	0.025929	-0.104978	-0.002848	0.994470
0.970012	-0.220673	0.101882	0.219147	0.975343	0.026078	-0.105124	-0.002969	0.994455
0.970007	-0.220698	0.101880	0.219145	0.975337	0.026330	-0.105178	-0.003214	0.994448
0.969991	-0.221081	0.101194	0.219541	0.975250	0.026251	-0.104493	-0.003247	0.994520
0.969921	-0.221561	0.100821	0.220104	0.975143	0.025494	-0.103963	-0.002536	0.994578
0.969913	-0.221611	0.100786	0.220182	0.975133	0.025227	-0.103870	-0.002277	0.994588
0.969957	-0.221581	0.100427	0.220068	0.975137	0.026038	-0.103700	-0.003155	0.994604
0.970014	-0.221447	0.100166	0.219868	0.975165	0.026686	-0.103588	-0.003863	0.994613
