0.828454	-0.555461	0.071599	0.553199	0.831541	0.050109	-0.087371	-0.001904	0.996174
0.828710	-0.555038	0.071924	0.552877	0.831825	0.048940	-0.086991	-0.000792	0.996209
0.829044	-0.554494	0.072274	0.552374	0.832188	0.048442	-0.087006	-0.000238	0.996208
0.829197	-0.554247	0.072413	0.552222	0.832352	0.047340	-0.086512	0.000734	0.996251
0.829243	-0.554163	0.072525	0.552314	0.832405	0.045296	-0.085471	0.002495	0.996337
0.829271	-0.554072	0.072898	0.552502	0.832451	0.042036	-0.083975	0.005417	0.996453
0.829510	-0.553626	0.073558	0.552292	0.832726	0.039257	-0.082988	0.008061	0.996518
0.829725	-0.553237	0.074064	0.552074	0.832964	0.037218	-0.082283	0.010008	0.996559
0.829461	-0.553555	0.074645	0.552453	0.832741	0.036572	-0.082405	0.010903	0.996539
0.828943	-0.554262	0.075150	0.553117	0.832273	0.037189	-0.083158	0.010739	0.996478
0.828383	-0.555086	0.075241	0.553878	0.831731	0.037997	-0.083672	0.010198	0.996441
0.827827	-0.555854	0.075693	0.554603	0.831220	0.038589	-0.084368	0.010034	0.996384
0.827325	-0.556497	0.076446	0.555205	0.830789	0.039197	-0.085323	0.010014	0.996303
0.827331	-0.556372	0.077286	0.555043	0.830873	0.039725	-0.086316	0.010031	0.996217
0.827340	-0.556351	0.077342	0.554864	0.830904	0.041532	-0.087371	0.008553	0.996139
0.827146	-0.556724	0.076729	0.555017	0.830674	0.044004	-0.088235	0.006189	0.996080
0.826661	-0.557701	0.074842	0.555822	0.830034	0.045887	-0.087713	0.003666	0.996139
0.826084	-0.558730	0.073529	0.556808	0.829346	0.046372	-0.086891	0.002634	0.996214
0.825736	-0.559365	0.072605	0.557451	0.828919	0.046288	-0.086076	0.002252	0.996286
0.825643	-0.559618	0.071705	0.557717	0.828748	0.046122	-0.085236	0.001910	0.996359
0.825673	-0.559655	0.071063	0.557755	0.828724	0.046101	-0.084693	0.001572	0.996406
0.825783	-0.559521	0.070842	0.557644	0.828814	0.045832	-0.084359	0.001657	0.996434
0.825943	-0.559282	0.070865	0.557451	0.828975	0.045267	-0.084062	0.002116	0.996458
0.826163	-0.558916	0.071185	0.557178	0.829218	0.044157	-0.083708	0.003182	0.996485
0.826580	-0.558190	0.072038	0.556548	0.829701	0.043022	-0.083785	0.004532	0.996474
