-0.651647	0.743385	0.150782	-0.746019	-0.664059	0.049807	0.137154	-0.080029	0.987312
-0.651714	0.743270	0.151056	-0.745930	-0.664161	0.049770	0.137318	-0.080241	0.987271
-0.651645	0.743307	0.151175	-0.745963	-0.664117	0.049874	0.137470	-0.080270	0.987248
-0.651347	0.743556	0.151235	-0.746170	-0.663857	0.050248	0.137761	-0.080118	0.987220
-0.650905	0.743915	0.151372	-0.746468	-0.663478	0.050809	0.138230	-0.079922	0.987170
-0.650455	0.744344	0.151197	-0.746818	-0.663044	0.051330	0.138458	-0.079529	0.987170
-0.650217	0.744627	0.150826	-0.747045	-0.662771	0.051560	0.138356	-0.079149	0.987215
-0.650243	0.744680	0.150455	-0.747081	-0.662738	0.051467	0.138039	-0.078936	0.987276
-0.650322	0.744610	0.150455	-0.747024	-0.662809	0.051371	0.137975	-0.078986	0.987281
-0.650237	0.744676	0.150495	-0.747079	-0.662739	0.051481	0.138076	-0.078957	0.987269
-0.650057	0.744841	0.150455	-0.747213	-0.662570	0.051693	0.138190	-0.078819	0.987264
-0.649909	0.744947	0.150573	-0.747303	-0.662454	0.051893	0.138406	-0.078798	0.987236
-0.649978	0.744796	0.151024	-0.747187	-0.662585	0.051883	0.138709	-0.079120	0.987168
-0.650220	0.744553	0.151178	-0.746990	-0.662829	0.051613	0.138634	-0.079369	0.987158
-0.650405	0.744391	0.151178	-0.746857	-0.662996	0.051388	0.138483	-0.079485	0.987170
-0.650432	0.744407	0.150982	-0.746866	-0.662990	0.051323	0.138305	-0.079382	0.987203
-0.650495	0.744404	0.150728	-0.746859	-0.663008	0.051205	0.138051	-0.079264	0.987248
-0.650672	0.744277	0.150592	-0.746751	-0.663147	0.050966	0.137797	-0.079292	0.987281
-0.650870	0.744123	0.150493	-0.746623	-0.663312	0.050708	0.137557	-0.079357	0.987310
-0.650972	0.743991	0.150708	-0.746518	-0.663437	0.050619	0.137646	-0.079555	0.987282
-0.651020	0.743980	0.150551	-0.746506	-0.663457	0.050535	0.137481	-0.079489	0.987310
-0.651213	0.743938	0.149924	-0.746459	-0.663535	0.050196	0.136823	-0.079224	0.987422
-0.651504	0.743723	0.149728	-0.746277	-0.663769	0.049809	0.136429	-0.079288	0.987472
-0.651886	0.743408	0.149628	-0.746015	-0.664100	0.049325	0.136037	-0.079470	0.987511
-0.652135	0.743207	0.149549	-0.745846	-0.664313	0.049010	0.135771	-0.079580	0.987539
