-0.845019	0.534536	0.014627	-0.531892	-0.843028	0.079970	0.055078	0.059796	0.996690
-0.844617	0.535169	0.014723	-0.532598	-0.842719	0.078508	0.054423	0.058468	0.996805
-0.844348	0.535595	0.014649	-0.533090	-0.842514	0.077362	0.053777	0.057511	0.996895
-0.844158	0.535903	0.014326	-0.533438	-0.842333	0.076934	0.053296	0.057303	0.996933
-0.843916	0.536298	0.013816	-0.533854	-0.842055	0.077089	0.052976	0.057681	0.996929
-0.843593	0.536815	0.013428	-0.534377	-0.841697	0.077371	0.052836	0.058095	0.996912
-0.843099	0.537595	0.013284	-0.535165	-0.841199	0.077343	0.052754	0.058099	0.996916
-0.843034	0.537693	0.013425	-0.535253	-0.841141	0.077374	0.052896	0.058043	0.996912
-0.843132	0.537535	0.013541	-0.535090	-0.841246	0.077347	0.052968	0.057968	0.996912
-0.843118	0.537558	0.013522	-0.535109	-0.841226	0.077446	0.053007	0.058061	0.996905
-0.842969	0.537791	0.013567	-0.535341	-0.841082	0.077404	0.053038	0.057987	0.996907
-0.842978	0.537774	0.013676	-0.535297	-0.841074	0.077790	0.053336	0.058255	0.996876
-0.843088	0.537607	0.013464	-0.535115	-0.841141	0.078312	0.053426	0.058820	0.996838
-0.843149	0.537530	0.012666	-0.535089	-0.841164	0.078244	0.052712	0.059194	0.996854
-0.842662	0.538291	0.012821	-0.535970	-0.840833	0.075737	0.051549	0.056949	0.997045
-0.842760	0.538124	0.013306	-0.535846	-0.841033	0.074382	0.051218	0.055556	0.997141
-0.842691	0.538226	0.013558	-0.535942	-0.840985	0.074228	0.051353	0.055285	0.997149
-0.842759	0.538116	0.013724	-0.535788	-0.841025	0.074891	0.051842	0.055762	0.997097
-0.842507	0.538510	0.013742	-0.536156	-0.840748	0.075364	0.052137	0.056127	0.997061
-0.842236	0.538922	0.014199	-0.536555	-0.840517	0.075096	0.052406	0.055630	0.997075
-0.842152	0.539038	0.014781	-0.536677	-0.840503	0.074384	0.052519	0.054710	0.997120
-0.842321	0.538749	0.015652	-0.536367	-0.840744	0.073890	0.052967	0.053844	0.997144
-0.842455	0.538511	0.016595	-0.536105	-0.840953	0.073406	0.053485	0.052945	0.997164
-0.842487	0.538443	0.017181	-0.536005	-0.841015	0.073423	0.053984	0.052648	0.997153
-0.842218	0.538852	0.017530	-0.536400	-0.840771	0.073336	0.054256	0.052362	0.997153
