0.716177	0.696954	0.036675	-0.697894	0.714724	0.045969	0.005826	-0.058517	0.998269
0.716679	0.696443	0.036579	-0.697373	0.715175	0.046867	0.006479	-0.059098	0.998231
0.717041	0.696055	0.036881	-0.697000	0.715501	0.047426	0.006622	-0.059712	0.998194
0.717063	0.696011	0.037271	-0.696978	0.715504	0.047703	0.006535	-0.060183	0.998166
0.717048	0.696014	0.037522	-0.696993	0.715463	0.048107	0.006637	-0.060647	0.998137
0.717021	0.696016	0.037972	-0.697020	0.715410	0.048488	0.006583	-0.061235	0.998102
0.717003	0.696026	0.038138	-0.697039	0.715386	0.048569	0.006522	-0.061407	0.998091
0.716974	0.696058	0.038098	-0.697072	0.715385	0.048106	0.006229	-0.061048	0.998115
0.716983	0.696040	0.038262	-0.697070	0.715459	0.047031	0.005361	-0.060391	0.998160
0.716993	0.696031	0.038243	-0.697063	0.715501	0.046504	0.005005	-0.060001	0.998186
0.716934	0.696098	0.038120	-0.697121	0.715420	0.046873	0.005356	-0.060180	0.998173
0.716984	0.696049	0.038080	-0.697065	0.715428	0.047579	0.005873	-0.060658	0.998141
0.717117	0.695903	0.038234	-0.696926	0.715535	0.047993	0.006041	-0.061063	0.998116
0.717181	0.695832	0.038326	-0.696861	0.715597	0.048008	0.005980	-0.061138	0.998111
0.717076	0.695925	0.038596	-0.696972	0.715505	0.047770	0.005629	-0.061155	0.998112
0.716847	0.696149	0.038831	-0.697212	0.715301	0.047337	0.005178	-0.061007	0.998124
0.716782	0.696195	0.039187	-0.697284	0.715282	0.046549	0.004378	-0.060690	0.998147
0.717079	0.695845	0.039972	-0.696986	0.715649	0.045348	0.002950	-0.060378	0.998171
0.717604	0.695272	0.040521	-0.696449	0.716220	0.044581	0.001974	-0.060212	0.998184
0.718031	0.694804	0.040990	-0.696011	0.716697	0.043761	0.001028	-0.059951	0.998201
0.717769	0.695047	0.041449	-0.696282	0.716501	0.042641	-0.000060	-0.059467	0.998230
0.717257	0.695620	0.040687	-0.696808	0.716043	0.041711	-0.000119	-0.058269	0.998301
0.717159	0.695730	0.040529	-0.696909	0.716019	0.040427	-0.000893	-0.057237	0.998360
0.717319	0.695563	0.040561	-0.696743	0.716218	0.039750	-0.001402	-0.056774	0.998386
0.717339	0.695560	0.040271	-0.696724	0.716187	0.040639	-0.000574	-0.057210	0.998362
