0.916743	-0.369402	-0.152066	0.375620	0.926678	0.013352	0.135984	-0.069360	0.988280
0.916633	-0.369591	-0.152273	0.375789	0.926613	0.013086	0.136261	-0.069217	0.988252
0.916452	-0.369914	-0.152577	0.376092	0.926494	0.012762	0.136641	-0.069078	0.988209
0.916209	-0.370317	-0.153056	0.376462	0.926351	0.012247	0.137248	-0.068841	0.988142
0.915986	-0.370687	-0.153492	0.376828	0.926206	0.011962	0.137731	-0.068797	0.988077
0.915910	-0.370811	-0.153649	0.376930	0.926168	0.011723	0.137958	-0.068652	0.988056
0.915904	-0.370793	-0.153732	0.376927	0.926168	0.011791	0.138010	-0.068745	0.988042
0.915688	-0.371280	-0.153837	0.377486	0.925935	0.012213	0.137908	-0.069255	0.988021
0.915317	-0.372287	-0.153615	0.378612	0.925463	0.013098	0.137289	-0.070150	0.988044
0.914811	-0.373464	-0.153771	0.379931	0.924909	0.013951	0.137014	-0.071185	0.988008
0.914064	-0.375377	-0.153556	0.381609	0.924243	0.012214	0.137338	-0.069763	0.988064
0.913562	-0.376824	-0.152996	0.382820	0.923761	0.010680	0.137307	-0.068326	0.988169
0.913207	-0.377879	-0.152514	0.383805	0.923356	0.010337	0.136918	-0.067975	0.988247
0.912772	-0.378988	-0.152365	0.384969	0.922867	0.010717	0.136551	-0.068438	0.988266
0.912452	-0.379647	-0.152644	0.385721	0.922547	0.011200	0.136569	-0.069098	0.988218
0.912396	-0.379408	-0.153570	0.385654	0.922566	0.011987	0.137130	-0.070162	0.988065
0.912363	-0.379116	-0.154484	0.385493	0.922626	0.012474	0.137802	-0.070933	0.987917
0.912327	-0.378954	-0.155088	0.385351	0.922688	0.012314	0.138431	-0.070997	0.987824
0.912368	-0.378705	-0.155456	0.385142	0.922774	0.012426	0.138745	-0.071210	0.987765
0.912421	-0.378388	-0.155916	0.384982	0.922828	0.013332	0.138839	-0.072189	0.987680
0.912366	-0.378304	-0.156447	0.385056	0.922784	0.014184	0.139001	-0.073181	0.987585
0.912208	-0.378478	-0.156940	0.385337	0.922659	0.014665	0.139252	-0.073852	0.987499
0.912140	-0.378690	-0.156824	0.385569	0.922559	0.014854	0.139055	-0.074016	0.987515
0.912165	-0.378834	-0.156336	0.385649	0.922529	0.014651	0.138674	-0.073655	0.987595
0.912187	-0.379099	-0.155561	0.385776	0.922486	0.014051	0.138176	-0.072829	0.987726
