-0.999266	0.019792	0.032802	-0.017624	-0.997722	0.065117	0.034016	0.064492	0.997338
-0.999246	0.020046	0.033254	-0.017833	-0.997690	0.065553	0.034491	0.064910	0.997295
-0.999223	0.020104	0.033890	-0.017827	-0.997648	0.066185	0.035141	0.065530	0.997232
-0.999205	0.020178	0.034385	-0.017861	-0.997633	0.066408	0.035643	0.065741	0.997200
-0.999195	0.020189	0.034659	-0.017845	-0.997617	0.066646	0.035922	0.065974	0.997175
-0.999188	0.020331	0.034791	-0.017972	-0.997603	0.066821	0.036066	0.066142	0.997158
-0.999188	0.020498	0.034682	-0.018135	-0.997580	0.067118	0.035974	0.066435	0.997142
-0.999178	0.020731	0.034848	-0.018354	-0.997571	0.067193	0.036157	0.066498	0.997131
-0.999184	0.020781	0.034627	-0.018406	-0.997546	0.067555	0.035946	0.066863	0.997114
-0.999206	0.021045	0.033818	-0.018736	-0.997564	0.067192	0.035149	0.066505	0.997167
-0.999198	0.021626	0.033686	-0.019367	-0.997633	0.065979	0.035033	0.065274	0.997252
-0.999185	0.021970	0.033858	-0.019730	-0.997681	0.065133	0.035210	0.064411	0.997302
-0.999192	0.021775	0.033779	-0.019537	-0.997680	0.065212	0.035120	0.064500	0.997300
-0.999196	0.021639	0.033752	-0.019379	-0.997638	0.065894	0.035098	0.065187	0.997256
-0.999192	0.021712	0.033815	-0.019422	-0.997590	0.066615	0.035180	0.065904	0.997206
-0.999192	0.021957	0.033673	-0.019667	-0.997566	0.066897	0.035060	0.066180	0.997191
-0.999195	0.022064	0.033511	-0.019795	-0.997584	0.066593	0.034899	0.065876	0.997217
-0.999184	0.022262	0.033702	-0.019997	-0.997612	0.066102	0.035093	0.065374	0.997244
-0.999176	0.022469	0.033792	-0.020197	-0.997606	0.066142	0.035197	0.065405	0.997238
-0.999178	0.022546	0.033704	-0.020273	-0.997592	0.066333	0.035118	0.065595	0.997228
-0.999178	0.022702	0.033583	-0.020430	-0.997576	0.066509	0.035012	0.065768	0.997221
-0.999178	0.023122	0.033292	-0.020881	-0.997591	0.066146	0.034741	0.065397	0.997254
-0.999190	0.023032	0.032994	-0.020812	-0.997594	0.066127	0.034438	0.065387	0.997266
-0.999202	0.023199	0.032509	-0.020990	-0.997551	0.066715	0.033977	0.065979	0.997242
-0.999192	0.023965	0.032271	-0.021755	-0.997503	0.067182	0.033800	0.066425	0.997219
