-0.998862	-0.030334	0.036801	0.033132	-0.996404	0.077985	0.034304	0.079115	0.996275
-0.998864	-0.029992	0.037033	0.032782	-0.996476	0.077204	0.034587	0.078330	0.996327
-0.998867	-0.029944	0.036973	0.032722	-0.996497	0.076958	0.034539	0.078081	0.996349
-0.998875	-0.029934	0.036772	0.032689	-0.996513	0.076764	0.034346	0.077880	0.996371
-0.998877	-0.029861	0.036791	0.032611	-0.996532	0.076552	0.034377	0.077665	0.996387
-0.998874	-0.029764	0.036938	0.032512	-0.996565	0.076169	0.034545	0.077284	0.996410
-0.998865	-0.029827	0.037137	0.032573	-0.996600	0.075683	0.034753	0.076807	0.996440
-0.998869	-0.029904	0.036954	0.032625	-0.996621	0.075379	0.034575	0.076499	0.996470
-0.998882	-0.029548	0.036882	0.032245	-0.996676	0.074809	0.034549	0.075915	0.996516
-0.998893	-0.029154	0.036901	0.031839	-0.996720	0.074392	0.034611	0.075484	0.996546
-0.998899	-0.028908	0.036934	0.031588	-0.996743	0.074195	0.034669	0.075280	0.996560
-0.998892	-0.029030	0.037025	0.031726	-0.996720	0.074450	0.034742	0.075543	0.996537
-0.998910	-0.029055	0.036528	0.031730	-0.996684	0.074921	0.034230	0.075998	0.996520
-0.998940	-0.028638	0.036042	0.031263	-0.996729	0.074522	0.033790	0.075570	0.996568
-0.998961	-0.028145	0.035842	0.030739	-0.996783	0.074019	0.033643	0.075044	0.996613
-0.998968	-0.028121	0.035654	0.030699	-0.996789	0.073943	0.033460	0.074961	0.996625
-0.998974	-0.028145	0.035473	0.030722	-0.996761	0.074318	0.033267	0.075332	0.996603
-0.998991	-0.027972	0.035119	0.030533	-0.996743	0.074633	0.032917	0.075630	0.996592
-0.999000	-0.027823	0.035003	0.030382	-0.996734	0.074820	0.032807	0.075809	0.996583
-0.999023	-0.027540	0.034544	0.030062	-0.996748	0.074760	0.032373	0.075726	0.996603
-0.999035	-0.027243	0.034467	0.029753	-0.996776	0.074521	0.032325	0.075474	0.996624
-0.999044	-0.026848	0.034486	0.029346	-0.996818	0.074102	0.032387	0.075043	0.996654
-0.999056	-0.026650	0.034312	0.029133	-0.996829	0.074041	0.032230	0.074971	0.996665
-0.999078	-0.026315	0.033906	0.028782	-0.996809	0.074456	0.031838	0.075363	0.996648
-0.999096	-0.026041	0.033596	0.028496	-0.996792	0.074795	0.031541	0.075684	0.996633
