0.977190	-0.186102	0.102302	0.186540	0.982433	0.005346	-0.101500	0.013860	0.994739
0.977315	-0.185590	0.102039	0.185926	0.982544	0.006293	-0.101425	0.012821	0.994761
0.977494	-0.184892	0.101590	0.185185	0.982681	0.006621	-0.101055	0.012341	0.994804
0.977556	-0.184360	0.101962	0.184645	0.982782	0.006720	-0.101446	0.012258	0.994766
0.977543	-0.184270	0.102243	0.184541	0.982801	0.006880	-0.101752	0.012143	0.994736
0.977498	-0.184382	0.102476	0.184678	0.982776	0.006671	-0.101941	0.012405	0.994713
0.977563	-0.184212	0.102163	0.184510	0.982808	0.006599	-0.101622	0.012399	0.994746
0.977655	-0.183803	0.102011	0.184078	0.982888	0.006791	-0.101514	0.012138	0.994760
0.977692	-0.183552	0.102112	0.183848	0.982933	0.006582	-0.101577	0.012337	0.994751
0.977680	-0.183456	0.102400	0.183810	0.982943	0.006047	-0.101762	0.012910	0.994725
0.977612	-0.183577	0.102831	0.183997	0.982912	0.005466	-0.102077	0.013577	0.994684
0.977598	-0.183370	0.103333	0.183868	0.982939	0.004765	-0.102444	0.014342	0.994635
0.977643	-0.183018	0.103527	0.183571	0.982997	0.004244	-0.102543	0.014856	0.994618
0.977717	-0.182421	0.103888	0.183075	0.983094	0.003291	-0.102732	0.015802	0.994584
0.977762	-0.181913	0.104350	0.182718	0.983164	0.001878	-0.102934	0.017230	0.994539
0.977949	-0.180803	0.104529	0.181788	0.983338	0.000110	-0.102807	0.018894	0.994522
0.978265	-0.179230	0.104279	0.180385	0.983595	-0.001670	-0.102269	0.020444	0.994547
0.978421	-0.178583	0.103921	0.179822	0.983696	-0.002601	-0.101762	0.021232	0.994582
0.978339	-0.179194	0.103645	0.180457	0.983579	-0.002862	-0.101430	0.021503	0.994610
0.978003	-0.180393	0.104726	0.181746	0.983339	-0.003446	-0.102360	0.022404	0.994495
0.977715	-0.181279	0.105885	0.182783	0.983143	-0.004593	-0.103268	0.023845	0.994368
0.977527	-0.181278	0.107603	0.183005	0.983092	-0.006312	-0.104639	0.025862	0.994174
0.977461	-0.181292	0.108183	0.183136	0.983061	-0.007279	-0.105031	0.026927	0.994104
0.977289	-0.181706	0.109040	0.183699	0.982946	-0.008439	-0.105647	0.028278	0.994002
0.977173	-0.181837	0.109856	0.184012	0.982874	-0.009911	-0.106172	0.029899	0.993898
