0.202872	0.969063	0.140571	-0.976527	0.189611	0.102189	0.072374	-0.158003	0.984783
0.202799	0.969098	0.140431	-0.976591	0.189662	0.101481	0.071711	-0.157724	0.984876
0.203114	0.969025	0.140482	-0.976570	0.190064	0.100928	0.071101	-0.157691	0.984926
0.203492	0.968928	0.140606	-0.976507	0.190456	0.100798	0.070887	-0.157814	0.984921
0.203299	0.968944	0.140774	-0.976517	0.190184	0.101212	0.071295	-0.158045	0.984855
0.203333	0.968879	0.141171	-0.976476	0.190100	0.101765	0.071761	-0.158543	0.984741
0.203357	0.968831	0.141464	-0.976420	0.189979	0.102527	0.072457	-0.158978	0.984620
0.203466	0.968755	0.141826	-0.976391	0.190034	0.102700	0.072539	-0.159374	0.984550
0.203605	0.968692	0.142060	-0.976386	0.190198	0.102442	0.072215	-0.159563	0.984543
0.203847	0.968571	0.142535	-0.976402	0.190533	0.101670	0.071317	-0.159896	0.984554
0.204103	0.968503	0.142634	-0.976374	0.190831	0.101381	0.070969	-0.159956	0.984570
0.204333	0.968457	0.142615	-0.976325	0.191058	0.101418	0.070971	-0.159962	0.984569
0.204616	0.968399	0.142600	-0.976256	0.191316	0.101595	0.071103	-0.160003	0.984553
0.204959	0.968313	0.142695	-0.976182	0.191637	0.101702	0.071134	-0.160141	0.984528
0.205096	0.968278	0.142733	-0.976152	0.191766	0.101745	0.071146	-0.160197	0.984518
0.205104	0.968290	0.142643	-0.976143	0.191766	0.101836	0.071253	-0.160127	0.984521
0.205274	0.968273	0.142514	-0.976100	0.191929	0.101943	0.071356	-0.160034	0.984529
0.205775	0.968181	0.142412	-0.976004	0.192453	0.101873	0.071224	-0.159958	0.984551
0.206305	0.968043	0.142587	-0.975916	0.193007	0.101670	0.070901	-0.160128	0.984547
0.206647	0.967956	0.142681	-0.975841	0.193328	0.101778	0.070933	-0.160266	0.984522
0.206501	0.968037	0.142344	-0.975832	0.193129	0.102243	0.071485	-0.160017	0.984523
0.206850	0.968044	0.141784	-0.975775	0.193570	0.101952	0.071249	-0.159438	0.984633
0.207632	0.967948	0.141299	-0.975660	0.194503	0.101270	0.070541	-0.158887	0.984774
0.208331	0.967850	0.140938	-0.975542	0.195297	0.100878	0.070110	-0.158507	0.984865
0.208568	0.967815	0.140827	-0.975484	0.195523	0.101007	0.070221	-0.158442	0.984868
