0.986340	-0.118391	0.114532	0.110110	0.991000	0.076129	-0.122514	-0.062478	0.990498
0.986293	-0.118451	0.114871	0.110202	0.991022	0.075700	-0.122807	-0.062004	0.990492
0.986189	-0.118880	0.115323	0.110554	0.990952	0.076111	-0.123328	-0.062310	0.990408
0.986127	-0.120056	0.114632	0.111798	0.990823	0.075961	-0.122700	-0.062092	0.990500
0.986061	-0.120791	0.114423	0.112683	0.990805	0.074885	-0.122416	-0.060947	0.990606
0.986003	-0.121355	0.114329	0.113339	0.990782	0.074200	-0.122280	-0.060203	0.990668
0.985938	-0.121923	0.114285	0.113921	0.990720	0.074133	-0.122263	-0.060071	0.990678
0.985882	-0.121959	0.114730	0.113929	0.990718	0.074142	-0.122708	-0.060025	0.990626
0.985833	-0.121815	0.115300	0.113768	0.990748	0.073997	-0.123247	-0.059832	0.990571
0.985805	-0.121762	0.115600	0.113752	0.990783	0.073555	-0.123491	-0.059361	0.990569
0.985757	-0.121900	0.115861	0.114025	0.990840	0.072349	-0.123619	-0.058107	0.990627
0.985687	-0.122021	0.116325	0.114417	0.990966	0.069967	-0.123811	-0.055656	0.990744
0.985671	-0.121866	0.116621	0.114512	0.991104	0.067826	-0.123849	-0.053500	0.990858
0.985522	-0.122151	0.117580	0.115099	0.991223	0.065025	-0.124491	-0.050550	0.990932
0.985387	-0.121984	0.118883	0.115336	0.991433	0.061302	-0.125343	-0.046695	0.991014
0.985453	-0.121020	0.119320	0.114692	0.991673	0.058569	-0.125415	-0.044032	0.991127
0.985525	-0.120488	0.119261	0.114244	0.991764	0.057901	-0.125255	-0.043438	0.991173
0.985406	-0.120709	0.120022	0.114442	0.991746	0.057825	-0.126011	-0.043245	0.991086
0.985215	-0.121268	0.121018	0.114877	0.991657	0.058481	-0.127100	-0.043714	0.990926
0.985041	-0.121487	0.122211	0.115067	0.991645	0.058312	-0.128274	-0.043378	0.990790
0.984902	-0.121898	0.122917	0.115469	0.991607	0.058168	-0.128976	-0.043097	0.990711
0.984786	-0.122692	0.123056	0.116067	0.991448	0.059664	-0.129324	-0.044473	0.990605
0.984736	-0.123693	0.122454	0.116831	0.991231	0.061741	-0.129017	-0.046492	0.990552
