-0.084619	-0.926189	0.367442	0.954507	0.030473	0.296628	-0.285930	0.375826	0.881475
-0.085911	-0.925552	0.368746	0.955081	0.028853	0.294938	-0.283620	0.377521	0.881498
-0.086310	-0.925245	0.369422	0.955615	0.027958	0.293287	-0.281691	0.378339	0.881765
-0.086246	-0.924852	0.370418	0.955833	0.028043	0.292568	-0.280970	0.379291	0.881586
-0.085968	-0.924247	0.371991	0.955412	0.029387	0.293812	-0.282486	0.380663	0.880510
-0.085065	-0.923616	0.373762	0.954638	0.031884	0.296057	-0.285360	0.381992	0.879006
-0.083877	-0.922830	0.375964	0.954345	0.034155	0.296748	-0.286689	0.383690	0.877833
-0.084499	-0.921741	0.378487	0.954708	0.033863	0.295611	-0.285293	0.386324	0.877133
-0.085516	-0.920307	0.381735	0.954804	0.033771	0.295311	-0.284669	0.389736	0.875825
-0.085519	-0.918760	0.385443	0.954412	0.035499	0.296375	-0.285980	0.393217	0.873840
-0.084387	-0.917394	0.388931	0.953460	0.039049	0.298979	-0.289469	0.396060	0.871403
-0.081644	-0.916421	0.391798	0.952643	0.043783	0.300923	-0.292927	0.397813	0.869448
-0.078823	-0.915750	0.393940	0.952405	0.047552	0.301104	-0.294468	0.398924	0.868417
-0.077342	-0.915229	0.395441	0.952600	0.049214	0.300217	-0.294229	0.399916	0.868042
-0.077586	-0.914969	0.395996	0.952500	0.049296	0.300522	-0.294489	0.400503	0.867683
-0.077471	-0.914899	0.396180	0.952186	0.049895	0.301418	-0.295534	0.400588	0.867288
-0.076225	-0.914760	0.396740	0.952320	0.051101	0.300790	-0.295424	0.400752	0.867250
-0.076232	-0.914845	0.396544	0.953135	0.049918	0.298397	-0.292781	0.400708	0.868166
-0.077204	-0.915001	0.395995	0.954106	0.047462	0.295684	-0.289346	0.400650	0.869344
-0.077137	-0.914899	0.396243	0.954551	0.046989	0.294319	-0.287891	0.400938	0.869694
-0.075855	-0.914373	0.397703	0.954253	0.049118	0.294938	-0.289217	0.401882	0.868818
-0.074712	-0.913537	0.399836	0.954183	0.051011	0.294844	-0.289747	0.403545	0.867870
-0.074939	-0.912546	0.402049	0.954608	0.050909	0.293482	-0.288284	0.405793	0.867309
-0.075920	-0.911737	0.403698	0.955113	0.049773	0.292031	-0.286349	0.407749	0.867033
-0.077441	-0.911445	0.404067	0.955399	0.048006	0.291390	-0.284984	0.408611	0.867076
