0.913912	0.003425	0.405898	-0.062033	0.989397	0.131321	-0.401145	-0.145195	0.904434
0.913718	0.003242	0.406337	-0.061168	0.989671	0.129651	-0.401720	-0.143319	0.904478
0.913640	0.002565	0.406517	-0.059925	0.989906	0.128433	-0.402084	-0.141702	0.904571
0.913564	0.001640	0.406691	-0.058738	0.990039	0.127954	-0.402430	-0.140782	0.904561
0.913333	0.001237	0.407212	-0.058426	0.990047	0.128037	-0.403000	-0.140732	0.904315
0.913113	0.001269	0.407706	-0.058447	0.990074	0.127818	-0.403496	-0.140541	0.904123
0.912801	0.001110	0.408402	-0.058356	0.990090	0.127738	-0.404213	-0.140432	0.903820
0.912534	0.000946	0.409000	-0.058250	0.990104	0.127674	-0.404832	-0.140332	0.903558
0.912427	0.000782	0.409238	-0.058221	0.990075	0.127916	-0.405076	-0.140540	0.903417
0.912398	0.000829	0.409304	-0.058438	0.990017	0.128261	-0.405112	-0.140944	0.903338
0.912324	0.000963	0.409468	-0.058521	0.990038	0.128061	-0.405266	-0.140796	0.903292
0.912141	0.000816	0.409876	-0.058289	0.990093	0.127744	-0.405711	-0.140412	0.903152
0.912003	0.000593	0.410183	-0.057756	0.990222	0.126981	-0.406097	-0.139498	0.903120
0.912027	0.000883	0.410128	-0.057718	0.990322	0.126218	-0.406048	-0.138786	0.903252
0.912433	0.001352	0.409223	-0.058209	0.990255	0.126516	-0.405064	-0.139258	0.903621
0.912640	0.000991	0.408762	-0.057610	0.990327	0.126225	-0.404684	-0.138747	0.903870
0.912466	0.000223	0.409153	-0.056439	0.990509	0.125328	-0.405242	-0.137449	0.903818
0.912137	-0.001143	0.409885	-0.055120	0.990571	0.125424	-0.406163	-0.136997	0.903473
0.911870	-0.002295	0.410472	-0.054230	0.990546	0.126010	-0.406880	-0.137165	0.903125
0.911791	-0.002362	0.410649	-0.054556	0.990423	0.126831	-0.407015	-0.138047	0.902929
0.911899	-0.001713	0.410410	-0.055485	0.990296	0.127417	-0.406646	-0.138963	0.902955
0.912059	-0.001629	0.410056	-0.055798	0.990198	0.128041	-0.406245	-0.139661	0.903028
0.912104	-0.002145	0.409953	-0.054983	0.990312	0.127513	-0.406255	-0.138845	0.903149
0.912063	-0.002879	0.410040	-0.053771	0.990501	0.126559	-0.406509	-0.137478	0.903244
0.912138	-0.003453	0.409868	-0.052790	0.990647	0.125827	-0.406469	-0.136408	0.903425
