0.823703	-0.561515	0.078837	0.561141	0.827215	0.028924	-0.081456	0.020414	0.996468
0.823573	-0.561786	0.078263	0.561389	0.827041	0.029079	-0.081063	0.019987	0.996509
0.823567	-0.561796	0.078249	0.561417	0.827030	0.028849	-0.080921	0.020171	0.996516
0.823752	-0.561514	0.078322	0.561107	0.827228	0.029199	-0.081186	0.019894	0.996500
0.823884	-0.561337	0.078201	0.560867	0.827364	0.029932	-0.081502	0.019199	0.996488
0.823841	-0.561399	0.078207	0.560879	0.827334	0.030552	-0.081855	0.018694	0.996469
0.823788	-0.561505	0.078011	0.560950	0.827272	0.030935	-0.081907	0.018277	0.996472
0.823619	-0.561785	0.077782	0.561246	0.827080	0.030705	-0.081581	0.018365	0.996497
0.823472	-0.561991	0.077840	0.561513	0.826925	0.029989	-0.081221	0.019013	0.996515
0.823355	-0.562138	0.078026	0.561724	0.826808	0.029239	-0.080949	0.019755	0.996522
0.823358	-0.562128	0.078062	0.561754	0.826804	0.028763	-0.080710	0.020169	0.996534
0.823438	-0.562005	0.078104	0.561679	0.826875	0.028168	-0.080413	0.020675	0.996547
0.823557	-0.561806	0.078277	0.561561	0.826988	0.027208	-0.080020	0.021550	0.996560
0.823489	-0.561852	0.078668	0.561661	0.826939	0.026636	-0.080019	0.022250	0.996545
0.823290	-0.562068	0.079204	0.561931	0.826771	0.026121	-0.080165	0.023002	0.996516
0.822952	-0.562480	0.079791	0.562383	0.826474	0.025826	-0.080471	0.023619	0.996477
0.822832	-0.562615	0.080067	0.562572	0.826362	0.025245	-0.080368	0.024271	0.996470
0.823007	-0.562353	0.080112	0.562319	0.826538	0.025136	-0.080351	0.024361	0.996469
0.823170	-0.562155	0.079828	0.562117	0.826677	0.025097	-0.080100	0.024214	0.996493
0.823058	-0.562411	0.079180	0.562367	0.826510	0.024979	-0.079492	0.023969	0.996547
0.822708	-0.563026	0.078446	0.563091	0.826064	0.023405	-0.077979	0.024917	0.996644
0.822600	-0.563189	0.078406	0.563443	0.825889	0.020962	-0.076560	0.026934	0.996701
0.822609	-0.563182	0.078353	0.563581	0.825841	0.019048	-0.075435	0.028490	0.996744
0.822562	-0.563268	0.078228	0.563707	0.825768	0.018477	-0.075006	0.028899	0.996764
0.822471	-0.563436	0.077985	0.563841	0.825668	0.018835	-0.075002	0.028481	0.996777
