0.181396	0.974938	0.128807	-0.979779	0.167923	0.108791	0.084435	-0.145936	0.985684
0.181793	0.974771	0.129510	-0.979692	0.168212	0.109128	0.084589	-0.146719	0.985555
0.182941	0.974443	0.130355	-0.979473	0.169236	0.109512	0.084652	-0.147713	0.985401
0.184677	0.974025	0.131031	-0.979144	0.170859	0.109929	0.084686	-0.148599	0.985265
0.186902	0.973529	0.131562	-0.978787	0.173099	0.109606	0.083931	-0.149257	0.985230
0.189734	0.972977	0.131594	-0.978314	0.176006	0.109196	0.083084	-0.149459	0.985271
0.192314	0.972542	0.131059	-0.977805	0.178591	0.109557	0.083143	-0.149220	0.985302
0.194257	0.972270	0.130211	-0.977367	0.180500	0.110333	0.083770	-0.148696	0.985328
0.195703	0.972100	0.129312	-0.977037	0.181948	0.110876	0.084254	-0.148042	0.985386
0.196487	0.972050	0.128497	-0.976860	0.182775	0.111079	0.084488	-0.147349	0.985469
0.197357	0.971977	0.127715	-0.976674	0.183702	0.111183	0.084606	-0.146679	0.985559
0.198566	0.971829	0.126962	-0.976439	0.184994	0.111103	0.084486	-0.146032	0.985666
0.199901	0.971675	0.126046	-0.976146	0.186374	0.111370	0.084724	-0.145302	0.985753
0.201251	0.971480	0.125393	-0.975854	0.187750	0.111618	0.084893	-0.144829	0.985808
0.202409	0.971327	0.124720	-0.975544	0.188846	0.112472	0.085694	-0.144436	0.985797
0.203334	0.971281	0.123562	-0.975290	0.189786	0.113092	0.086394	-0.143505	0.985871
0.204682	0.971128	0.122535	-0.975056	0.191308	0.112551	0.085860	-0.142516	0.986062
0.206128	0.970922	0.121741	-0.974838	0.192965	0.111608	0.084871	-0.141683	0.986267
0.207179	0.970787	0.121030	-0.974634	0.194112	0.111399	0.084652	-0.141040	0.986378
0.207877	0.970681	0.120686	-0.974455	0.194787	0.111786	0.085000	-0.140841	0.986377
0.208080	0.970659	0.120512	-0.974346	0.194899	0.112533	0.085743	-0.140836	0.986313
0.208058	0.970695	0.120266	-0.974276	0.194783	0.113338	0.086591	-0.140754	0.986251
0.208185	0.970699	0.120008	-0.974207	0.194870	0.113779	0.087059	-0.140599	0.986231
0.208521	0.970655	0.119783	-0.974161	0.195268	0.113496	0.086776	-0.140355	0.986291
0.208825	0.970604	0.119665	-0.974153	0.195674	0.112861	0.086128	-0.140140	0.986379
