0.934578	-0.336221	0.116272	0.338908	0.940813	-0.003571	-0.108190	0.042742	0.993211
0.934518	-0.336901	0.114774	0.339044	0.940770	0.000910	-0.108282	0.038063	0.993391
0.934211	-0.337997	0.114049	0.339671	0.940531	0.005020	-0.108963	0.034050	0.993462
0.933800	-0.339440	0.113125	0.340753	0.940118	0.008124	-0.109108	0.030962	0.993548
0.933518	-0.340482	0.112317	0.341500	0.939822	0.010654	-0.109185	0.028410	0.993615
0.933368	-0.341035	0.111887	0.341792	0.939686	0.012941	-0.109552	0.026164	0.993637
0.933330	-0.341414	0.111050	0.341855	0.939622	0.015641	-0.109686	0.023365	0.993692
0.933296	-0.341780	0.110202	0.341975	0.939542	0.017717	-0.109594	0.021151	0.993751
0.933241	-0.342023	0.109913	0.342091	0.939478	0.018825	-0.109699	0.020032	0.993763
0.933132	-0.342321	0.109909	0.342362	0.939374	0.019094	-0.109782	0.019812	0.993758
0.933062	-0.342543	0.109817	0.342622	0.939286	0.018747	-0.109571	0.020133	0.993775
0.933075	-0.342442	0.110024	0.342650	0.939298	0.017605	-0.109374	0.021273	0.993773
0.933146	-0.342173	0.110259	0.342526	0.939367	0.016315	-0.109156	0.022542	0.993769
0.933139	-0.342060	0.110665	0.342638	0.939358	0.014342	-0.108860	0.024535	0.993754
0.933117	-0.341962	0.111151	0.342933	0.939297	0.010861	-0.108118	0.027982	0.993744
0.933156	-0.341427	0.112465	0.343061	0.939299	0.005095	-0.107378	0.033828	0.993643
0.933537	-0.339693	0.114529	0.342400	0.939545	-0.004245	-0.106163	0.043177	0.993411
0.934102	-0.337126	0.117469	0.341199	0.939857	-0.015871	-0.105053	0.054906	0.992950
0.934509	-0.335243	0.119600	0.340407	0.939943	-0.025119	-0.103996	0.064187	0.992504
0.934693	-0.334376	0.120591	0.340066	0.939937	-0.029563	-0.103463	0.068641	0.992262
0.934739	-0.334262	0.120547	0.340031	0.939924	-0.030352	-0.103159	0.069361	0.992244
0.934802	-0.334232	0.120142	0.339760	0.940086	-0.028307	-0.103483	0.067281	0.992353
0.934776	-0.334530	0.119512	0.339696	0.940197	-0.025237	-0.103923	0.064189	0.992512
0.934606	-0.335478	0.118180	0.340225	0.940087	-0.021974	-0.103728	0.060745	0.992749
0.934368	-0.336550	0.117006	0.340893	0.939915	-0.018728	-0.103672	0.057385	0.992955
