0.333982	-0.937050	0.101949	0.922886	0.347080	0.166785	-0.191671	0.038384	0.980708
0.333423	-0.937196	0.102431	0.923057	0.346622	0.166788	-0.191818	0.038939	0.980658
0.332726	-0.937390	0.102924	0.923250	0.346037	0.166938	-0.192101	0.039480	0.980581
0.332076	-0.937553	0.103538	0.923449	0.345514	0.166917	-0.192268	0.040183	0.980519
0.331483	-0.937712	0.103992	0.923696	0.345005	0.166605	-0.192105	0.040831	0.980525
0.331025	-0.937823	0.104450	0.923903	0.344627	0.166238	-0.191898	0.041473	0.980538
0.330760	-0.937855	0.105001	0.923998	0.344463	0.166048	-0.191898	0.042099	0.980512
0.330843	-0.937789	0.105331	0.923903	0.344618	0.166259	-0.192215	0.042310	0.980440
0.330737	-0.937870	0.104939	0.923995	0.344432	0.166133	-0.191956	0.042017	0.980504
0.330355	-0.938010	0.104897	0.924362	0.343999	0.164984	-0.190841	0.042460	0.980702
0.330049	-0.938127	0.104812	0.924705	0.343631	0.163824	-0.189705	0.042850	0.980906
0.330123	-0.938129	0.104561	0.924746	0.343644	0.163566	-0.189377	0.042696	0.980976
0.330484	-0.938058	0.104057	0.924596	0.343916	0.163844	-0.189482	0.042063	0.980983
0.330267	-0.938218	0.103302	0.924742	0.343555	0.163775	-0.189146	0.041438	0.981074
0.329647	-0.938509	0.102636	0.925204	0.342777	0.162796	-0.187967	0.041294	0.981307
0.329053	-0.938771	0.102146	0.925843	0.342013	0.160751	-0.185843	0.041676	0.981695
0.328753	-0.938906	0.101865	0.926542	0.341535	0.157713	-0.182868	0.042534	0.982217
0.328643	-0.938946	0.101857	0.927207	0.341276	0.154328	-0.179667	0.043724	0.982755
0.328851	-0.938879	0.101803	0.927689	0.341335	0.151274	-0.176777	0.044695	0.983236
0.329269	-0.938758	0.101566	0.927967	0.341599	0.148952	-0.174524	0.045204	0.983615
0.329443	-0.938712	0.101423	0.928167	0.341680	0.147518	-0.173131	0.045539	0.983845
0.329237	-0.938770	0.101557	0.928411	0.341453	0.146504	-0.172211	0.046053	0.983983
0.329187	-0.938761	0.101799	0.928567	0.341404	0.145628	-0.171465	0.046588	0.984088
0.329468	-0.938648	0.101939	0.928511	0.341691	0.145307	-0.171224	0.046778	0.984121
0.329711	-0.938560	0.101957	0.928345	0.341955	0.145747	-0.171657	0.046597	0.984054
