0.779858	-0.577089	0.242467	0.570709	0.814631	0.103283	-0.257124	0.057832	0.964646
0.780143	-0.576943	0.241896	0.570554	0.814755	0.103158	-0.256603	0.057537	0.964803
0.780193	-0.576898	0.241841	0.570753	0.814734	0.102221	-0.256008	0.058279	0.964916
0.779842	-0.577290	0.242039	0.571330	0.814403	0.101637	-0.255791	0.059024	0.964929
0.779330	-0.577943	0.242129	0.571911	0.813945	0.102035	-0.256050	0.058957	0.964864
0.779217	-0.578097	0.242125	0.571930	0.813864	0.102570	-0.256352	0.058554	0.964808
0.779195	-0.578004	0.242418	0.571623	0.813972	0.103426	-0.257102	0.057983	0.964643
0.778937	-0.578147	0.242904	0.571565	0.813898	0.104320	-0.258012	0.057577	0.964425
0.778582	-0.578359	0.243539	0.571612	0.813763	0.105119	-0.258979	0.057366	0.964178
0.778426	-0.578280	0.244223	0.571382	0.813833	0.105824	-0.259953	0.057168	0.963928
0.778269	-0.578244	0.244810	0.571146	0.813885	0.106691	-0.260940	0.056788	0.963683
0.778057	-0.578401	0.245110	0.571138	0.813798	0.107396	-0.261588	0.056431	0.963529
0.777724	-0.578760	0.245319	0.571399	0.813553	0.107866	-0.262009	0.056285	0.963423
0.777407	-0.579073	0.245587	0.571742	0.813312	0.107869	-0.262203	0.056555	0.963354
0.777146	-0.579335	0.245792	0.572029	0.813110	0.107867	-0.262347	0.056772	0.963302
0.776876	-0.579596	0.246034	0.572295	0.812912	0.107948	-0.262570	0.056941	0.963231
0.776498	-0.579977	0.246328	0.572549	0.812653	0.108543	-0.263132	0.056752	0.963089
0.776316	-0.580289	0.246169	0.572724	0.812461	0.109061	-0.263289	0.056321	0.963072
0.775900	-0.580948	0.245924	0.573552	0.811952	0.108499	-0.262710	0.056866	0.963198
0.775240	-0.581739	0.246135	0.574762	0.811276	0.107146	-0.262015	0.058405	0.963295
0.774563	-0.582444	0.246599	0.575626	0.810710	0.106791	-0.262120	0.059233	0.963216
0.774526	-0.582325	0.246998	0.575470	0.810793	0.107000	-0.262573	0.059266	0.963090
0.774871	-0.581852	0.247030	0.574883	0.811164	0.107342	-0.262839	0.058837	0.963044
0.774994	-0.581771	0.246831	0.574651	0.811262	0.107838	-0.262982	0.058268	0.963040
