0.717343	-0.672482	0.182171	0.662880	0.739257	0.118704	-0.214497	0.035606	0.976075
0.718039	-0.671458	0.183203	0.661798	0.740177	0.119001	-0.215507	0.035796	0.975846
0.718488	-0.670620	0.184511	0.661062	0.740892	0.118645	-0.216269	0.036728	0.975643
0.718664	-0.670130	0.185603	0.660733	0.741281	0.118044	-0.216689	0.037800	0.975509
0.718599	-0.670000	0.186322	0.660792	0.741345	0.117308	-0.216725	0.038823	0.975460
0.718121	-0.670379	0.186799	0.661312	0.740959	0.116817	-0.216722	0.039643	0.975428
0.717235	-0.671162	0.187393	0.662283	0.740189	0.116196	-0.216693	0.040768	0.975388
0.716251	-0.672080	0.187866	0.663428	0.739288	0.115399	-0.216444	0.041980	0.975392
0.715571	-0.672622	0.188515	0.664200	0.738723	0.114577	-0.216327	0.043223	0.975364
0.715054	-0.673021	0.189050	0.664616	0.738334	0.114668	-0.216756	0.043652	0.975249
0.714727	-0.673427	0.188843	0.664828	0.738005	0.115554	-0.217184	0.042959	0.975185
0.714095	-0.674196	0.188489	0.665722	0.737280	0.115031	-0.216522	0.043338	0.975315
0.713595	-0.674840	0.188077	0.666490	0.736671	0.114482	-0.215808	0.043657	0.975459
0.713260	-0.675304	0.187682	0.667004	0.736243	0.114242	-0.215327	0.043700	0.975564
0.713008	-0.675667	0.187333	0.667156	0.735960	0.115175	-0.215690	0.042860	0.975521
0.712964	-0.675761	0.187162	0.666999	0.735928	0.116288	-0.216320	0.041927	0.975422
0.713171	-0.675599	0.186954	0.666600	0.736129	0.117294	-0.216867	0.040973	0.975341
0.713153	-0.675768	0.186417	0.666629	0.736016	0.117840	-0.216838	0.040233	0.975378
0.712822	-0.676199	0.186119	0.667099	0.735617	0.117670	-0.216481	0.040282	0.975456
0.712429	-0.676675	0.185894	0.667667	0.735164	0.117280	-0.216023	0.040561	0.975545
0.712240	-0.676953	0.185603	0.667821	0.734937	0.117828	-0.216170	0.040028	0.975535
0.712258	-0.676999	0.185368	0.667612	0.734948	0.118934	-0.216754	0.039042	0.975445
0.712421	-0.676787	0.185515	0.667128	0.735189	0.120158	-0.217710	0.038159	0.975267
0.712760	-0.676397	0.185635	0.666526	0.735585	0.121071	-0.218442	0.037436	0.975132
