0.327508	-0.939377	0.101530	0.927963	0.340017	0.152557	-0.177830	0.044252	0.983066
0.327174	-0.939480	0.101661	0.928142	0.339694	0.152188	-0.177511	0.044564	0.983109
0.326868	-0.939544	0.102047	0.928281	0.339447	0.151891	-0.177348	0.045080	0.983115
0.326482	-0.939624	0.102549	0.928356	0.339163	0.152067	-0.177666	0.045555	0.983036
0.326066	-0.939712	0.103061	0.928341	0.338877	0.152789	-0.178503	0.045856	0.982870
0.326012	-0.939707	0.103276	0.928119	0.338921	0.154040	-0.179755	0.045633	0.982652
0.326033	-0.939754	0.102789	0.927980	0.338895	0.154932	-0.180433	0.044873	0.982563
0.325600	-0.939891	0.102902	0.928178	0.338475	0.154659	-0.180192	0.045154	0.982595
0.324939	-0.940073	0.103328	0.928528	0.337864	0.153894	-0.179583	0.045937	0.982670
0.324603	-0.940146	0.103724	0.928577	0.337616	0.154144	-0.179937	0.046280	0.982589
0.324733	-0.940020	0.104456	0.928343	0.337912	0.154900	-0.180906	0.046670	0.982392
0.324769	-0.939934	0.105113	0.928198	0.338090	0.155381	-0.181585	0.047103	0.982247
0.324578	-0.939967	0.105412	0.928330	0.337934	0.154931	-0.181252	0.047570	0.982285
0.324143	-0.940110	0.105473	0.928708	0.337456	0.153701	-0.180089	0.048132	0.982472
0.324016	-0.940146	0.105540	0.928970	0.337283	0.152496	-0.178965	0.048632	0.982653
0.324239	-0.940088	0.105371	0.929063	0.337429	0.151600	-0.178073	0.048742	0.982809
0.324033	-0.940227	0.104764	0.929105	0.337136	0.151996	-0.178231	0.048085	0.982813
0.323263	-0.940545	0.104290	0.929239	0.336336	0.152945	-0.178928	0.047469	0.982716
0.322117	-0.940951	0.104172	0.929619	0.335192	0.153146	-0.179021	0.047509	0.982698
0.321567	-0.941152	0.104054	0.930130	0.334545	0.151449	-0.177347	0.048083	0.982973
0.321618	-0.941220	0.103278	0.930228	0.334440	0.151081	-0.176741	0.047482	0.983112
0.321435	-0.941342	0.102730	0.930272	0.334177	0.151391	-0.176841	0.046905	0.983121
0.321649	-0.941295	0.102492	0.930146	0.334363	0.151756	-0.177116	0.046520	0.983090
0.321930	-0.941228	0.102229	0.930088	0.334587	0.151615	-0.176908	0.046273	0.983139
0.322076	-0.941208	0.101948	0.930087	0.334673	0.151435	-0.176652	0.046047	0.983196
