0.909964	-0.032228	0.413434	-0.013960	0.994030	0.108212	-0.414453	-0.104240	0.904081
0.909747	-0.032492	0.413889	-0.013519	0.994086	0.107754	-0.414943	-0.103624	0.903927
0.909549	-0.032920	0.414290	-0.012957	0.994127	0.107441	-0.415394	-0.103091	0.903781
0.909497	-0.033288	0.414376	-0.012410	0.994171	0.107102	-0.415526	-0.102551	0.903782
0.909499	-0.033475	0.414357	-0.012039	0.994214	0.106745	-0.415533	-0.102073	0.903833
0.909583	-0.033802	0.414145	-0.011404	0.994279	0.106199	-0.415366	-0.101320	0.903994
0.909678	-0.034312	0.413894	-0.010550	0.994351	0.105618	-0.415180	-0.100445	0.904177
0.909679	-0.034935	0.413841	-0.009485	0.994449	0.104795	-0.415204	-0.099255	0.904297
0.909708	-0.034782	0.413789	-0.009259	0.994539	0.103954	-0.415145	-0.098400	0.904418
0.910079	-0.033506	0.413078	-0.010626	0.994512	0.104080	-0.414298	-0.099110	0.904729
0.910513	-0.033943	0.412085	-0.010799	0.994333	0.105763	-0.413340	-0.100749	0.904986
0.910748	-0.033889	0.411569	-0.010407	0.994427	0.104911	-0.412831	-0.099831	0.905320
0.911331	-0.033172	0.410335	-0.010301	0.994599	0.103284	-0.411545	-0.098353	0.906067
0.911636	-0.033110	0.409663	-0.010347	0.994585	0.103411	-0.410869	-0.098512	0.906357
0.911708	-0.033450	0.409475	-0.009945	0.994591	0.103392	-0.410719	-0.098335	0.906444
0.911838	-0.033537	0.409177	-0.009623	0.994638	0.102967	-0.410437	-0.097827	0.906627
0.912113	-0.033564	0.408563	-0.009317	0.994688	0.102515	-0.409834	-0.097312	0.906955
0.912262	-0.033990	0.408194	-0.008458	0.994775	0.101736	-0.409519	-0.096262	0.907209
0.912308	-0.034939	0.408012	-0.007305	0.994807	0.101521	-0.409440	-0.095599	0.907314
0.912247	-0.035852	0.408068	-0.006638	0.994738	0.102235	-0.409586	-0.095973	0.907209
0.912219	-0.035727	0.408141	-0.007085	0.994666	0.102904	-0.409641	-0.096763	0.907100
0.912043	-0.035815	0.408527	-0.007379	0.994585	0.103668	-0.410027	-0.097564	0.906840
0.911755	-0.036909	0.409072	-0.006686	0.994489	0.104632	-0.410679	-0.098134	0.906483
0.911550	-0.037101	0.409513	-0.006678	0.994454	0.104960	-0.411136	-0.098411	0.906246
0.911363	-0.036320	0.409998	-0.007680	0.994425	0.105164	-0.411532	-0.098992	0.906003
