0.731242	-0.658862	0.176596	0.655503	0.750365	0.085253	-0.188681	0.053418	0.980585
0.731761	-0.658102	0.177277	0.654996	0.750945	0.084035	-0.188429	0.054622	0.980567
0.732492	-0.657395	0.176881	0.654542	0.751511	0.082501	-0.187163	0.055345	0.980769
0.733137	-0.656761	0.176564	0.654214	0.751991	0.080704	-0.185778	0.056344	0.980975
0.733751	-0.655967	0.176965	0.653838	0.752550	0.078513	-0.184677	0.058098	0.981081
0.734574	-0.654786	0.177922	0.653120	0.753411	0.076203	-0.183945	0.060227	0.981090
0.735831	-0.653058	0.179075	0.651893	0.754723	0.073683	-0.183272	0.062519	0.981072
0.737421	-0.650920	0.180317	0.650097	0.756433	0.071995	-0.183260	0.064133	0.980970
0.738921	-0.648999	0.181094	0.648306	0.758032	0.071318	-0.183561	0.064706	0.980876
0.739557	-0.648210	0.181326	0.647505	0.758713	0.071359	-0.183830	0.064635	0.980831
0.739424	-0.648375	0.181279	0.647508	0.758628	0.072222	-0.184350	0.063977	0.980776
0.738802	-0.649286	0.180550	0.647866	0.758050	0.075031	-0.185583	0.061539	0.980700
0.737846	-0.650673	0.179464	0.648717	0.757055	0.077686	-0.186412	0.059101	0.980692
0.737288	-0.651642	0.178241	0.649149	0.756417	0.080246	-0.187116	0.056541	0.980709
0.736910	-0.652319	0.177322	0.649478	0.755959	0.081881	-0.187461	0.054828	0.980741
0.736813	-0.652641	0.176542	0.649480	0.755795	0.083364	-0.187837	0.053237	0.980756
0.737240	-0.652489	0.175315	0.648865	0.756095	0.085411	-0.188284	0.050787	0.980801
0.738038	-0.651835	0.174388	0.647732	0.756819	0.087567	-0.189060	0.048329	0.980776
0.738953	-0.650906	0.173984	0.646577	0.757697	0.088509	-0.189438	0.047090	0.980763
0.739456	-0.650353	0.173913	0.646067	0.758168	0.088198	-0.189216	0.047141	0.980803
0.739506	-0.650232	0.174152	0.646157	0.758212	0.087146	-0.188709	0.048084	0.980855
0.739366	-0.650285	0.174549	0.646369	0.758114	0.086435	-0.188536	0.048916	0.980847
0.739396	-0.650369	0.174111	0.646383	0.758072	0.086689	-0.188368	0.048445	0.980903
0.739233	-0.650699	0.173566	0.646727	0.757799	0.086521	-0.187827	0.048291	0.981014
0.739010	-0.650830	0.174027	0.647259	0.757565	0.084557	-0.186869	0.050153	0.981104
