-0.363399	0.926842	0.094364	-0.922401	-0.372172	0.103264	0.130829	-0.049516	0.990168
-0.363729	0.926809	0.093418	-0.922282	-0.372389	0.103549	0.130758	-0.048494	0.990228
-0.363231	0.927059	0.092867	-0.922613	-0.371784	0.102771	0.129801	-0.048350	0.990361
-0.362751	0.927232	0.093014	-0.922958	-0.371265	0.101540	0.128684	-0.049015	0.990474
-0.362769	0.927225	0.093018	-0.923000	-0.371265	0.101163	0.128336	-0.049157	0.990512
-0.363283	0.927037	0.092881	-0.922739	-0.371782	0.101639	0.128754	-0.048781	0.990476
-0.364047	0.926734	0.092915	-0.922327	-0.372586	0.102432	0.129546	-0.048408	0.990391
-0.364562	0.926517	0.093061	-0.922098	-0.373122	0.102541	0.129729	-0.048428	0.990366
-0.365213	0.926283	0.092843	-0.921841	-0.373744	0.102589	0.129726	-0.048120	0.990382
-0.364826	0.926429	0.092905	-0.922113	-0.373322	0.101674	0.128877	-0.048575	0.990470
-0.364329	0.926623	0.092919	-0.922508	-0.372755	0.100162	0.127448	-0.049226	0.990623
-0.363950	0.926795	0.092694	-0.922741	-0.372322	0.099623	0.126842	-0.049275	0.990698
-0.363324	0.927075	0.092347	-0.922970	-0.371670	0.099941	0.126975	-0.048922	0.990699
-0.362357	0.927463	0.092244	-0.923299	-0.370719	0.100431	0.127343	-0.048777	0.990659
-0.361847	0.927672	0.092147	-0.923370	-0.370251	0.101498	0.128274	-0.048359	0.990559
-0.361739	0.927742	0.091864	-0.923305	-0.370153	0.102440	0.129042	-0.047762	0.990488
-0.361295	0.927960	0.091412	-0.923398	-0.369692	0.103268	0.129623	-0.047099	0.990444
-0.360919	0.928173	0.090732	-0.923419	-0.369288	0.104518	0.130517	-0.046061	0.990376
-0.360405	0.928396	0.090493	-0.923530	-0.368782	0.105316	0.131148	-0.045616	0.990313
-0.360538	0.928368	0.090246	-0.923360	-0.368926	0.106303	0.131982	-0.045003	0.990230
-0.360696	0.928290	0.090424	-0.923219	-0.369131	0.106817	0.132536	-0.044953	0.990158
-0.361308	0.928046	0.090484	-0.922914	-0.369767	0.107247	0.132988	-0.044760	0.990106
-0.361206	0.928117	0.090163	-0.923055	-0.369594	0.106630	0.132288	-0.044710	0.990202
-0.361038	0.928192	0.090067	-0.923265	-0.369368	0.105592	0.131278	-0.045033	0.990322
-0.360434	0.928403	0.090301	-0.923649	-0.368743	0.104410	0.130233	-0.045773	0.990426
