0.810661	-0.573390	0.118546	0.571725	0.818857	0.051027	-0.126331	0.026410	0.991637
0.810878	-0.573004	0.118928	0.571376	0.819115	0.050783	-0.126515	0.026774	0.991603
0.810978	-0.572719	0.119617	0.571124	0.819299	0.050650	-0.127010	0.027240	0.991527
0.811075	-0.572456	0.120218	0.570843	0.819480	0.050905	-0.127657	0.027337	0.991442
0.811274	-0.572102	0.120554	0.570393	0.819744	0.051693	-0.128397	0.026826	0.991360
0.811311	-0.572152	0.120071	0.570299	0.819744	0.052710	-0.128586	0.025712	0.991365
0.811006	-0.572688	0.119571	0.570789	0.819384	0.053008	-0.128332	0.025260	0.991410
0.810901	-0.573000	0.118785	0.571046	0.819185	0.053303	-0.127850	0.024608	0.991488
0.811116	-0.572834	0.118116	0.570787	0.819328	0.053886	-0.127644	0.023711	0.991537
0.811147	-0.572921	0.117481	0.570748	0.819298	0.054752	-0.127620	0.022640	0.991565
0.810739	-0.573542	0.117269	0.571241	0.818886	0.055759	-0.128011	0.021783	0.991534
0.810585	-0.573856	0.116797	0.571438	0.818691	0.056602	-0.128102	0.020862	0.991542
0.810540	-0.574044	0.116184	0.571579	0.818573	0.056885	-0.127760	0.020301	0.991597
0.810393	-0.574292	0.115978	0.571867	0.818394	0.056560	-0.127398	0.020489	0.991640
0.810245	-0.574526	0.115853	0.572222	0.818211	0.055617	-0.126745	0.021230	0.991708
0.810210	-0.574608	0.115699	0.572384	0.818142	0.054967	-0.126243	0.021689	0.991762
0.810278	-0.574504	0.115736	0.572342	0.818203	0.054475	-0.125992	0.022101	0.991785
0.810304	-0.574453	0.115811	0.572336	0.818231	0.054128	-0.125854	0.022423	0.991795
0.810178	-0.574600	0.115959	0.572523	0.818118	0.053859	-0.125816	0.022754	0.991793
0.810147	-0.574597	0.116191	0.572548	0.818112	0.053681	-0.125902	0.023036	0.991775
0.810211	-0.574443	0.116508	0.572411	0.818214	0.053594	-0.126115	0.023268	0.991743
0.810225	-0.574355	0.116843	0.572380	0.818261	0.053194	-0.126161	0.023780	0.991725
0.810308	-0.574177	0.117137	0.572243	0.818375	0.052920	-0.126247	0.024149	0.991705
0.810458	-0.573906	0.117431	0.571985	0.818560	0.052856	-0.126459	0.024331	0.991673
0.810595	-0.573692	0.117530	0.571738	0.818715	0.053115	-0.126695	0.024142	0.991648
