0.578353	-0.804660	0.134273	0.801504	0.591142	0.090237	-0.151984	0.055431	0.986827
0.578114	-0.804888	0.133937	0.801724	0.590850	0.090197	-0.151736	0.055236	0.986876
0.578467	-0.804730	0.133365	0.801402	0.591159	0.091025	-0.152090	0.054224	0.986878
0.578940	-0.804424	0.133157	0.800934	0.591650	0.091955	-0.152753	0.053414	0.986820
0.579161	-0.804311	0.132879	0.800716	0.591857	0.092520	-0.153060	0.052814	0.986805
0.578877	-0.804554	0.132641	0.800971	0.591531	0.092392	-0.152796	0.052758	0.986849
0.578414	-0.804932	0.132371	0.801504	0.590972	0.091343	-0.151753	0.053262	0.986982
0.577896	-0.805254	0.132677	0.802006	0.590447	0.090326	-0.151074	0.054209	0.987035
0.577325	-0.805577	0.133197	0.802431	0.589934	0.089897	-0.150997	0.054981	0.987004
0.576809	-0.805820	0.133957	0.802729	0.589535	0.089859	-0.151383	0.055699	0.986905
0.575438	-0.806460	0.135993	0.803572	0.588454	0.089410	-0.152131	0.057830	0.986667
0.573525	-0.807498	0.137899	0.804938	0.586768	0.088192	-0.152129	0.060420	0.986512
0.573413	-0.807618	0.137660	0.805084	0.586605	0.087947	-0.151780	0.060398	0.986567
0.573643	-0.807614	0.136724	0.804959	0.586715	0.088353	-0.151573	0.059374	0.986661
0.573653	-0.807779	0.135703	0.805005	0.586592	0.088752	-0.151294	0.058329	0.986766
0.573574	-0.808003	0.134697	0.805097	0.586390	0.089254	-0.151102	0.057250	0.986859
0.573401	-0.808251	0.133942	0.805228	0.586132	0.089761	-0.151057	0.056385	0.986916
0.573967	-0.807931	0.133451	0.804842	0.586632	0.089962	-0.150969	0.055771	0.986964
0.574689	-0.807639	0.132103	0.804407	0.587167	0.090351	-0.150537	0.054341	0.987110
0.574923	-0.807670	0.130895	0.804356	0.587223	0.090448	-0.149916	0.053285	0.987262
0.575693	-0.807212	0.130328	0.803914	0.587885	0.090077	-0.149329	0.052916	0.987371
0.576540	-0.806747	0.129467	0.803387	0.588600	0.090112	-0.148902	0.052059	0.987481
0.576519	-0.806846	0.128939	0.803244	0.588574	0.091540	-0.149749	0.050795	0.987418
0.576174	-0.807116	0.128788	0.803421	0.588239	0.092142	-0.150128	0.050381	0.987382
0.576119	-0.807204	0.128483	0.803312	0.588198	0.093340	-0.150918	0.049437	0.987309
