0.542940	-0.822682	0.168553	0.824586	0.560270	0.078455	-0.158979	0.096390	0.982565
0.542616	-0.823304	0.166546	0.825117	0.559567	0.077889	-0.157320	0.095156	0.982953
0.543012	-0.823507	0.164239	0.824772	0.559788	0.079929	-0.157761	0.092057	0.983177
0.544985	-0.822454	0.162974	0.823102	0.561823	0.082811	-0.159671	0.089013	0.983149
0.548472	-0.820073	0.163274	0.820348	0.565541	0.084806	-0.161886	0.087428	0.982929
0.551680	-0.817742	0.164155	0.817939	0.568942	0.085328	-0.163171	0.087195	0.982737
0.553715	-0.816195	0.164999	0.816603	0.571020	0.084233	-0.162968	0.088098	0.982690
0.554317	-0.815730	0.165282	0.816422	0.571520	0.082584	-0.161828	0.089162	0.982783
0.555030	-0.815182	0.165589	0.816086	0.572174	0.081366	-0.161074	0.089975	0.982833
0.557719	-0.813598	0.164343	0.814543	0.574546	0.080097	-0.159590	0.089193	0.983146
0.559184	-0.812638	0.164113	0.813336	0.576085	0.081305	-0.160614	0.088014	0.983085
0.558844	-0.812707	0.164926	0.812986	0.576146	0.084315	-0.163545	0.086963	0.982696
0.558702	-0.812381	0.167000	0.812447	0.576560	0.086649	-0.166678	0.087268	0.982142
0.560066	-0.810862	0.169790	0.810818	0.578568	0.088505	-0.170001	0.088100	0.981498
0.561861	-0.809141	0.172058	0.809103	0.580835	0.089350	-0.172234	0.089010	0.981026
0.563220	-0.807772	0.174031	0.808259	0.582339	0.087167	-0.171756	0.091568	0.980875
0.564740	-0.806432	0.175315	0.807857	0.583614	0.082231	-0.168630	0.095190	0.981072
0.565119	-0.806063	0.175796	0.808262	0.583649	0.077894	-0.165390	0.098070	0.981340
0.564122	-0.806727	0.175950	0.809359	0.582437	0.075535	-0.163415	0.099796	0.981497
0.563250	-0.807450	0.175425	0.809968	0.581525	0.076033	-0.163407	0.099263	0.981552
0.563438	-0.807313	0.175449	0.809510	0.581910	0.077942	-0.165019	0.098112	0.981398
0.564297	-0.806403	0.176869	0.808609	0.583075	0.078577	-0.166492	0.098677	0.981093
0.564948	-0.805688	0.178043	0.808253	0.583773	0.077045	-0.166011	0.100377	0.981002
0.564594	-0.805787	0.178719	0.808916	0.583230	0.074139	-0.163974	0.102711	0.981103
0.563611	-0.806405	0.179037	0.810184	0.581915	0.070548	-0.161074	0.105291	0.981310
