0.968444	-0.227898	0.100890	0.226069	0.973669	0.029357	-0.104924	-0.005622	0.994464
0.968392	-0.227930	0.101319	0.226192	0.973666	0.028474	-0.105141	-0.004657	0.994446
0.968565	-0.227100	0.101525	0.225456	0.973864	0.027542	-0.105126	-0.003787	0.994452
0.968734	-0.226383	0.101515	0.224832	0.974034	0.026623	-0.104906	-0.002967	0.994478
0.968687	-0.226578	0.101530	0.225059	0.973989	0.026328	-0.104855	-0.002653	0.994484
0.968602	-0.226822	0.101798	0.225297	0.973933	0.026391	-0.105131	-0.002627	0.994455
0.968642	-0.226766	0.101537	0.225263	0.973946	0.026180	-0.104828	-0.002487	0.994487
0.968673	-0.226718	0.101351	0.225261	0.973958	0.025749	-0.104549	-0.002112	0.994517
0.968787	-0.226190	0.101442	0.224769	0.974082	0.025379	-0.104553	-0.001786	0.994518
0.968869	-0.225805	0.101516	0.224416	0.974171	0.025053	-0.104551	-0.001491	0.994518
0.968842	-0.225824	0.101733	0.224489	0.974168	0.024538	-0.104646	-0.000935	0.994509
0.968790	-0.225854	0.102159	0.224612	0.974161	0.023655	-0.104862	0.000029	0.994487
0.968889	-0.225525	0.101947	0.224343	0.974237	0.023060	-0.104521	0.000529	0.994523
0.968948	-0.225500	0.101434	0.224314	0.974243	0.023098	-0.104030	0.000372	0.994574
0.968938	-0.225520	0.101489	0.224300	0.974239	0.023424	-0.104157	0.000067	0.994561
0.968915	-0.225566	0.101609	0.224293	0.974228	0.023929	-0.104388	-0.000395	0.994537
0.968977	-0.225516	0.101128	0.224185	0.974239	0.024486	-0.104044	-0.001055	0.994572
0.969003	-0.225574	0.100748	0.224192	0.974225	0.024985	-0.103787	-0.001623	0.994598
0.968947	-0.225859	0.100648	0.224461	0.974158	0.025147	-0.103726	-0.001775	0.994604
0.968931	-0.225910	0.100680	0.224548	0.974147	0.024807	-0.103681	-0.001429	0.994610
0.968994	-0.225719	0.100510	0.224406	0.974192	0.024331	-0.103408	-0.001022	0.994639
0.969021	-0.225708	0.100271	0.224437	0.974195	0.023929	-0.103085	-0.000683	0.994672
0.969034	-0.225800	0.099934	0.224555	0.974173	0.023688	-0.102702	-0.000514	0.994712
0.969054	-0.225802	0.099743	0.224549	0.974173	0.023760	-0.102532	-0.000628	0.994730
0.969110	-0.225598	0.099652	0.224291	0.974220	0.024277	-0.102560	-0.001176	0.994726
