0.552786	0.830709	0.065958	-0.833104	0.549091	0.066605	0.019113	-0.091768	0.995597
0.552476	0.830841	0.066879	-0.833293	0.548633	0.068005	0.019809	-0.093301	0.995441
0.552582	0.830685	0.067945	-0.833209	0.548581	0.069436	0.020406	-0.094981	0.995270
0.552739	0.830499	0.068922	-0.833097	0.548619	0.070479	0.020721	-0.096375	0.995129
0.552811	0.830417	0.069329	-0.833041	0.548618	0.071145	0.021045	-0.097084	0.995054
0.552723	0.830447	0.069686	-0.833104	0.548522	0.071138	0.020852	-0.097375	0.995029
0.552843	0.830358	0.069786	-0.833041	0.548714	0.070389	0.020156	-0.097049	0.995076
0.553258	0.830127	0.069247	-0.832780	0.549236	0.069405	0.019581	-0.096066	0.995182
0.553827	0.829806	0.068537	-0.832420	0.549949	0.068068	0.018792	-0.094750	0.995324
0.554604	0.829349	0.067788	-0.831922	0.550879	0.066627	0.017914	-0.093346	0.995473
0.555380	0.828862	0.067392	-0.831425	0.551792	0.065250	0.016896	-0.092270	0.995591
0.555990	0.828462	0.067273	-0.831042	0.552543	0.063762	0.015653	-0.091358	0.995695
0.556373	0.828216	0.067138	-0.830803	0.553036	0.062596	0.014713	-0.090605	0.995778
0.556517	0.828125	0.067070	-0.830718	0.553255	0.061783	0.014057	-0.090099	0.995834
0.556625	0.828046	0.067141	-0.830654	0.553421	0.061144	0.013473	-0.089805	0.995868
0.557113	0.827700	0.067367	-0.830328	0.553895	0.061280	0.013408	-0.090076	0.995845
0.557622	0.827343	0.067535	-0.829989	0.554404	0.061276	0.013255	-0.090222	0.995833
0.558730	0.826662	0.066717	-0.829251	0.555610	0.060335	0.012808	-0.089036	0.995946
0.559737	0.826048	0.065875	-0.828577	0.556712	0.059430	0.012419	-0.087848	0.996056
0.560464	0.825607	0.065214	-0.828085	0.557473	0.059159	0.012487	-0.087159	0.996116
0.560985	0.825285	0.064813	-0.827723	0.557960	0.059625	0.013044	-0.087096	0.996114
0.561475	0.824961	0.064686	-0.827384	0.558413	0.060086	0.013447	-0.087257	0.996095
0.561679	0.824827	0.064625	-0.827240	0.558584	0.060476	0.013784	-0.087428	0.996075
0.561959	0.824642	0.064555	-0.827054	0.558894	0.060159	0.013530	-0.087197	0.996099
0.562451	0.824312	0.064492	-0.826739	0.559511	0.058747	0.012341	-0.086360	0.996188
