0.400050	-0.886779	0.231479	0.903176	0.424355	0.064774	-0.155669	0.183153	0.970681
0.398983	-0.887728	0.229677	0.902241	0.424762	0.074428	-0.163630	0.177529	0.970417
0.397222	-0.888914	0.228137	0.901228	0.424757	0.085844	-0.173211	0.171504	0.969837
0.395620	-0.889947	0.226892	0.899947	0.424942	0.097573	-0.183251	0.165589	0.969020
0.394528	-0.890732	0.225707	0.898481	0.425424	0.108384	-0.192563	0.160033	0.968147
0.393683	-0.891507	0.224116	0.897354	0.425602	0.116700	-0.199423	0.155168	0.967550
0.392763	-0.892428	0.222058	0.896714	0.425219	0.122853	-0.204061	0.150870	0.967263
0.391306	-0.893611	0.219860	0.896591	0.424038	0.127733	-0.207372	0.147142	0.967133
0.389010	-0.895054	0.218057	0.897138	0.421852	0.131090	-0.209321	0.144632	0.967092
0.386621	-0.896496	0.216378	0.898289	0.419191	0.131738	-0.208806	0.143438	0.967381
0.384777	-0.897557	0.215261	0.899956	0.416619	0.128482	-0.205002	0.144289	0.968068
0.384240	-0.897846	0.215014	0.901575	0.415057	0.122021	-0.198799	0.146967	0.968958
0.384938	-0.897445	0.215444	0.902694	0.414719	0.114678	-0.192266	0.150336	0.969759
0.386428	-0.896538	0.216549	0.903400	0.415233	0.107009	-0.185856	0.154279	0.970389
0.388940	-0.894943	0.218638	0.903685	0.416758	0.098315	-0.179106	0.159341	0.970841
0.393906	-0.892265	0.220684	0.903108	0.420373	0.087655	-0.170981	0.164774	0.971398
0.400839	-0.888515	0.223314	0.901659	0.425780	0.075642	-0.162291	0.171033	0.971807
0.407392	-0.884883	0.225861	0.900174	0.430789	0.064083	-0.154005	0.177208	0.972049
0.411831	-0.882080	0.228758	0.899247	0.434016	0.054635	-0.147477	0.183210	0.971949
0.413939	-0.880350	0.231601	0.898879	0.435477	0.048754	-0.143777	0.188000	0.971589
0.414085	-0.879701	0.233793	0.898875	0.435655	0.047203	-0.143378	0.190605	0.971140
0.413190	-0.879788	0.235046	0.898854	0.435422	0.049699	-0.146069	0.190737	0.970713
0.412261	-0.880118	0.235441	0.898418	0.435639	0.055350	-0.151282	0.188706	0.970311
0.411287	-0.880593	0.235370	0.897489	0.436339	0.064200	-0.159235	0.184837	0.969783
0.408961	-0.881798	0.234912	0.896593	0.436199	0.076487	-0.169915	0.179340	0.969003
