0.697160	-0.712636	0.078220	0.704492	0.701212	0.109510	-0.132890	-0.021240	0.990903
0.697940	-0.711734	0.079467	0.703825	0.702189	0.107523	-0.132329	-0.019113	0.991022
0.698811	-0.710774	0.080399	0.702990	0.703194	0.106410	-0.132170	-0.017841	0.991067
0.699449	-0.710059	0.081165	0.702295	0.703931	0.106127	-0.132491	-0.017229	0.991034
0.699687	-0.709757	0.081748	0.701976	0.704244	0.106162	-0.132920	-0.016894	0.990983
0.699945	-0.709443	0.082269	0.701597	0.704561	0.106562	-0.133563	-0.016868	0.990897
0.700150	-0.709193	0.082678	0.701343	0.704819	0.106528	-0.133822	-0.016600	0.990866
0.700079	-0.709234	0.082923	0.701449	0.704790	0.106017	-0.133634	-0.016054	0.990901
0.699942	-0.709378	0.082855	0.701670	0.704654	0.105458	-0.133194	-0.015678	0.990966
0.699724	-0.709619	0.082628	0.701981	0.704417	0.104975	-0.132697	-0.015451	0.991036
0.699612	-0.709779	0.082197	0.702086	0.704241	0.105448	-0.132732	-0.016064	0.991022
0.699544	-0.709969	0.081135	0.702243	0.704026	0.105840	-0.132264	-0.017064	0.991068
0.699287	-0.710289	0.080544	0.702651	0.703705	0.105264	-0.131447	-0.017016	0.991177
0.698873	-0.710723	0.080312	0.703229	0.703282	0.104226	-0.130558	-0.016363	0.991306
0.698533	-0.711089	0.080024	0.703668	0.702917	0.103725	-0.130008	-0.016145	0.991382
0.698379	-0.711267	0.079789	0.703862	0.702735	0.103639	-0.129785	-0.016219	0.991409
0.698428	-0.711231	0.079676	0.703787	0.702764	0.103960	-0.129933	-0.016534	0.991385
0.698450	-0.711225	0.079543	0.703758	0.702764	0.104151	-0.129974	-0.016766	0.991376
0.698351	-0.711341	0.079376	0.703938	0.702653	0.103685	-0.129529	-0.016533	0.991438
0.698097	-0.711580	0.079463	0.704332	0.702432	0.102494	-0.128750	-0.015582	0.991555
0.697960	-0.711723	0.079386	0.704644	0.702306	0.101207	-0.127784	-0.014699	0.991693
0.698092	-0.711638	0.078988	0.704708	0.702403	0.100084	-0.126705	-0.014204	0.991839
0.698352	-0.711407	0.078768	0.704639	0.702650	0.098829	-0.125654	-0.013515	0.991982
0.698478	-0.711291	0.078702	0.704737	0.702789	0.097127	-0.124397	-0.012377	0.992155
0.698559	-0.711174	0.079042	0.704832	0.702931	0.095393	-0.123402	-0.010927	0.992297
0.698322	-0.711329	0.079728	0.705109	0.702792	0.094366	-0.123158	-0.009681	0.992340
