0.778514	-0.617619	0.111636	0.622154	0.782858	-0.007587	-0.082709	0.075361	0.993720
0.778928	-0.615762	0.118778	0.619949	0.784639	0.002153	-0.094524	0.071959	0.992918
0.779430	-0.613977	0.124585	0.617297	0.786596	0.014545	-0.106928	0.065569	0.992102
0.779181	-0.612982	0.130880	0.614979	0.787995	0.029393	-0.121150	0.057585	0.990962
0.778490	-0.612299	0.137996	0.612604	0.789090	0.045312	-0.136635	0.049262	0.989396
0.778138	-0.611094	0.145140	0.609583	0.790452	0.059946	-0.151359	0.041829	0.987594
0.777704	-0.610160	0.151263	0.607022	0.791453	0.071595	-0.163402	0.036140	0.985897
0.777452	-0.609329	0.155839	0.604687	0.792308	0.081248	-0.172980	0.031067	0.984435
0.777234	-0.608530	0.159995	0.602640	0.793057	0.088796	-0.180920	0.027404	0.983116
0.776696	-0.608319	0.163372	0.601190	0.793336	0.095850	-0.187917	0.023771	0.981897
0.775137	-0.609550	0.166169	0.601269	0.792479	0.102241	-0.194006	0.020661	0.980783
0.772534	-0.612306	0.168145	0.602939	0.790420	0.108170	-0.199138	0.017816	0.979809
0.769929	-0.615350	0.168978	0.605240	0.788094	0.112217	-0.202223	0.015873	0.979211
0.768022	-0.617926	0.168253	0.607544	0.786096	0.113767	-0.202563	0.014846	0.979157
0.767218	-0.619566	0.165872	0.609282	0.784817	0.113302	-0.200377	0.014136	0.979617
0.767317	-0.620558	0.161653	0.610682	0.784045	0.111093	-0.195682	0.013475	0.980575
0.767650	-0.621250	0.157358	0.611867	0.783503	0.108361	-0.190610	0.013099	0.981578
0.768061	-0.621901	0.152713	0.613021	0.782994	0.105478	-0.185170	0.012603	0.982626
0.768389	-0.622699	0.147727	0.614292	0.782371	0.102666	-0.179508	0.011860	0.983685
0.769237	-0.622832	0.142670	0.614876	0.782279	0.099833	-0.173787	0.010929	0.984723
0.770792	-0.622198	0.136928	0.614569	0.782808	0.097549	-0.167883	0.008962	0.985766
0.772793	-0.621461	0.128755	0.613926	0.783433	0.096583	-0.160893	0.004407	0.986962
0.774586	-0.621035	0.119717	0.613444	0.783782	0.096811	-0.153955	-0.001548	0.988077
0.775734	-0.621212	0.111052	0.613487	0.783603	0.097982	-0.147888	-0.007879	0.988973
0.775987	-0.622117	0.103996	0.614169	0.782803	0.100076	-0.143667	-0.013787	0.989530
