0.964675	-0.176025	-0.196001	0.224880	0.937765	0.264624	0.137223	-0.299353	0.944223
0.964656	-0.175979	-0.196136	0.224860	0.937803	0.264505	0.137390	-0.299260	0.944229
0.964493	-0.176214	-0.196726	0.225130	0.938008	0.263547	0.138090	-0.298479	0.944374
0.964508	-0.176216	-0.196651	0.225087	0.938061	0.263394	0.138057	-0.298309	0.944432
0.964495	-0.175864	-0.197030	0.224851	0.938138	0.263322	0.138532	-0.298275	0.944373
0.964543	-0.175493	-0.197127	0.224514	0.938230	0.263285	0.138746	-0.298207	0.944363
0.964620	-0.175353	-0.196872	0.224242	0.938405	0.262889	0.138648	-0.297735	0.944527
0.964711	-0.175200	-0.196567	0.224000	0.938461	0.262898	0.138411	-0.297652	0.944588
0.964757	-0.175096	-0.196431	0.223952	0.938289	0.263550	0.138163	-0.298253	0.944434
0.964782	-0.175013	-0.196384	0.223949	0.938114	0.264175	0.137996	-0.298851	0.944270
0.964807	-0.175069	-0.196211	0.224001	0.938005	0.264519	0.137738	-0.299162	0.944209
0.964812	-0.175024	-0.196228	0.223968	0.938001	0.264562	0.137758	-0.299201	0.944194
0.964758	-0.175157	-0.196371	0.224122	0.938002	0.264426	0.137880	-0.299118	0.944202
0.964712	-0.175406	-0.196375	0.224330	0.938020	0.264187	0.137864	-0.298917	0.944268
0.964703	-0.175269	-0.196544	0.224244	0.938050	0.264153	0.138070	-0.298903	0.944242
0.964710	-0.175018	-0.196733	0.224092	0.938021	0.264383	0.138268	-0.299140	0.944138
0.964703	-0.174959	-0.196818	0.224103	0.937939	0.264668	0.138297	-0.299434	0.944041
0.964692	-0.174856	-0.196963	0.224049	0.937948	0.264681	0.138460	-0.299465	0.944007
0.964769	-0.174351	-0.197037	0.223571	0.938079	0.264619	0.138699	-0.299347	0.944009
0.964816	-0.173980	-0.197134	0.223235	0.938170	0.264581	0.138913	-0.299279	0.944000
0.964828	-0.173822	-0.197215	0.223105	0.938203	0.264573	0.139039	-0.299267	0.943985
0.964800	-0.173922	-0.197263	0.223214	0.938183	0.264551	0.139057	-0.299271	0.943981
0.964750	-0.174044	-0.197399	0.223368	0.938160	0.264504	0.139156	-0.299273	0.943966
