0.965127	-0.203559	-0.164605	0.244472	0.925699	0.288643	0.093618	-0.318818	0.943181
0.965045	-0.204145	-0.164355	0.244930	0.925651	0.288410	0.093258	-0.318584	0.943296
0.965057	-0.204436	-0.163923	0.245083	0.925567	0.288549	0.092732	-0.318641	0.943328
0.964787	-0.205877	-0.163711	0.246316	0.925495	0.287728	0.092277	-0.317921	0.943616
0.964604	-0.206688	-0.163765	0.247058	0.925467	0.287181	0.092202	-0.317476	0.943773
0.964611	-0.206490	-0.163972	0.246914	0.925572	0.286966	0.092512	-0.317298	0.943803
0.964718	-0.205800	-0.164213	0.246408	0.925457	0.287770	0.092749	-0.318081	0.943516
0.964745	-0.205544	-0.164372	0.246361	0.925007	0.289255	0.092591	-0.319552	0.943034
0.964754	-0.205284	-0.164644	0.246330	0.924600	0.290579	0.092578	-0.320894	0.942580
0.964793	-0.204887	-0.164909	0.246049	0.924635	0.290707	0.092918	-0.321048	0.942494
0.964927	-0.204351	-0.164792	0.245486	0.924816	0.290605	0.093017	-0.320867	0.942546
0.965084	-0.204065	-0.164228	0.245067	0.924806	0.290993	0.092497	-0.321079	0.942524
0.965292	-0.203958	-0.163133	0.244623	0.924868	0.291166	0.091491	-0.320966	0.942661
0.965273	-0.203978	-0.163220	0.244669	0.924864	0.291141	0.091570	-0.320966	0.942654
0.965338	-0.203848	-0.163000	0.244471	0.924922	0.291123	0.091417	-0.320881	0.942697
0.965412	-0.203664	-0.162792	0.244237	0.924949	0.291235	0.091260	-0.320922	0.942699
0.965518	-0.203127	-0.162834	0.243756	0.925013	0.291434	0.091425	-0.321076	0.942630
0.965640	-0.202580	-0.162792	0.243232	0.925109	0.291569	0.091534	-0.321147	0.942595
0.965735	-0.202148	-0.162763	0.242757	0.925398	0.291047	0.091786	-0.320586	0.942762
0.965626	-0.202503	-0.162970	0.243077	0.925596	0.290148	0.092089	-0.319789	0.943003
0.965525	-0.202648	-0.163389	0.243336	0.925580	0.289982	0.092465	-0.319744	0.942982
