0.968646	-0.169625	-0.181529	0.214137	0.940504	0.263813	0.125979	-0.294413	0.947339
0.968593	-0.168987	-0.182401	0.213711	0.940748	0.263289	0.127101	-0.294001	0.947316
0.968573	-0.168623	-0.182846	0.213515	0.940744	0.263462	0.127586	-0.294223	0.947183
0.968438	-0.168719	-0.183470	0.213791	0.940692	0.263424	0.128144	-0.294334	0.947073
0.968279	-0.168791	-0.184243	0.214048	0.940728	0.263087	0.128916	-0.294179	0.947016
0.968255	-0.168767	-0.184393	0.214030	0.940815	0.262790	0.129129	-0.293913	0.947069
0.968300	-0.168350	-0.184537	0.213732	0.940751	0.263262	0.129283	-0.294358	0.946910
0.968395	-0.168025	-0.184336	0.213431	0.940664	0.263817	0.129070	-0.294822	0.946795
0.968434	-0.167879	-0.184260	0.213318	0.940583	0.264194	0.128960	-0.295161	0.946705
0.968467	-0.167756	-0.184199	0.213207	0.940553	0.264393	0.128895	-0.295328	0.946661
0.968549	-0.167669	-0.183848	0.213030	0.940565	0.264491	0.128574	-0.295337	0.946702
0.968548	-0.167613	-0.183903	0.212967	0.940631	0.264308	0.128684	-0.295160	0.946742
0.968525	-0.167838	-0.183819	0.213132	0.940653	0.264095	0.128585	-0.294960	0.946818
0.968514	-0.168246	-0.183504	0.213445	0.940556	0.264188	0.128148	-0.295038	0.946853
0.968804	-0.168783	-0.181470	0.213398	0.940467	0.264543	0.126016	-0.295016	0.947146
0.968924	-0.168041	-0.181515	0.212912	0.940112	0.266191	0.125914	-0.296566	0.946676
0.968799	-0.168216	-0.182024	0.213211	0.940098	0.266003	0.126375	-0.296513	0.946631
0.968680	-0.168470	-0.182420	0.213533	0.940120	0.265664	0.126740	-0.296296	0.946650
0.968494	-0.169005	-0.182914	0.214109	0.940184	0.264975	0.127190	-0.295790	0.946747
0.968353	-0.169497	-0.183204	0.214526	0.940401	0.263865	0.127560	-0.294816	0.947001
0.968335	-0.169383	-0.183403	0.214341	0.940722	0.262869	0.128006	-0.293856	0.947240
