0.988238	-0.011799	0.152465	0.045945	0.973864	-0.222438	-0.145856	0.226827	0.962952
0.989148	-0.015921	0.146057	0.048250	0.974175	-0.220577	-0.138773	0.225230	0.964372
0.989996	-0.019385	0.139760	0.049884	0.974634	-0.218173	-0.131985	0.222962	0.965851
0.990802	-0.021929	0.133534	0.050705	0.975053	-0.216102	-0.125463	0.220885	0.967196
0.991403	-0.023816	0.128658	0.051288	0.975341	-0.214662	-0.120373	0.219415	0.968177
0.991888	-0.025544	0.124523	0.051948	0.975522	-0.213678	-0.116017	0.218413	0.968935
0.992266	-0.026378	0.121295	0.052097	0.975430	-0.214059	-0.112668	0.218723	0.969261
0.992814	-0.025424	0.116934	0.050351	0.975213	-0.215465	-0.108558	0.219804	0.969485
0.993201	-0.023465	0.114022	0.047761	0.975379	-0.215302	-0.106162	0.219284	0.969868
0.993452	-0.021751	0.112162	0.045581	0.975656	-0.214517	-0.104766	0.218225	0.970259
0.993481	-0.020867	0.112071	0.044655	0.975775	-0.214171	-0.104887	0.217779	0.970346
0.993508	-0.021042	0.111802	0.044743	0.975820	-0.213946	-0.104596	0.217559	0.970426
0.993449	-0.021842	0.112170	0.045565	0.975872	-0.213536	-0.104799	0.217248	0.970474
0.993301	-0.023741	0.113092	0.047615	0.975812	-0.213361	-0.105291	0.217317	0.970406
0.993240	-0.025874	0.113157	0.049734	0.975688	-0.213445	-0.104884	0.217630	0.970380
0.993310	-0.027091	0.112257	0.050746	0.975605	-0.213587	-0.103733	0.217855	0.970453
0.993506	-0.027997	0.110284	0.051218	0.975546	-0.213744	-0.101603	0.218004	0.970645
0.993760	-0.028642	0.107801	0.051296	0.975559	-0.213668	-0.099047	0.217864	0.970940
0.994096	-0.029475	0.104426	0.051307	0.975698	-0.213027	-0.095609	0.217127	0.971450
0.994309	-0.030503	0.102071	0.051731	0.975833	-0.212306	-0.093128	0.216379	0.971858
0.994440	-0.031510	0.100480	0.052332	0.975891	-0.211891	-0.091381	0.215972	0.972114
0.994443	-0.031744	0.100380	0.052572	0.975804	-0.212234	-0.091214	0.216332	0.972050
0.994421	-0.031121	0.100785	0.052083	0.975750	-0.212600	-0.091724	0.216663	0.971928
0.994446	-0.030182	0.100831	0.051224	0.975677	-0.213144	-0.091945	0.217126	0.971804
0.994501	-0.030311	0.100246	0.051287	0.975523	-0.213835	-0.091311	0.217800	0.971713
