0.978682	-0.135715	-0.154155	0.169317	0.957972	0.231562	0.116250	-0.252726	0.960529
0.978579	-0.135764	-0.154765	0.169478	0.958031	0.231200	0.116881	-0.252476	0.960518
0.978506	-0.136006	-0.155013	0.169781	0.957974	0.231216	0.117052	-0.252565	0.960474
0.978478	-0.136032	-0.155166	0.169863	0.957925	0.231356	0.117165	-0.252733	0.960416
0.978465	-0.135813	-0.155438	0.169745	0.957894	0.231571	0.117443	-0.252969	0.960320
0.978431	-0.135730	-0.155727	0.169768	0.957830	0.231818	0.117695	-0.253255	0.960213
0.978408	-0.135804	-0.155805	0.169912	0.957704	0.232235	0.117676	-0.253694	0.960100
0.978422	-0.135660	-0.155844	0.169808	0.957669	0.232455	0.117712	-0.253903	0.960040
0.978398	-0.135608	-0.156040	0.169824	0.957633	0.232590	0.117888	-0.254065	0.959976
0.978389	-0.135833	-0.155899	0.170022	0.957573	0.232695	0.117677	-0.254173	0.959973
0.978401	-0.135957	-0.155716	0.170110	0.957527	0.232818	0.117449	-0.254278	0.959973
0.978420	-0.136025	-0.155538	0.170162	0.957456	0.233073	0.117217	-0.254510	0.959940
0.978355	-0.136434	-0.155587	0.170587	0.957357	0.233169	0.117140	-0.254663	0.959909
0.978418	-0.136682	-0.154973	0.170738	0.957192	0.233733	0.116392	-0.255148	0.959871
0.978647	-0.136346	-0.153819	0.170175	0.957159	0.234280	0.115286	-0.255454	0.959923
0.978806	-0.135847	-0.153244	0.169594	0.957147	0.234750	0.114787	-0.255764	0.959901
0.978863	-0.135722	-0.152991	0.169429	0.957128	0.234946	0.114544	-0.255901	0.959893
0.978824	-0.135755	-0.153211	0.169486	0.957184	0.234675	0.114793	-0.255672	0.959924
0.978840	-0.135152	-0.153645	0.168934	0.957437	0.234042	0.115474	-0.255045	0.960009
0.978831	-0.134269	-0.154475	0.168173	0.957797	0.233117	0.116655	-0.254161	0.960101
0.978743	-0.133610	-0.155600	0.167750	0.958008	0.232551	0.117995	-0.253709	0.960057
0.978754	-0.131246	-0.157529	0.166020	0.958145	0.233228	0.120325	-0.254425	0.959578
0.978791	-0.130250	-0.158124	0.165229	0.958225	0.233463	0.121110	-0.254638	0.959423
