0.965524	-0.171695	-0.195665	0.220609	0.938698	0.264909	0.138187	-0.298942	0.944213
0.965499	-0.171728	-0.195760	0.220654	0.938720	0.264794	0.138291	-0.298854	0.944225
0.965462	-0.171659	-0.196001	0.220645	0.938751	0.264693	0.138559	-0.298798	0.944204
0.965510	-0.169743	-0.197430	0.219241	0.939044	0.264820	0.140444	-0.298971	0.943870
0.965722	-0.168289	-0.197637	0.217946	0.939241	0.265192	0.140999	-0.299176	0.943723
0.965880	-0.167436	-0.197586	0.217107	0.939423	0.265234	0.141207	-0.299082	0.943722
0.965961	-0.167167	-0.197420	0.216811	0.939460	0.265344	0.141111	-0.299115	0.943725
0.965972	-0.167304	-0.197250	0.216897	0.939431	0.265378	0.140904	-0.299131	0.943752
0.966007	-0.168031	-0.196459	0.217401	0.939236	0.265656	0.139883	-0.299336	0.943838
0.965934	-0.169092	-0.195906	0.218278	0.939004	0.265756	0.139019	-0.299465	0.943925
0.965766	-0.170175	-0.195799	0.219236	0.938896	0.265348	0.138679	-0.299190	0.944062
0.965700	-0.170712	-0.195656	0.219778	0.938649	0.265773	0.138282	-0.299657	0.943972
0.965672	-0.170909	-0.195619	0.220089	0.938321	0.266674	0.137976	-0.300573	0.943726
0.965699	-0.170849	-0.195541	0.220117	0.938098	0.267434	0.137745	-0.301302	0.943527
0.965677	-0.170870	-0.195629	0.220162	0.938095	0.267408	0.137826	-0.301300	0.943516
0.965706	-0.170908	-0.195456	0.220107	0.938181	0.267149	0.137715	-0.301008	0.943625
0.965720	-0.170731	-0.195537	0.219871	0.938411	0.266537	0.137988	-0.300394	0.943781
0.965724	-0.170713	-0.195538	0.219765	0.938607	0.265934	0.138135	-0.299791	0.943951
0.965714	-0.170804	-0.195504	0.219830	0.938616	0.265849	0.138095	-0.299712	0.943982
0.965647	-0.170936	-0.195721	0.220028	0.938564	0.265866	0.138251	-0.299797	0.943932
0.965525	-0.171268	-0.196033	0.220445	0.938474	0.265841	0.138442	-0.299891	0.943875
0.965517	-0.171553	-0.195820	0.220629	0.938482	0.265658	0.138199	-0.299701	0.943971
0.965543	-0.171658	-0.195600	0.220638	0.938527	0.265492	0.138002	-0.299501	0.944063
