0.971390	-0.146637	-0.186810	0.195451	0.940453	0.278115	0.134905	-0.306670	0.942207
0.971433	-0.145933	-0.187140	0.194900	0.940512	0.278300	0.135395	-0.306823	0.942087
0.971416	-0.145566	-0.187514	0.194666	0.940555	0.278320	0.135853	-0.306867	0.942007
0.971368	-0.145734	-0.187632	0.194853	0.940541	0.278235	0.135927	-0.306829	0.942008
0.971251	-0.146341	-0.187767	0.195423	0.940548	0.277812	0.135949	-0.306519	0.942106
0.971144	-0.146663	-0.188068	0.195840	0.940440	0.277884	0.136111	-0.306697	0.942025
0.971081	-0.146897	-0.188210	0.196135	0.940331	0.278046	0.136136	-0.306919	0.941949
0.971068	-0.147170	-0.188063	0.196361	0.940266	0.278105	0.135901	-0.306987	0.941961
0.971067	-0.147238	-0.188015	0.196425	0.940225	0.278198	0.135815	-0.307079	0.941943
0.971084	-0.147228	-0.187934	0.196381	0.940254	0.278133	0.135757	-0.306997	0.941978
0.971072	-0.147432	-0.187835	0.196543	0.940230	0.278099	0.135608	-0.306972	0.942008
0.971023	-0.147668	-0.187905	0.196794	0.940175	0.278107	0.135596	-0.307027	0.941992
0.970975	-0.147801	-0.188047	0.196948	0.940181	0.277975	0.135714	-0.306943	0.942002
0.970849	-0.148042	-0.188509	0.197314	0.940132	0.277884	0.136085	-0.306979	0.941937
0.970800	-0.148277	-0.188579	0.197565	0.940077	0.277891	0.136074	-0.307033	0.941921
0.970844	-0.148189	-0.188420	0.197443	0.940076	0.277981	0.135935	-0.307078	0.941926
0.970918	-0.147853	-0.188303	0.197082	0.940148	0.277993	0.135931	-0.307019	0.941946
0.970943	-0.147684	-0.188305	0.196909	0.940206	0.277919	0.136001	-0.306923	0.941967
0.970962	-0.147538	-0.188321	0.196736	0.940316	0.277668	0.136115	-0.306655	0.942038
0.971082	-0.146944	-0.188167	0.196093	0.940490	0.277537	0.136187	-0.306410	0.942107
0.971186	-0.146257	-0.188167	0.195398	0.940695	0.277331	0.136446	-0.306108	0.942168
0.971213	-0.146443	-0.187882	0.195397	0.940881	0.276701	0.136254	-0.305447	0.942410
0.971119	-0.147098	-0.187855	0.195912	0.941001	0.275928	0.136183	-0.304762	0.942642
0.970979	-0.147372	-0.188365	0.196353	0.940877	0.276037	0.136548	-0.305012	0.942509
0.970886	-0.147283	-0.188916	0.196595	0.940511	0.277109	0.136864	-0.306181	0.942084
