0.999554	0.029765	0.002226	-0.029021	0.986574	-0.160715	-0.006980	0.160579	0.986998
0.999586	0.028693	0.002031	-0.027991	0.986523	-0.161213	-0.006629	0.161089	0.986918
0.999627	0.027248	0.001924	-0.026579	0.986503	-0.161575	-0.006301	0.161463	0.986859
0.999662	0.025969	0.001502	-0.025384	0.986499	-0.161787	-0.005683	0.161694	0.986825
0.999674	0.025488	0.001280	-0.024946	0.986512	-0.161780	-0.005386	0.161695	0.986826
0.999676	0.025422	0.001086	-0.024912	0.986525	-0.161702	-0.005182	0.161622	0.986839
0.999681	0.025240	0.000801	-0.024777	0.986487	-0.161958	-0.004878	0.161886	0.986797
0.999671	0.025656	0.000698	-0.025203	0.986445	-0.162143	-0.004848	0.162072	0.986767
0.999641	0.026784	0.000869	-0.026290	0.986453	-0.161923	-0.005194	0.161842	0.986803
0.999607	0.028016	0.000874	-0.027506	0.986464	-0.161653	-0.005391	0.161565	0.986847
0.999581	0.028911	0.001215	-0.028336	0.986479	-0.161418	-0.005866	0.161316	0.986885
0.999577	0.029059	0.000769	-0.028551	0.986389	-0.161930	-0.005464	0.161840	0.986802
0.999566	0.029448	0.000668	-0.028944	0.986176	-0.163154	-0.005464	0.163064	0.986600
0.999552	0.029921	0.000802	-0.029385	0.986028	-0.163966	-0.005696	0.163869	0.986466
0.999548	0.030030	0.001024	-0.029455	0.986019	-0.164009	-0.005935	0.163904	0.986458
0.999567	0.029356	0.001781	-0.028667	0.986059	-0.163910	-0.006568	0.163788	0.986474
0.999599	0.028259	0.001511	-0.027628	0.986053	-0.164123	-0.006128	0.164015	0.986439
0.999616	0.027682	0.001237	-0.027104	0.986095	-0.163959	-0.005758	0.163862	0.986466
0.999620	0.027568	0.000670	-0.027087	0.986132	-0.163738	-0.005175	0.163657	0.986504
0.999622	0.027483	0.000525	-0.027025	0.986093	-0.163980	-0.005024	0.163903	0.986464
0.999636	0.026964	0.000575	-0.026503	0.986059	-0.164271	-0.004996	0.164196	0.986415
0.999650	0.026426	0.000806	-0.025932	0.986015	-0.164627	-0.005145	0.164548	0.986356
0.999642	0.026717	0.001093	-0.026171	0.985973	-0.164840	-0.005482	0.164753	0.986320
0.999609	0.027942	0.001227	-0.027357	0.985923	-0.164947	-0.005819	0.164849	0.986302
0.999586	0.028752	0.001421	-0.028124	0.985900	-0.164955	-0.006144	0.164847	0.986300
