0.966703	-0.161621	-0.198403	0.212725	0.938497	0.271977	0.142244	-0.305126	0.941629
0.966537	-0.161734	-0.199119	0.213049	0.938443	0.271908	0.142885	-0.305232	0.941497
0.966333	-0.162016	-0.199880	0.213516	0.938427	0.271598	0.143570	-0.305132	0.941426
0.966191	-0.162454	-0.200211	0.213967	0.938472	0.271086	0.143853	-0.304759	0.941503
0.966143	-0.162626	-0.200300	0.214077	0.938607	0.270531	0.144008	-0.304252	0.941644
0.966166	-0.162414	-0.200363	0.213839	0.938761	0.270188	0.144210	-0.303892	0.941729
0.966176	-0.162222	-0.200468	0.213677	0.938813	0.270133	0.144381	-0.303832	0.941722
0.966156	-0.162299	-0.200502	0.213786	0.938743	0.270290	0.144352	-0.304007	0.941670
0.966047	-0.162646	-0.200747	0.214159	0.938735	0.270024	0.144530	-0.303847	0.941694
0.965975	-0.162700	-0.201050	0.214261	0.938798	0.269723	0.144861	-0.303623	0.941716
0.965916	-0.162825	-0.201231	0.214383	0.938873	0.269363	0.145071	-0.303323	0.941780
0.965989	-0.162151	-0.201427	0.213743	0.939104	0.269068	0.145531	-0.302970	0.941823
0.966204	-0.160390	-0.201806	0.212192	0.939380	0.269333	0.146374	-0.303052	0.941665
0.966571	-0.158384	-0.201630	0.210340	0.939511	0.270326	0.146618	-0.303700	0.941419
0.966696	-0.157787	-0.201501	0.209773	0.939539	0.270668	0.146610	-0.303923	0.941348
0.966718	-0.157357	-0.201730	0.209417	0.939638	0.270602	0.146973	-0.303841	0.941318
0.966678	-0.157354	-0.201924	0.209474	0.939627	0.270594	0.147154	-0.303875	0.941279
0.966647	-0.157568	-0.201906	0.209680	0.939573	0.270624	0.147064	-0.303933	0.941274
0.966644	-0.157546	-0.201937	0.209648	0.939619	0.270488	0.147130	-0.303802	0.941306
0.966648	-0.157500	-0.201954	0.209615	0.939614	0.270531	0.147151	-0.303841	0.941290
0.966673	-0.157500	-0.201834	0.209603	0.939571	0.270691	0.147004	-0.303975	0.941270
0.966865	-0.157012	-0.201292	0.208987	0.939655	0.270875	0.146614	-0.303967	0.941333
