0.959319	0.193554	0.205533	-0.130046	0.949118	-0.286816	-0.250590	0.248419	0.935678
0.959344	0.193445	0.205518	-0.130005	0.949196	-0.286577	-0.250513	0.248207	0.935754
0.959423	0.193246	0.205337	-0.129920	0.949278	-0.286342	-0.250257	0.248045	0.935866
0.959390	0.193254	0.205482	-0.129895	0.949289	-0.286317	-0.250394	0.247998	0.935842
0.959415	0.193224	0.205398	-0.129858	0.949261	-0.286428	-0.250320	0.248130	0.935826
0.959419	0.193259	0.205343	-0.129828	0.949175	-0.286727	-0.250319	0.248432	0.935747
0.959433	0.193140	0.205393	-0.129634	0.949131	-0.286959	-0.250368	0.248692	0.935665
0.959356	0.193243	0.205653	-0.129654	0.949112	-0.287011	-0.250651	0.248682	0.935591
0.959254	0.193731	0.205669	-0.130159	0.949073	-0.286914	-0.250779	0.248453	0.935618
0.959197	0.194108	0.205579	-0.130558	0.949020	-0.286906	-0.250790	0.248359	0.935640
0.959394	0.193870	0.204884	-0.130415	0.948939	-0.287241	-0.250110	0.248857	0.935690
0.959291	0.194276	0.204985	-0.130762	0.948859	-0.287345	-0.250326	0.248843	0.935636
0.959289	0.194566	0.204715	-0.131269	0.948958	-0.286789	-0.250065	0.248240	0.935865
0.959295	0.194782	0.204481	-0.131617	0.948992	-0.286515	-0.249859	0.247940	0.936000
0.959348	0.194871	0.204151	-0.131795	0.948972	-0.286499	-0.249564	0.247946	0.936077
0.959372	0.195100	0.203817	-0.132140	0.948958	-0.286387	-0.249288	0.247819	0.936184
0.959474	0.195147	0.203293	-0.132460	0.949069	-0.285873	-0.248727	0.247359	0.936455
0.959459	0.195428	0.203090	-0.132814	0.949045	-0.285787	-0.248592	0.247228	0.936526
0.959322	0.196018	0.203172	-0.133361	0.948950	-0.285846	-0.248831	0.247123	0.936490
0.959311	0.196432	0.202820	-0.133904	0.948921	-0.285689	-0.248579	0.246906	0.936614
0.959196	0.196847	0.202962	-0.134315	0.948907	-0.285545	-0.248801	0.246633	0.936627
0.959165	0.196936	0.203023	-0.134448	0.948956	-0.285318	-0.248849	0.246371	0.936683
0.959140	0.196982	0.203099	-0.134547	0.949026	-0.285039	-0.248894	0.246066	0.936751
0.959205	0.196888	0.202880	-0.134591	0.949110	-0.284738	-0.248617	0.245816	0.936891
0.959248	0.196808	0.202756	-0.134609	0.949181	-0.284493	-0.248442	0.245607	0.936992
0.959267	0.196660	0.202810	-0.134445	0.949199	-0.284508	-0.248458	0.245652	0.936976
