0.978348	-0.138274	-0.153997	0.171924	0.957218	0.232758	0.115224	-0.254194	0.960265
0.978302	-0.138426	-0.154156	0.172146	0.957114	0.233020	0.115289	-0.254501	0.960176
0.978332	-0.138293	-0.154082	0.172032	0.957064	0.233309	0.115202	-0.254761	0.960117
0.978405	-0.137826	-0.154038	0.171636	0.956986	0.233919	0.115172	-0.255306	0.959976
0.978486	-0.137719	-0.153616	0.171424	0.957021	0.233935	0.114797	-0.255235	0.960040
0.978529	-0.138062	-0.153038	0.171617	0.956970	0.234002	0.114146	-0.255241	0.960116
0.978460	-0.138992	-0.152632	0.172488	0.956675	0.234564	0.113417	-0.255839	0.960043
0.978465	-0.139647	-0.152005	0.173024	0.956456	0.235063	0.112560	-0.256302	0.960021
0.978610	-0.139550	-0.151158	0.172735	0.956448	0.235307	0.111738	-0.256384	0.960095
0.978769	-0.138831	-0.150789	0.171932	0.956605	0.235259	0.111584	-0.256189	0.960165
0.978886	-0.138156	-0.150649	0.171187	0.956839	0.234848	0.111702	-0.255678	0.960287
0.978955	-0.137702	-0.150616	0.170729	0.956934	0.234795	0.111798	-0.255568	0.960305
0.978947	-0.137473	-0.150878	0.170608	0.956881	0.235100	0.112052	-0.255892	0.960189
0.978829	-0.137768	-0.151375	0.171166	0.956489	0.236288	0.112236	-0.257195	0.959820
0.978559	-0.138856	-0.152123	0.172360	0.956408	0.235743	0.112758	-0.256909	0.959835
0.978401	-0.139090	-0.152921	0.172687	0.956582	0.234800	0.113623	-0.256136	0.959940
0.978315	-0.138926	-0.153622	0.172681	0.956641	0.234562	0.114375	-0.256003	0.959886
0.978262	-0.138551	-0.154293	0.172495	0.956664	0.234607	0.115102	-0.256122	0.959767
0.978238	-0.138276	-0.154695	0.172353	0.956643	0.234796	0.115521	-0.256348	0.959656
0.978191	-0.138268	-0.154998	0.172416	0.956648	0.234727	0.115823	-0.256332	0.959624
0.978186	-0.138254	-0.155045	0.172387	0.956710	0.234497	0.115913	-0.256109	0.959673
0.978234	-0.137868	-0.155081	0.172005	0.956807	0.234381	0.116069	-0.255954	0.959695
0.978278	-0.137465	-0.155164	0.171660	0.956814	0.234607	0.116213	-0.256146	0.959627
