0.922709	0.134258	0.361363	-0.050708	0.971520	-0.231470	-0.382148	0.195255	0.903238
0.922565	0.134324	0.361705	-0.050721	0.971531	-0.231421	-0.382493	0.195155	0.903113
0.922508	0.135608	0.361372	-0.052211	0.971487	-0.231275	-0.382431	0.194485	0.903284
0.922620	0.136695	0.360674	-0.053729	0.971525	-0.230765	-0.381949	0.193530	0.903693
0.922818	0.136921	0.360082	-0.054237	0.971573	-0.230442	-0.381398	0.193126	0.904012
0.922833	0.137542	0.359807	-0.054702	0.971407	-0.231034	-0.381296	0.193523	0.903970
0.923047	0.138202	0.359006	-0.055177	0.971153	-0.231985	-0.380711	0.194324	0.904045
0.923629	0.138102	0.357543	-0.055148	0.971009	-0.232593	-0.379299	0.195112	0.904469
0.923842	0.137306	0.357299	-0.054301	0.971020	-0.232748	-0.378902	0.195621	0.904525
0.924060	0.136410	0.357080	-0.053460	0.971096	-0.232627	-0.378491	0.195872	0.904643
0.924030	0.136074	0.357285	-0.053341	0.971262	-0.231957	-0.378580	0.195278	0.904734
0.923986	0.136322	0.357305	-0.053840	0.971373	-0.231378	-0.378618	0.194552	0.904874
0.923691	0.137243	0.357713	-0.054762	0.971348	-0.231267	-0.379203	0.194031	0.904741
0.923508	0.137522	0.358079	-0.054948	0.971323	-0.231327	-0.379623	0.193957	0.904581
0.923344	0.137483	0.358517	-0.054461	0.971153	-0.232154	-0.380093	0.194833	0.904196
0.923295	0.137607	0.358595	-0.054056	0.970881	-0.233385	-0.380269	0.196099	0.903848
0.923251	0.137381	0.358796	-0.053418	0.970714	-0.234225	-0.380466	0.197082	0.903551
0.923095	0.136592	0.359497	-0.052433	0.970770	-0.234213	-0.380981	0.197352	0.903275
0.922895	0.135901	0.360270	-0.051849	0.970984	-0.233455	-0.381544	0.196775	0.903163
0.922829	0.135778	0.360488	-0.051976	0.971152	-0.232728	-0.381688	0.196032	0.903264
0.922699	0.136098	0.360700	-0.052445	0.971229	-0.232303	-0.381938	0.195429	0.903289
0.922453	0.136320	0.361244	-0.052569	0.971230	-0.232270	-0.382514	0.195268	0.903080
0.922355	0.136341	0.361486	-0.052286	0.971104	-0.232859	-0.382788	0.195878	0.902832
0.922499	0.136139	0.361195	-0.051806	0.970941	-0.233645	-0.382507	0.196825	0.902745
0.922564	0.136412	0.360925	-0.051777	0.970727	-0.234539	-0.382354	0.197690	0.902621
