0.967785	-0.164480	-0.190629	0.212630	0.939390	0.268950	0.134838	-0.300819	0.944101
0.967765	-0.164468	-0.190741	0.212643	0.939408	0.268878	0.134962	-0.300771	0.944099
0.967794	-0.164355	-0.190686	0.212533	0.939402	0.268988	0.134921	-0.300852	0.944079
0.967786	-0.164151	-0.190903	0.212383	0.939472	0.268861	0.135215	-0.300745	0.944071
0.967781	-0.163968	-0.191089	0.212265	0.939496	0.268871	0.135441	-0.300770	0.944030
0.967774	-0.164081	-0.191025	0.212362	0.939459	0.268922	0.135335	-0.300822	0.944029
0.967797	-0.163992	-0.190985	0.212253	0.939503	0.268853	0.135341	-0.300732	0.944057
0.967801	-0.163857	-0.191080	0.212125	0.939586	0.268666	0.135514	-0.300548	0.944090
0.967829	-0.163894	-0.190909	0.212070	0.939673	0.268406	0.135402	-0.300257	0.944199
0.967829	-0.164147	-0.190692	0.212149	0.939854	0.267708	0.135279	-0.299550	0.944441
0.967842	-0.164263	-0.190525	0.212129	0.940021	0.267137	0.135216	-0.298962	0.944637
0.967868	-0.164081	-0.190547	0.212028	0.939906	0.267621	0.135184	-0.299423	0.944495
0.967969	-0.163938	-0.190159	0.211847	0.939791	0.268165	0.134748	-0.299861	0.944419
0.968062	-0.163637	-0.189944	0.211476	0.939902	0.268073	0.134662	-0.299680	0.944488
0.968126	-0.163235	-0.189965	0.210990	0.940212	0.267365	0.134964	-0.298924	0.944685
0.968322	-0.162817	-0.189321	0.210293	0.940557	0.266701	0.134644	-0.298066	0.945001
0.968491	-0.162191	-0.188997	0.209562	0.940768	0.266533	0.134573	-0.297741	0.945114
0.968684	-0.161384	-0.188694	0.208729	0.940864	0.266848	0.134470	-0.297877	0.945086
0.968805	-0.160505	-0.188825	0.207945	0.940978	0.267057	0.134816	-0.297991	0.945000
0.968954	-0.159513	-0.188902	0.207051	0.941085	0.267375	0.135123	-0.298186	0.944895
0.969031	-0.158710	-0.189185	0.206388	0.941172	0.267581	0.135588	-0.298340	0.944780
0.968778	-0.158857	-0.190352	0.206793	0.941269	0.266924	0.136769	-0.297954	0.944732
0.968567	-0.159503	-0.190882	0.207582	0.941100	0.266908	0.137066	-0.298142	0.944629
