0.951492	0.113745	0.285875	-0.035147	0.963255	-0.266281	-0.305658	0.243316	0.920527
0.951623	0.114118	0.285292	-0.035504	0.963094	-0.266815	-0.305211	0.243778	0.920553
0.951541	0.114389	0.285457	-0.035830	0.963162	-0.266523	-0.305429	0.243380	0.920587
0.951435	0.113951	0.285985	-0.035540	0.963418	-0.265637	-0.305793	0.242572	0.920679
0.951299	0.113878	0.286465	-0.035600	0.963633	-0.264849	-0.306207	0.241752	0.920757
0.951158	0.114353	0.286743	-0.036320	0.963862	-0.263913	-0.306560	0.240609	0.920939
0.951001	0.115206	0.286924	-0.037387	0.964028	-0.263159	-0.306920	0.239538	0.921098
0.950838	0.116481	0.286947	-0.038626	0.963939	-0.263304	-0.307270	0.239276	0.921050
0.950659	0.117625	0.287076	-0.039519	0.963714	-0.263996	-0.307712	0.239625	0.920811
0.950751	0.118052	0.286596	-0.039812	0.963482	-0.264798	-0.307390	0.240347	0.920731
0.950973	0.117729	0.285990	-0.039531	0.963399	-0.265139	-0.306737	0.240835	0.920821
0.951177	0.117399	0.285448	-0.039392	0.963448	-0.264984	-0.306123	0.240802	0.921034
0.951286	0.117184	0.285172	-0.039478	0.963635	-0.264291	-0.305772	0.240158	0.921318
0.951253	0.117214	0.285269	-0.039657	0.963772	-0.263764	-0.305851	0.239593	0.921439
0.951135	0.117194	0.285672	-0.039609	0.963839	-0.263527	-0.306225	0.239334	0.921382
0.950874	0.117618	0.286365	-0.039863	0.963833	-0.263507	-0.307001	0.239147	0.921173
0.950747	0.118178	0.286555	-0.040299	0.963748	-0.263752	-0.307337	0.239214	0.921043
0.950770	0.118393	0.286390	-0.040432	0.963638	-0.264136	-0.307248	0.239553	0.920985
0.950924	0.118089	0.286005	-0.040024	0.963489	-0.264741	-0.306826	0.240302	0.920931
0.951120	0.118124	0.285338	-0.039953	0.963257	-0.265593	-0.306227	0.241210	0.920892
0.951245	0.118010	0.284967	-0.039966	0.963281	-0.265504	-0.305835	0.241170	0.921033
0.951526	0.117464	0.284255	-0.039675	0.963354	-0.265282	-0.305000	0.241145	0.921317
0.951533	0.117115	0.284373	-0.039224	0.963318	-0.265482	-0.305034	0.241461	0.921223
0.951423	0.117393	0.284628	-0.039382	0.963264	-0.265652	-0.305358	0.241539	0.921095
0.951284	0.118094	0.284801	-0.039993	0.963196	-0.265810	-0.305710	0.241471	0.920996
