0.993273	0.101086	0.056487	-0.098554	0.994070	-0.045951	-0.060797	0.040074	0.997345
0.993320	0.100547	0.056616	-0.097956	0.994089	-0.046821	-0.060989	0.040963	0.997298
0.993339	0.100742	0.055943	-0.098175	0.994064	-0.046887	-0.060334	0.041083	0.997332
0.993281	0.101881	0.054883	-0.099319	0.993919	-0.047557	-0.059394	0.041787	0.997360
0.993178	0.102832	0.054988	-0.100211	0.993785	-0.048475	-0.059631	0.042634	0.997310
0.993147	0.102979	0.055258	-0.100273	0.993717	-0.049712	-0.060030	0.043831	0.997234
0.992987	0.103796	0.056602	-0.100931	0.993569	-0.051320	-0.061565	0.045248	0.997077
0.992776	0.105157	0.057772	-0.102168	0.993382	-0.052473	-0.062907	0.046192	0.996950
0.992457	0.107334	0.059226	-0.104177	0.993090	-0.054037	-0.064616	0.047460	0.996781
0.992207	0.109148	0.060105	-0.105818	0.992804	-0.056060	-0.065791	0.049263	0.996617
0.992065	0.110195	0.060539	-0.106753	0.992626	-0.057421	-0.066420	0.050502	0.996513
0.991889	0.111249	0.061486	-0.107741	0.992503	-0.057696	-0.067444	0.050603	0.996439
0.991663	0.112495	0.062843	-0.108910	0.992368	-0.057835	-0.068870	0.050509	0.996346
0.991461	0.113684	0.063878	-0.110019	0.992222	-0.058242	-0.070002	0.050716	0.996257
0.991281	0.114624	0.064993	-0.110856	0.992090	-0.058901	-0.071230	0.051183	0.996146
0.991171	0.115180	0.065685	-0.111338	0.992004	-0.059431	-0.072005	0.051593	0.996069
0.991194	0.114727	0.066118	-0.110778	0.991996	-0.060594	-0.072541	0.052736	0.995970
0.991259	0.114141	0.066171	-0.110031	0.991946	-0.062748	-0.072800	0.054918	0.995833
0.991297	0.113943	0.065928	-0.109640	0.991806	-0.065569	-0.072859	0.057770	0.995668
0.991379	0.113263	0.065877	-0.108836	0.991778	-0.067315	-0.072960	0.059565	0.995555
0.991546	0.111780	0.065898	-0.107252	0.991858	-0.068659	-0.073036	0.061011	0.995461
0.991806	0.109984	0.064996	-0.105391	0.991942	-0.070318	-0.072206	0.062892	0.995405
0.991943	0.109313	0.064023	-0.104657	0.991894	-0.072057	-0.071381	0.064776	0.995344
0.991860	0.110290	0.063644	-0.105565	0.991702	-0.073368	-0.071207	0.066052	0.995272
0.991679	0.111922	0.063612	-0.107127	0.991460	-0.074375	-0.071393	0.066941	0.995199
