0.995269	-0.003366	0.097104	0.026874	0.969950	-0.241817	-0.093372	0.243282	0.965451
0.995228	-0.004487	0.097475	0.028071	0.969879	-0.241965	-0.093453	0.243546	0.965376
0.995217	-0.004435	0.097589	0.028097	0.969754	-0.242460	-0.093562	0.244042	0.965241
0.995261	-0.003381	0.097178	0.026982	0.969751	-0.242601	-0.093419	0.244073	0.965247
0.995255	-0.002746	0.097264	0.026325	0.969921	-0.241992	-0.093674	0.243404	0.965391
0.995191	-0.002979	0.097912	0.026639	0.970098	-0.241245	-0.094265	0.242693	0.965512
0.995177	-0.003463	0.098039	0.027095	0.970205	-0.240766	-0.094284	0.242261	0.965619
0.995297	-0.004191	0.096782	0.027560	0.970030	-0.241417	-0.092870	0.242949	0.965583
0.995422	-0.004534	0.095469	0.027706	0.969671	-0.242837	-0.091472	0.244371	0.965358
0.995561	-0.005658	0.093945	0.028458	0.969564	-0.243178	-0.089710	0.244772	0.965421
0.995611	-0.007167	0.093309	0.029767	0.969532	-0.243149	-0.088723	0.244859	0.965491
0.995608	-0.008407	0.093242	0.030944	0.969535	-0.242989	-0.088359	0.244807	0.965537
0.995569	-0.008311	0.093664	0.030854	0.969810	-0.241901	-0.088825	0.243719	0.965770
0.995482	-0.007371	0.094662	0.030003	0.970317	-0.239969	-0.090084	0.241725	0.966154
0.995391	-0.006093	0.095703	0.028880	0.970692	-0.238584	-0.091444	0.240249	0.966395
0.995282	-0.004976	0.096899	0.028093	0.970687	-0.238702	-0.092870	0.240297	0.966246
0.995304	-0.004630	0.096689	0.027851	0.970315	-0.240237	-0.092706	0.241802	0.965887
0.995364	-0.004869	0.096054	0.028091	0.969885	-0.241936	-0.091983	0.243513	0.965526
0.995426	-0.005536	0.095375	0.028682	0.969585	-0.243069	-0.091129	0.244693	0.965309
0.995470	-0.006422	0.094857	0.029438	0.969504	-0.243299	-0.090402	0.244989	0.965302
0.995495	-0.007167	0.094545	0.030096	0.969460	-0.243395	-0.089913	0.245144	0.965308
0.995586	-0.006967	0.093590	0.029639	0.969544	-0.243118	-0.089046	0.244819	0.965471
0.995596	-0.006683	0.093505	0.029238	0.969837	-0.241994	-0.089067	0.243662	0.965762
0.995554	-0.007004	0.093931	0.029560	0.970086	-0.240956	-0.089434	0.242661	0.965980
0.995554	-0.006044	0.094000	0.028622	0.970163	-0.240757	-0.089740	0.242377	0.966023
