0.998120	0.060050	0.012235	-0.056391	0.978111	-0.200296	-0.023995	0.199229	0.979659
0.998086	0.060563	0.012536	-0.056842	0.978153	-0.199963	-0.024373	0.198868	0.979723
0.998106	0.060244	0.012473	-0.056553	0.978264	-0.199504	-0.024220	0.198421	0.979818
0.998144	0.059582	0.012575	-0.055892	0.978365	-0.199194	-0.024171	0.198121	0.979879
0.998151	0.059560	0.012142	-0.055962	0.978409	-0.198956	-0.023730	0.197908	0.979933
0.998185	0.059177	0.011134	-0.055794	0.978493	-0.198589	-0.022647	0.197608	0.980020
0.998282	0.057660	0.010396	-0.054466	0.978688	-0.197999	-0.021591	0.197093	0.980147
0.998321	0.056986	0.010416	-0.053791	0.978627	-0.198484	-0.021505	0.197591	0.980049
0.998332	0.056824	0.010212	-0.053661	0.978526	-0.199017	-0.021302	0.198137	0.979943
0.998301	0.057344	0.010335	-0.054141	0.978453	-0.199245	-0.021538	0.198346	0.979895
0.998286	0.057542	0.010660	-0.054273	0.978468	-0.199136	-0.021889	0.198216	0.979914
0.998276	0.057656	0.011015	-0.054319	0.978507	-0.198930	-0.022247	0.197988	0.979952
0.998227	0.058441	0.011263	-0.055052	0.978573	-0.198406	-0.022616	0.197435	0.980055
0.998132	0.060118	0.010845	-0.056780	0.978488	-0.198334	-0.022535	0.197348	0.980074
0.998063	0.061350	0.010323	-0.058082	0.978343	-0.198674	-0.022288	0.197690	0.980011
0.998014	0.062141	0.010352	-0.058849	0.978272	-0.198796	-0.022480	0.197791	0.979986
0.997970	0.062881	0.010048	-0.059638	0.978247	-0.198686	-0.022323	0.197684	0.980012
0.997962	0.063171	0.008980	-0.060132	0.978200	-0.198769	-0.021341	0.197824	0.980005
0.997929	0.063778	0.008415	-0.060832	0.978090	-0.199098	-0.020929	0.198174	0.979943
0.997905	0.064166	0.008324	-0.061235	0.978119	-0.198829	-0.020900	0.197903	0.979999
0.997940	0.063626	0.008251	-0.060737	0.978305	-0.198067	-0.020674	0.197158	0.980154
0.997996	0.062697	0.008577	-0.059771	0.978456	-0.197614	-0.020782	0.196705	0.980242
0.998016	0.062407	0.008372	-0.059535	0.978548	-0.197230	-0.020501	0.196340	0.980321
0.997992	0.062856	0.007821	-0.060092	0.978596	-0.196820	-0.020025	0.195955	0.980408
0.998009	0.062662	0.007187	-0.060025	0.978587	-0.196888	-0.019371	0.196064	0.980400
