0.966489	-0.161822	-0.199279	0.213171	0.938442	0.271816	0.143026	-0.305188	0.941490
0.966623	-0.161045	-0.199262	0.212442	0.938550	0.272015	0.143210	-0.305267	0.941437
0.966827	-0.159633	-0.199407	0.211214	0.938642	0.272654	0.143647	-0.305727	0.941221
0.967067	-0.159258	-0.198541	0.210486	0.938980	0.272052	0.143100	-0.304883	0.941578
0.967141	-0.159660	-0.197858	0.210468	0.939352	0.270777	0.142626	-0.303522	0.942089
0.967304	-0.159773	-0.196967	0.210080	0.939858	0.269320	0.142091	-0.301893	0.942693
0.967383	-0.159911	-0.196467	0.209914	0.940169	0.268361	0.141799	-0.300849	0.943071
0.967420	-0.160337	-0.195937	0.210095	0.940259	0.267903	0.141277	-0.300340	0.943311
0.967441	-0.160794	-0.195456	0.210352	0.940275	0.267646	0.140746	-0.300046	0.943484
0.967576	-0.161614	-0.194106	0.210901	0.939825	0.268794	0.138985	-0.301016	0.943437
0.967568	-0.161828	-0.193969	0.211095	0.939727	0.268984	0.138748	-0.301207	0.943411
0.967577	-0.161909	-0.193854	0.211116	0.939765	0.268835	0.138650	-0.301045	0.943477
0.967500	-0.162020	-0.194147	0.211251	0.939857	0.268404	0.138984	-0.300695	0.943539
0.967447	-0.162304	-0.194173	0.211461	0.939954	0.267900	0.139033	-0.300239	0.943677
0.967727	-0.162053	-0.192987	0.210735	0.940343	0.267107	0.138188	-0.299156	0.944145
0.967892	-0.161597	-0.192541	0.210164	0.940452	0.267174	0.137901	-0.299060	0.944217
0.968100	-0.161072	-0.191933	0.209578	0.940366	0.267935	0.137330	-0.299613	0.944125
0.968410	-0.160384	-0.190940	0.208705	0.940360	0.268636	0.136468	-0.300000	0.944127
0.968583	-0.159851	-0.190509	0.207996	0.940633	0.268229	0.136322	-0.299427	0.944330
0.968626	-0.159732	-0.190393	0.207738	0.940900	0.267491	0.136414	-0.298651	0.944563
0.968627	-0.159779	-0.190350	0.207697	0.941054	0.266981	0.136471	-0.298139	0.944716
