0.969913	-0.155197	-0.187572	0.202277	0.942469	0.266152	0.135475	-0.296086	0.945505
0.969919	-0.155652	-0.187164	0.202580	0.942433	0.266047	0.134979	-0.295960	0.945615
0.969947	-0.156312	-0.186465	0.202990	0.942382	0.265914	0.134156	-0.295773	0.945791
0.969897	-0.157638	-0.185606	0.204008	0.942178	0.265858	0.132964	-0.295720	0.945976
0.969841	-0.158837	-0.184878	0.204972	0.941931	0.265993	0.131892	-0.295866	0.946080
0.969788	-0.159322	-0.184738	0.205479	0.941662	0.266554	0.131493	-0.296460	0.945950
0.969751	-0.159536	-0.184746	0.205758	0.941459	0.267054	0.131326	-0.296989	0.945807
0.969729	-0.159796	-0.184638	0.205954	0.941463	0.266889	0.131183	-0.296837	0.945875
0.969710	-0.159829	-0.184707	0.205927	0.941634	0.266306	0.131363	-0.296276	0.946025
0.969688	-0.159874	-0.184783	0.205900	0.941830	0.265635	0.131566	-0.295630	0.946199
0.969597	-0.160165	-0.185009	0.206168	0.941940	0.265035	0.131818	-0.295121	0.946323
0.969344	-0.161253	-0.185390	0.207357	0.941645	0.265156	0.131814	-0.295470	0.946215
0.969318	-0.161615	-0.185209	0.207650	0.941587	0.265131	0.131541	-0.295455	0.946257
0.969102	-0.161629	-0.186325	0.207841	0.941869	0.263978	0.132827	-0.294548	0.946361
0.969220	-0.160807	-0.186422	0.207016	0.942161	0.263585	0.133253	-0.294064	0.946451
0.969425	-0.159739	-0.186276	0.205957	0.942347	0.263749	0.133405	-0.294050	0.946434
0.969530	-0.159063	-0.186310	0.205335	0.942434	0.263923	0.133604	-0.294137	0.946379
0.969533	-0.158928	-0.186407	0.205206	0.942515	0.263736	0.133776	-0.293953	0.946412
0.969533	-0.158804	-0.186512	0.205078	0.942620	0.263459	0.133972	-0.293682	0.946468
0.969492	-0.158224	-0.187217	0.204702	0.942751	0.263281	0.134842	-0.293573	0.946379
0.969367	-0.158423	-0.187696	0.205032	0.942694	0.263230	0.135238	-0.293650	0.946298
0.969198	-0.158595	-0.188424	0.205459	0.942524	0.263506	0.135803	-0.294103	0.946077
