0.963414	-0.220268	-0.152693	0.256196	0.924185	0.283276	0.078719	-0.312031	0.946805
0.963579	-0.219118	-0.153304	0.255296	0.924395	0.283405	0.079614	-0.312221	0.946668
0.963762	-0.218324	-0.153288	0.254535	0.924587	0.283463	0.079841	-0.312208	0.946653
0.963896	-0.217666	-0.153382	0.253953	0.924674	0.283699	0.080077	-0.312408	0.946567
0.963823	-0.217944	-0.153445	0.254236	0.924608	0.283663	0.080053	-0.312412	0.946567
0.963773	-0.218285	-0.153273	0.254523	0.924482	0.283816	0.079745	-0.312546	0.946549
0.963722	-0.218549	-0.153218	0.254784	0.924318	0.284117	0.079529	-0.312847	0.946468
0.963606	-0.218928	-0.153411	0.255216	0.924169	0.284212	0.079555	-0.313021	0.946408
0.963488	-0.219488	-0.153347	0.255727	0.924047	0.284148	0.079333	-0.312988	0.946438
0.963463	-0.219630	-0.153301	0.255832	0.924084	0.283934	0.079302	-0.312779	0.946510
0.963565	-0.219340	-0.153075	0.255467	0.924240	0.283755	0.079239	-0.312522	0.946600
0.963656	-0.219145	-0.152785	0.255192	0.924301	0.283804	0.079025	-0.312479	0.946632
0.963649	-0.219267	-0.152653	0.255251	0.924343	0.283615	0.078916	-0.312270	0.946710
0.963598	-0.219553	-0.152560	0.255460	0.924416	0.283187	0.078855	-0.311852	0.946853
0.963559	-0.219940	-0.152249	0.255684	0.924535	0.282595	0.078606	-0.311225	0.947080
0.963733	-0.219665	-0.151546	0.255270	0.924386	0.283456	0.077822	-0.311861	0.946935
0.963625	-0.219897	-0.151895	0.255615	0.924245	0.283605	0.078025	-0.312116	0.946835
0.963558	-0.220374	-0.151630	0.255945	0.924314	0.283082	0.077770	-0.311574	0.947034
0.963542	-0.220721	-0.151225	0.256119	0.924386	0.282691	0.077394	-0.311116	0.947215
0.963596	-0.220644	-0.150992	0.255960	0.924475	0.282543	0.077247	-0.310905	0.947297
0.963594	-0.220747	-0.150852	0.256013	0.924464	0.282531	0.077090	-0.310865	0.947323
0.963595	-0.220825	-0.150736	0.256039	0.924502	0.282383	0.076999	-0.310698	0.947385
0.963604	-0.220600	-0.151009	0.255926	0.924472	0.282585	0.077265	-0.310947	0.947281
0.963601	-0.220195	-0.151617	0.255771	0.924358	0.283097	0.077812	-0.311572	0.947031
