0.969251	-0.164800	-0.182741	0.209989	0.941081	0.265085	0.128288	-0.295308	0.946750
0.969307	-0.164689	-0.182540	0.209794	0.941181	0.264886	0.128180	-0.295051	0.946845
0.969339	-0.164555	-0.182490	0.209581	0.941368	0.264389	0.128284	-0.294529	0.946993
0.969339	-0.164543	-0.182502	0.209479	0.941586	0.263694	0.128452	-0.293839	0.947185
0.969372	-0.164465	-0.182397	0.209329	0.941707	0.263380	0.128447	-0.293494	0.947292
0.969407	-0.164274	-0.182383	0.209154	0.941717	0.263485	0.128470	-0.293570	0.947266
0.969351	-0.164294	-0.182663	0.209253	0.941703	0.263455	0.128730	-0.293603	0.947220
0.969245	-0.164811	-0.182758	0.209717	0.941739	0.262957	0.128772	-0.293198	0.947340
0.969196	-0.165342	-0.182543	0.209940	0.942156	0.261281	0.128783	-0.291555	0.947845
0.969210	-0.165036	-0.182741	0.209751	0.942097	0.261644	0.128979	-0.291918	0.947707
0.969251	-0.164630	-0.182891	0.209454	0.942057	0.262027	0.129157	-0.292277	0.947572
0.969296	-0.163941	-0.183275	0.208869	0.942247	0.261809	0.129769	-0.292050	0.947558
0.969387	-0.163367	-0.183302	0.208212	0.942611	0.261022	0.130140	-0.291197	0.947770
0.969500	-0.163100	-0.182942	0.207687	0.943043	0.259877	0.130136	-0.289946	0.948154
0.969614	-0.162799	-0.182607	0.207131	0.943493	0.258684	0.130175	-0.288647	0.948545
0.969746	-0.162769	-0.181934	0.206748	0.943886	0.257555	0.129803	-0.287378	0.948981
0.969776	-0.163120	-0.181456	0.206873	0.944010	0.256999	0.129375	-0.286769	0.949224
0.969805	-0.163866	-0.180628	0.207242	0.944159	0.256153	0.128566	-0.285852	0.949610
0.969660	-0.165443	-0.179969	0.208362	0.944359	0.254503	0.127850	-0.284280	0.950179
0.969549	-0.166287	-0.179788	0.209076	0.944311	0.254093	0.127523	-0.283945	0.950323
0.969553	-0.166525	-0.179544	0.209260	0.944224	0.254267	0.127188	-0.284097	0.950322
0.969722	-0.165783	-0.179317	0.208504	0.944325	0.254513	0.127139	-0.284195	0.950299
