0.964841	-0.214974	-0.151222	0.250960	0.924480	0.286975	0.078110	-0.314836	0.945927
0.964976	-0.214384	-0.151196	0.250401	0.924578	0.287151	0.078232	-0.314954	0.945877
0.965060	-0.213907	-0.151338	0.249974	0.924749	0.286971	0.078564	-0.314775	0.945909
0.965088	-0.213595	-0.151600	0.249736	0.924896	0.286705	0.078975	-0.314556	0.945948
0.965158	-0.213404	-0.151425	0.249481	0.925026	0.286505	0.078931	-0.314300	0.946037
0.965157	-0.213326	-0.151541	0.249456	0.924988	0.286652	0.079023	-0.314467	0.945973
0.965245	-0.213069	-0.151340	0.249179	0.924933	0.287069	0.078814	-0.314803	0.945879
0.965341	-0.212663	-0.151295	0.248816	0.924884	0.287541	0.078781	-0.315219	0.945743
0.965342	-0.212845	-0.151039	0.248895	0.924913	0.287381	0.078530	-0.315014	0.945833
0.965358	-0.212912	-0.150840	0.248878	0.924983	0.287170	0.078382	-0.314763	0.945928
0.965352	-0.212915	-0.150876	0.248860	0.925111	0.286771	0.078519	-0.314382	0.946044
0.965328	-0.213074	-0.150802	0.248989	0.925074	0.286781	0.078398	-0.314385	0.946053
0.965342	-0.213207	-0.150527	0.249053	0.924969	0.287062	0.078029	-0.314602	0.946011
0.965354	-0.213144	-0.150536	0.249013	0.924912	0.287280	0.078000	-0.314812	0.945944
0.965333	-0.213112	-0.150714	0.249060	0.924820	0.287537	0.078106	-0.315106	0.945837
0.965286	-0.213351	-0.150683	0.249292	0.924706	0.287703	0.077955	-0.315280	0.945792
0.965299	-0.213365	-0.150576	0.249278	0.924687	0.287774	0.077835	-0.315323	0.945787
0.965308	-0.213296	-0.150616	0.249217	0.924733	0.287681	0.077919	-0.315237	0.945809
0.965219	-0.213656	-0.150678	0.249546	0.924777	0.287252	0.077970	-0.314862	0.945930
0.965155	-0.213890	-0.150757	0.249796	0.924708	0.287258	0.077964	-0.314907	0.945915
0.965125	-0.213990	-0.150807	0.249906	0.924684	0.287238	0.077983	-0.314908	0.945913
0.965040	-0.214072	-0.151233	0.250125	0.924609	0.287292	0.078330	-0.315075	0.945829
