0.977413	-0.134042	-0.163390	0.172128	0.953484	0.247468	0.122619	-0.270003	0.955020
0.977403	-0.134176	-0.163340	0.172229	0.953499	0.247340	0.122558	-0.269883	0.955062
0.977390	-0.134286	-0.163326	0.172299	0.953555	0.247074	0.122562	-0.269629	0.955133
0.977401	-0.134084	-0.163429	0.172134	0.953576	0.247107	0.122709	-0.269655	0.955107
0.977364	-0.134066	-0.163667	0.172225	0.953472	0.247446	0.122878	-0.270032	0.954978
0.977354	-0.134125	-0.163673	0.172329	0.953364	0.247790	0.122805	-0.270384	0.954888
0.977382	-0.133934	-0.163662	0.172153	0.953369	0.247892	0.122829	-0.270460	0.954863
0.977439	-0.133787	-0.163444	0.171956	0.953389	0.247952	0.122653	-0.270463	0.954885
0.977445	-0.134069	-0.163176	0.172175	0.953316	0.248083	0.122298	-0.270582	0.954897
0.977399	-0.134822	-0.162829	0.172772	0.953290	0.247766	0.121819	-0.270298	0.955039
0.977315	-0.135625	-0.162669	0.173526	0.953123	0.247882	0.121424	-0.270486	0.955036
0.977260	-0.135664	-0.162968	0.173693	0.952998	0.248246	0.121630	-0.270908	0.954890
0.977281	-0.136032	-0.162532	0.173897	0.953031	0.247975	0.121166	-0.270605	0.955035
0.977333	-0.135831	-0.162389	0.173707	0.952974	0.248326	0.121023	-0.270905	0.954968
0.977426	-0.135564	-0.162054	0.173426	0.952876	0.248901	0.120675	-0.271386	0.954875
0.977481	-0.135519	-0.161758	0.173326	0.952841	0.249103	0.120371	-0.271530	0.954873
0.977515	-0.135542	-0.161532	0.173303	0.952809	0.249241	0.120127	-0.271631	0.954875
0.977554	-0.135383	-0.161428	0.173118	0.952845	0.249232	0.120074	-0.271584	0.954895
0.977525	-0.135213	-0.161748	0.173011	0.952927	0.248994	0.120467	-0.271382	0.954903
0.977473	-0.135482	-0.161839	0.173266	0.952947	0.248738	0.120524	-0.271176	0.954954
0.977408	-0.135793	-0.161967	0.173527	0.953061	0.248121	0.120672	-0.270621	0.955093
0.977369	-0.135923	-0.162095	0.173612	0.953202	0.247516	0.120866	-0.270056	0.955228
0.977340	-0.135954	-0.162246	0.173629	0.953311	0.247086	0.121079	-0.269657	0.955314
0.977367	-0.136100	-0.161961	0.173706	0.953271	0.247186	0.120750	-0.269725	0.955337
