0.909075	0.196542	0.367361	-0.107236	0.962411	-0.249532	-0.402595	0.187449	0.895980
0.908820	0.198433	0.366974	-0.109201	0.962119	-0.249806	-0.402642	0.186954	0.896062
0.908702	0.199616	0.366624	-0.110726	0.962057	-0.249370	-0.402492	0.186009	0.896327
0.908796	0.198920	0.366770	-0.110105	0.962213	-0.249043	-0.402450	0.185946	0.896358
0.909009	0.197256	0.367141	-0.108077	0.962337	-0.249453	-0.402520	0.187075	0.896092
0.909312	0.196820	0.366623	-0.107586	0.962309	-0.249773	-0.401965	0.187679	0.896215
0.909123	0.197782	0.366577	-0.108665	0.962217	-0.249659	-0.402104	0.187136	0.896266
0.908990	0.198488	0.366525	-0.109401	0.962121	-0.249710	-0.402206	0.186886	0.896273
0.908910	0.198724	0.366593	-0.109674	0.962112	-0.249624	-0.402310	0.186680	0.896268
0.909151	0.198425	0.366159	-0.109692	0.962248	-0.249093	-0.401762	0.186298	0.896594
0.909112	0.198122	0.366418	-0.109550	0.962400	-0.248567	-0.401887	0.185834	0.896634
0.908685	0.198082	0.367498	-0.109261	0.962427	-0.248588	-0.402931	0.185735	0.896186
0.908438	0.198117	0.368089	-0.108869	0.962300	-0.249252	-0.403593	0.186357	0.895759
0.908535	0.198430	0.367682	-0.108818	0.962033	-0.250302	-0.403389	0.187398	0.895633
0.908581	0.198010	0.367794	-0.108238	0.962035	-0.250547	-0.403442	0.187833	0.895519
0.908565	0.197532	0.368091	-0.107521	0.962031	-0.250868	-0.403670	0.188353	0.895307
0.908424	0.198024	0.368174	-0.107989	0.961959	-0.250945	-0.403861	0.188205	0.895251
0.908171	0.199240	0.368142	-0.109262	0.961803	-0.250993	-0.404088	0.187720	0.895251
0.907914	0.199615	0.368574	-0.109756	0.961858	-0.250566	-0.404533	0.187039	0.895192
0.907660	0.199315	0.369361	-0.109559	0.962050	-0.249914	-0.405156	0.186370	0.895050
0.907440	0.199415	0.369847	-0.109714	0.962121	-0.249570	-0.405606	0.185892	0.894946
0.907207	0.200600	0.369777	-0.110950	0.961960	-0.249647	-0.405790	0.185455	0.894953
0.907272	0.201762	0.368984	-0.112088	0.961674	-0.250239	-0.405331	0.185676	0.895115
0.907107	0.202809	0.368817	-0.113038	0.961449	-0.250675	-0.405438	0.185699	0.895062
0.906957	0.203443	0.368836	-0.113894	0.961456	-0.250260	-0.405533	0.184967	0.895170
