0.967161	-0.161620	-0.196161	0.211297	0.940209	0.267135	0.141258	-0.299810	0.943483
0.967268	-0.161273	-0.195916	0.210924	0.940217	0.267400	0.141079	-0.299971	0.943459
0.967279	-0.161287	-0.195850	0.210880	0.940296	0.267157	0.141068	-0.299716	0.943541
0.967442	-0.160603	-0.195608	0.210159	0.940423	0.267277	0.141029	-0.299684	0.943557
0.967657	-0.159288	-0.195621	0.208875	0.940729	0.267209	0.141463	-0.299427	0.943574
0.967918	-0.156896	-0.196261	0.206757	0.941175	0.267283	0.142780	-0.299287	0.943420
0.967921	-0.156504	-0.196561	0.206370	0.941445	0.266634	0.143322	-0.298645	0.943541
0.967935	-0.155941	-0.196937	0.205852	0.941719	0.266065	0.143969	-0.298074	0.943623
0.967956	-0.155579	-0.197119	0.205559	0.941775	0.266091	0.144244	-0.298084	0.943578
0.967887	-0.155898	-0.197206	0.206027	0.941431	0.266948	0.144039	-0.299006	0.943318
0.967788	-0.156172	-0.197478	0.206443	0.941219	0.267373	0.144114	-0.299528	0.943141
0.967747	-0.156612	-0.197328	0.206844	0.941094	0.267504	0.143810	-0.299693	0.943135
0.967782	-0.157108	-0.196762	0.207272	0.940773	0.268300	0.142957	-0.300439	0.943027
0.967889	-0.157464	-0.195948	0.207426	0.940625	0.268698	0.142003	-0.300714	0.943083
0.967945	-0.158037	-0.195208	0.207724	0.940617	0.268498	0.141183	-0.300440	0.943294
0.967898	-0.159103	-0.194577	0.208556	0.940448	0.268445	0.140279	-0.300407	0.943439
0.967702	-0.161025	-0.193967	0.210152	0.940252	0.267885	0.139242	-0.299996	0.943724
0.967391	-0.163133	-0.193758	0.212037	0.940022	0.267206	0.138546	-0.299577	0.943959
0.967272	-0.163213	-0.194286	0.212376	0.939753	0.267882	0.138859	-0.300376	0.943659
0.967227	-0.163234	-0.194493	0.212433	0.939793	0.267696	0.139086	-0.300240	0.943669
0.967237	-0.163199	-0.194472	0.212432	0.939717	0.267964	0.139017	-0.300497	0.943597
0.967358	-0.163052	-0.193993	0.212314	0.939408	0.269137	0.138355	-0.301539	0.943362
