0.967105	0.124686	0.221724	-0.092845	0.984518	-0.148676	-0.236829	0.123199	0.963708
0.967054	0.125244	0.221633	-0.093350	0.984424	-0.148978	-0.236839	0.123380	0.963683
0.967094	0.125574	0.221271	-0.093647	0.984343	-0.149329	-0.236559	0.123694	0.963712
0.967107	0.125579	0.221212	-0.093596	0.984308	-0.149590	-0.236526	0.123965	0.963685
0.967033	0.125716	0.221456	-0.093678	0.984285	-0.149693	-0.236795	0.124013	0.963612
0.967017	0.126367	0.221153	-0.094394	0.984224	-0.149641	-0.236574	0.123830	0.963690
0.967030	0.127118	0.220667	-0.095201	0.984134	-0.149725	-0.236199	0.123781	0.963789
0.966965	0.127102	0.220960	-0.095117	0.984124	-0.149842	-0.236497	0.123875	0.963703
0.966808	0.127214	0.221583	-0.094996	0.984040	-0.150468	-0.237188	0.124424	0.963463
0.966701	0.127416	0.221932	-0.094981	0.983933	-0.151174	-0.237628	0.125061	0.963272
0.966808	0.127753	0.221274	-0.095310	0.983839	-0.151583	-0.237063	0.125462	0.963359
0.966964	0.127541	0.220711	-0.095186	0.983861	-0.151515	-0.236473	0.125501	0.963499
0.967034	0.127069	0.220676	-0.094772	0.983940	-0.151265	-0.236353	0.125364	0.963546
0.967005	0.127008	0.220838	-0.094666	0.983936	-0.151356	-0.236514	0.125456	0.963495
0.966985	0.127363	0.220724	-0.095035	0.983896	-0.151385	-0.236450	0.125410	0.963516
0.967102	0.127812	0.219950	-0.095610	0.983850	-0.151321	-0.235738	0.125313	0.963703
0.967064	0.128602	0.219656	-0.096490	0.983787	-0.151169	-0.235535	0.124995	0.963794
0.966854	0.129126	0.220274	-0.096981	0.983764	-0.151008	-0.236196	0.124640	0.963678
0.966892	0.128612	0.220407	-0.096565	0.983883	-0.150500	-0.236211	0.124234	0.963727
0.966932	0.128089	0.220537	-0.096097	0.983979	-0.150167	-0.236238	0.124008	0.963750
0.967200	0.127754	0.219550	-0.095737	0.983921	-0.150776	-0.235283	0.124812	0.963880
0.967458	0.127611	0.218496	-0.095529	0.983815	-0.151602	-0.234306	0.125795	0.963990
0.967674	0.127008	0.217888	-0.094845	0.983783	-0.152233	-0.233689	0.126646	0.964028
0.967644	0.127139	0.217949	-0.094670	0.983608	-0.153466	-0.233888	0.127867	0.963819
0.967422	0.127881	0.218500	-0.095077	0.983393	-0.154589	-0.234640	0.128779	0.963514
