0.964742	-0.165105	-0.204970	0.218052	0.937516	0.271141	0.147396	-0.306275	0.940463
0.964764	-0.165632	-0.204440	0.218371	0.937488	0.270979	0.146777	-0.306074	0.940625
0.964723	-0.165936	-0.204390	0.218643	0.937441	0.270922	0.146647	-0.306053	0.940652
0.964674	-0.166387	-0.204251	0.219043	0.937336	0.270963	0.146367	-0.306131	0.940670
0.964635	-0.166591	-0.204272	0.219217	0.937352	0.270768	0.146367	-0.305972	0.940722
0.964593	-0.166655	-0.204419	0.219339	0.937299	0.270852	0.146462	-0.306099	0.940666
0.964570	-0.166832	-0.204382	0.219545	0.937165	0.271148	0.146303	-0.306412	0.940589
0.964571	-0.166920	-0.204304	0.219642	0.937077	0.271376	0.146150	-0.306635	0.940540
0.964648	-0.166732	-0.204096	0.219411	0.937097	0.271491	0.145991	-0.306674	0.940552
0.964698	-0.166577	-0.203983	0.219225	0.937141	0.271492	0.145937	-0.306626	0.940576
0.964671	-0.166677	-0.204031	0.219334	0.937121	0.271470	0.145954	-0.306631	0.940572
0.964668	-0.167174	-0.203638	0.219742	0.936933	0.271791	0.145359	-0.306936	0.940564
0.964616	-0.167966	-0.203233	0.220389	0.936769	0.271831	0.144724	-0.307003	0.940640
0.964594	-0.168317	-0.203048	0.220680	0.936683	0.271893	0.144427	-0.307075	0.940662
0.964483	-0.168393	-0.203508	0.220980	0.936462	0.272408	0.144706	-0.307704	0.940414
0.964370	-0.168655	-0.203826	0.221364	0.936315	0.272601	0.144870	-0.308008	0.940289
0.964380	-0.168859	-0.203610	0.221514	0.936243	0.272727	0.144576	-0.308115	0.940299
0.964505	-0.168617	-0.203218	0.221193	0.936245	0.272983	0.144233	-0.308244	0.940310
0.964620	-0.168170	-0.203043	0.220723	0.936318	0.273112	0.144184	-0.308266	0.940310
0.964670	-0.167926	-0.203007	0.220440	0.936451	0.272885	0.144282	-0.307995	0.940384
0.964802	-0.167414	-0.202804	0.219861	0.936621	0.272768	0.144285	-0.307756	0.940462
0.964937	-0.166891	-0.202595	0.219282	0.936765	0.272741	0.144266	-0.307603	0.940515
0.964993	-0.166623	-0.202546	0.218999	0.936845	0.272691	0.144318	-0.307502	0.940540
0.964987	-0.166736	-0.202482	0.219096	0.936808	0.272741	0.144211	-0.307555	0.940539
