0.971095	-0.158110	-0.178817	0.201200	0.945281	0.256830	0.128425	-0.285385	0.949770
0.970970	-0.158876	-0.178819	0.201932	0.945153	0.256729	0.128223	-0.285386	0.949797
0.970940	-0.159191	-0.178702	0.202164	0.945184	0.256431	0.128085	-0.285106	0.949899
0.970924	-0.159077	-0.178888	0.202079	0.945260	0.256218	0.128337	-0.284918	0.949922
0.970886	-0.158963	-0.179195	0.202007	0.945376	0.255846	0.128737	-0.284596	0.949964
0.970920	-0.158647	-0.179289	0.201704	0.945488	0.255672	0.128954	-0.284400	0.949993
0.970988	-0.158275	-0.179250	0.201282	0.945673	0.255318	0.129101	-0.283991	0.950096
0.971059	-0.157981	-0.179125	0.200783	0.946128	0.254024	0.129344	-0.282637	0.950466
0.971100	-0.157947	-0.178936	0.200625	0.946300	0.253508	0.129286	-0.282081	0.950640
0.971161	-0.157552	-0.178953	0.200243	0.946386	0.253490	0.129420	-0.282014	0.950641
0.971129	-0.157372	-0.179282	0.200206	0.946307	0.253813	0.129713	-0.282378	0.950493
0.971094	-0.157496	-0.179366	0.200389	0.946195	0.254087	0.129698	-0.282685	0.950404
0.971055	-0.157507	-0.179566	0.200444	0.946208	0.253992	0.129902	-0.282633	0.950391
0.971025	-0.157393	-0.179825	0.200401	0.946232	0.253936	0.130188	-0.282615	0.950358
0.970985	-0.157472	-0.179975	0.200521	0.946207	0.253936	0.130306	-0.282657	0.950329
0.971005	-0.157450	-0.179887	0.200477	0.946210	0.253959	0.130225	-0.282659	0.950339
0.971051	-0.157258	-0.179804	0.200260	0.946270	0.253908	0.130214	-0.282565	0.950369
0.971085	-0.157157	-0.179708	0.200180	0.946197	0.254244	0.130083	-0.282866	0.950297
0.971128	-0.157102	-0.179525	0.200091	0.946178	0.254381	0.129899	-0.282958	0.950295
0.971100	-0.157383	-0.179433	0.200291	0.946229	0.254035	0.129804	-0.282632	0.950405
0.970951	-0.158216	-0.179504	0.201101	0.946102	0.253867	0.129663	-0.282591	0.950437
0.970826	-0.158813	-0.179651	0.201743	0.945929	0.254003	0.129598	-0.282836	0.950373
