0.978711	-0.132745	-0.156535	0.167761	0.956784	0.237529	0.118239	-0.258732	0.958685
0.978818	-0.132393	-0.156168	0.167241	0.957034	0.236888	0.118095	-0.257988	0.958903
0.978921	-0.131649	-0.156148	0.166537	0.957101	0.237114	0.118234	-0.258120	0.958851
0.978980	-0.131149	-0.156197	0.166150	0.956989	0.237835	0.118287	-0.258788	0.958664
0.978990	-0.131050	-0.156220	0.166081	0.956958	0.238012	0.118304	-0.258956	0.958617
0.979017	-0.130527	-0.156488	0.165582	0.957160	0.237545	0.118778	-0.258472	0.958689
0.979104	-0.129463	-0.156825	0.164597	0.957398	0.237271	0.119426	-0.258126	0.958701
0.979133	-0.128658	-0.157305	0.163973	0.957432	0.237564	0.120045	-0.258400	0.958550
0.979071	-0.128429	-0.157881	0.163919	0.957405	0.237711	0.120627	-0.258616	0.958419
0.978904	-0.128852	-0.158567	0.164474	0.957387	0.237398	0.121221	-0.258470	0.958383
0.978750	-0.129535	-0.158961	0.165247	0.957254	0.237398	0.121415	-0.258621	0.958318
0.978701	-0.129868	-0.158995	0.165633	0.957086	0.237807	0.121288	-0.259077	0.958211
0.978642	-0.130667	-0.158701	0.166443	0.956734	0.238657	0.120650	-0.259974	0.958049
0.978704	-0.130965	-0.158071	0.166561	0.956726	0.238606	0.119982	-0.259853	0.958165
0.978783	-0.130971	-0.157578	0.166445	0.956729	0.238673	0.119501	-0.259837	0.958230
0.978850	-0.130713	-0.157375	0.166179	0.956694	0.238998	0.119320	-0.260096	0.958182
0.978835	-0.130897	-0.157317	0.166382	0.956582	0.239307	0.119162	-0.260416	0.958115
0.978695	-0.131694	-0.157519	0.167241	0.956379	0.239518	0.119105	-0.260759	0.958029
0.978690	-0.131880	-0.157397	0.167338	0.956468	0.239096	0.119013	-0.260339	0.958154
0.978727	-0.131793	-0.157242	0.167151	0.956622	0.238611	0.118973	-0.259818	0.958301
0.978783	-0.131439	-0.157186	0.166762	0.956747	0.238382	0.119055	-0.259537	0.958367
0.978860	-0.131149	-0.156952	0.166491	0.956645	0.238979	0.118805	-0.260058	0.958256
