0.969047	-0.155679	-0.191601	0.204547	0.940869	0.270049	0.138230	-0.300882	0.943590
0.968925	-0.155946	-0.192006	0.204868	0.940921	0.269623	0.138616	-0.300580	0.943630
0.968741	-0.156491	-0.192489	0.205548	0.940772	0.269627	0.138894	-0.300765	0.943530
0.968655	-0.157075	-0.192444	0.206134	0.940579	0.269851	0.138622	-0.301062	0.943475
0.968610	-0.157493	-0.192327	0.206503	0.940499	0.269847	0.138384	-0.301093	0.943500
0.968560	-0.157661	-0.192445	0.206690	0.940483	0.269760	0.138461	-0.301055	0.943501
0.968512	-0.158214	-0.192232	0.207188	0.940321	0.269943	0.138051	-0.301271	0.943492
0.968485	-0.159075	-0.191655	0.207888	0.940082	0.270239	0.137183	-0.301565	0.943525
0.968450	-0.159664	-0.191345	0.208374	0.939952	0.270315	0.136696	-0.301658	0.943566
0.968448	-0.159731	-0.191297	0.208438	0.939911	0.270408	0.136610	-0.301750	0.943549
0.968454	-0.159742	-0.191259	0.208469	0.939839	0.270633	0.136521	-0.301967	0.943492
0.968413	-0.160081	-0.191184	0.208773	0.939774	0.270625	0.136348	-0.301991	0.943510
0.968319	-0.160530	-0.191282	0.209200	0.939759	0.270348	0.136360	-0.301800	0.943569
0.968294	-0.160769	-0.191205	0.209364	0.939809	0.270047	0.136281	-0.301517	0.943671
0.968201	-0.160979	-0.191500	0.209640	0.939787	0.269911	0.136519	-0.301474	0.943650
0.968072	-0.161415	-0.191784	0.210123	0.939735	0.269716	0.136690	-0.301403	0.943648
0.967994	-0.161717	-0.191925	0.210451	0.939679	0.269655	0.136741	-0.301415	0.943637
0.968011	-0.161411	-0.192096	0.210192	0.939767	0.269549	0.137017	-0.301303	0.943633
0.968152	-0.160297	-0.192320	0.209140	0.940080	0.269279	0.137632	-0.300924	0.943664
0.968301	-0.159023	-0.192628	0.207958	0.940422	0.269000	0.138374	-0.300531	0.943681
0.968512	-0.157618	-0.192721	0.206577	0.940811	0.268701	0.138962	-0.300052	0.943747
0.968516	-0.157572	-0.192738	0.206545	0.940806	0.268743	0.138982	-0.300091	0.943732
0.968532	-0.157664	-0.192584	0.206597	0.940773	0.268818	0.138795	-0.300146	0.943741
0.968571	-0.157483	-0.192532	0.206454	0.940710	0.269148	0.138731	-0.300438	0.943658
0.968499	-0.157624	-0.192782	0.206727	0.940536	0.269547	0.138831	-0.300909	0.943493
