0.967483	-0.163777	-0.192752	0.211985	0.940744	0.264694	0.137979	-0.296948	0.944872
0.967572	-0.163474	-0.192565	0.211688	0.940705	0.265070	0.137814	-0.297238	0.944805
0.967663	-0.163069	-0.192450	0.211294	0.940727	0.265306	0.137779	-0.297391	0.944762
0.967691	-0.162901	-0.192451	0.211120	0.940787	0.265233	0.137848	-0.297294	0.944782
0.967642	-0.163172	-0.192469	0.211329	0.940857	0.264817	0.137875	-0.296923	0.944895
0.967587	-0.163228	-0.192699	0.211388	0.940971	0.264364	0.138172	-0.296529	0.944976
0.967555	-0.163203	-0.192877	0.211443	0.940911	0.264536	0.138307	-0.296735	0.944891
0.967593	-0.163329	-0.192580	0.211515	0.940815	0.264819	0.137930	-0.296971	0.944872
0.967632	-0.163297	-0.192412	0.211427	0.940846	0.264779	0.137792	-0.296890	0.944918
0.967683	-0.163081	-0.192337	0.211282	0.940710	0.265378	0.137656	-0.297439	0.944765
0.967741	-0.162719	-0.192352	0.211007	0.940630	0.265879	0.137669	-0.297890	0.944621
0.967758	-0.162324	-0.192603	0.210652	0.940804	0.265543	0.138098	-0.297554	0.944664
0.967687	-0.162329	-0.192955	0.210510	0.941324	0.263809	0.138809	-0.295903	0.945079
0.967814	-0.162828	-0.191891	0.210529	0.941592	0.262833	0.137886	-0.294773	0.945567
0.968042	-0.162934	-0.190648	0.210113	0.941959	0.261849	0.136918	-0.293539	0.946091
0.968221	-0.162649	-0.189984	0.209589	0.942166	0.261525	0.136459	-0.293032	0.946315
0.968259	-0.162783	-0.189673	0.209766	0.941855	0.262504	0.135913	-0.293959	0.946106
0.968185	-0.163126	-0.189757	0.210335	0.941318	0.263969	0.135562	-0.295483	0.945681
0.968103	-0.163401	-0.189938	0.210809	0.940915	0.265025	0.135410	-0.296612	0.945349
0.968001	-0.163531	-0.190346	0.211062	0.940855	0.265038	0.135746	-0.296732	0.945264
0.967947	-0.163553	-0.190599	0.211089	0.940989	0.264538	0.136086	-0.296292	0.945353
0.967839	-0.163755	-0.190979	0.211302	0.941132	0.263861	0.136528	-0.295729	0.945465
0.967727	-0.164057	-0.191285	0.211612	0.941212	0.263324	0.136840	-0.295304	0.945553
