0.966108	-0.199766	-0.163490	0.240992	0.924957	0.293901	0.092510	-0.323340	0.941750
0.966278	-0.199114	-0.163283	0.240339	0.924999	0.294302	0.092437	-0.323621	0.941661
0.966406	-0.198512	-0.163254	0.239779	0.925060	0.294566	0.092545	-0.323815	0.941583
0.966531	-0.198059	-0.163067	0.239305	0.925116	0.294776	0.092473	-0.323933	0.941550
0.966593	-0.197686	-0.163150	0.238972	0.925215	0.294736	0.092684	-0.323878	0.941548
0.966632	-0.197621	-0.163001	0.238852	0.925273	0.294651	0.092591	-0.323752	0.941600
0.966636	-0.197562	-0.163047	0.238793	0.925346	0.294471	0.092698	-0.323581	0.941649
0.966616	-0.197606	-0.163109	0.238867	0.925292	0.294581	0.092712	-0.323708	0.941604
0.966605	-0.197735	-0.163022	0.238988	0.925174	0.294853	0.092520	-0.323967	0.941534
0.966649	-0.197536	-0.163001	0.238809	0.925159	0.295044	0.092520	-0.324130	0.941477
0.966756	-0.196939	-0.163089	0.238269	0.925293	0.295062	0.092795	-0.324111	0.941457
0.966838	-0.196383	-0.163272	0.237778	0.925477	0.294879	0.093195	-0.323923	0.941482
0.966906	-0.195786	-0.163589	0.237273	0.925730	0.294492	0.093781	-0.323561	0.941548
0.967005	-0.194714	-0.164282	0.236377	0.926267	0.293522	0.095016	-0.322670	0.941730
0.967145	-0.193948	-0.164364	0.235664	0.926466	0.293467	0.095360	-0.322560	0.941733
0.967214	-0.193267	-0.164760	0.235158	0.926545	0.293624	0.095910	-0.322742	0.941615
0.967212	-0.193316	-0.164709	0.235215	0.926445	0.293892	0.095780	-0.322998	0.941540
0.967245	-0.193638	-0.164138	0.235380	0.926267	0.294322	0.095044	-0.323316	0.941506
0.967213	-0.194800	-0.162947	0.236184	0.925796	0.295159	0.093358	-0.323967	0.941451
0.967129	-0.195570	-0.162525	0.236843	0.925430	0.295777	0.092561	-0.324547	0.941330
0.967059	-0.196217	-0.162160	0.237405	0.925077	0.296431	0.091845	-0.325164	0.941187
0.967024	-0.196426	-0.162114	0.237631	0.924882	0.296858	0.091625	-0.325593	0.941060
