0.991058	0.079798	0.106937	-0.046831	0.958497	-0.281231	-0.124940	0.273708	0.953663
0.991031	0.080044	0.107006	-0.046992	0.958360	-0.281671	-0.125096	0.274116	0.953526
0.990995	0.079842	0.107489	-0.046622	0.958288	-0.281976	-0.125519	0.274425	0.953381
0.991034	0.079436	0.107433	-0.046228	0.958269	-0.282107	-0.125359	0.274611	0.953349
0.991040	0.079307	0.107476	-0.046111	0.958318	-0.281957	-0.125357	0.274475	0.953388
0.991071	0.079061	0.107365	-0.045951	0.958431	-0.281599	-0.125165	0.274152	0.953506
0.991076	0.078846	0.107479	-0.045755	0.958538	-0.281267	-0.125199	0.273840	0.953592
0.991031	0.079114	0.107693	-0.045962	0.958545	-0.281209	-0.125476	0.273738	0.953585
0.990986	0.079512	0.107822	-0.046288	0.958478	-0.281384	-0.125718	0.273856	0.953519
0.990968	0.079569	0.107941	-0.046308	0.958471	-0.281405	-0.125850	0.273865	0.953499
0.990958	0.079697	0.107940	-0.046423	0.958446	-0.281473	-0.125887	0.273917	0.953479
0.990944	0.079936	0.107887	-0.046669	0.958434	-0.281471	-0.125902	0.273887	0.953485
0.991008	0.079989	0.107260	-0.046878	0.958387	-0.281597	-0.125321	0.274037	0.953519
0.990976	0.080465	0.107197	-0.047367	0.958388	-0.281512	-0.125388	0.273894	0.953551
0.990970	0.080763	0.107028	-0.047787	0.958556	-0.280867	-0.125276	0.273216	0.953760
0.991003	0.080629	0.106824	-0.047759	0.958659	-0.280522	-0.125026	0.272896	0.953885
0.991026	0.080393	0.106792	-0.047517	0.958622	-0.280688	-0.124939	0.273095	0.953839
0.990988	0.080731	0.106887	-0.047820	0.958611	-0.280676	-0.125122	0.273035	0.953832
0.990985	0.080928	0.106765	-0.048030	0.958567	-0.280789	-0.125065	0.273130	0.953813
0.990889	0.080573	0.107922	-0.047242	0.958331	-0.281726	-0.126125	0.274061	0.953406
0.990803	0.079769	0.109301	-0.046073	0.958372	-0.281780	-0.127229	0.274152	0.953233
0.990909	0.080087	0.108099	-0.046682	0.958268	-0.282035	-0.126175	0.274424	0.953295
0.990970	0.080569	0.107176	-0.047431	0.958291	-0.281830	-0.125412	0.274202	0.953460
0.991017	0.080669	0.106672	-0.047739	0.958435	-0.281289	-0.124929	0.273670	0.953676
0.991064	0.080495	0.106357	-0.047678	0.958481	-0.281141	-0.124571	0.273558	0.953755
