0.970058	-0.181545	-0.161334	0.221453	0.933923	0.280619	0.099729	-0.307944	0.946163
0.970224	-0.180612	-0.161386	0.220590	0.934073	0.280797	0.100031	-0.308037	0.946101
0.970228	-0.180716	-0.161244	0.220644	0.934065	0.280784	0.099870	-0.308002	0.946129
0.970140	-0.181382	-0.161025	0.221209	0.933954	0.280709	0.099474	-0.307947	0.946189
0.970157	-0.181534	-0.160751	0.221280	0.933906	0.280812	0.099150	-0.308003	0.946205
0.970065	-0.182047	-0.160723	0.221821	0.933616	0.281347	0.098835	-0.308576	0.946051
0.969986	-0.182821	-0.160324	0.222464	0.933396	0.281570	0.098169	-0.308785	0.946052
0.969898	-0.183389	-0.160210	0.223000	0.933192	0.281821	0.097824	-0.309064	0.945997
0.969778	-0.183953	-0.160288	0.223593	0.932977	0.282066	0.097658	-0.309380	0.945911
0.969674	-0.184620	-0.160147	0.224198	0.932808	0.282144	0.097297	-0.309492	0.945911
0.969668	-0.184527	-0.160294	0.224147	0.932843	0.282069	0.097480	-0.309443	0.945908
0.969651	-0.184237	-0.160732	0.223992	0.932921	0.281932	0.098008	-0.309378	0.945875
0.969681	-0.183978	-0.160844	0.223706	0.933202	0.281230	0.098360	-0.308685	0.946065
0.969744	-0.183191	-0.161359	0.222988	0.933722	0.280070	0.099358	-0.307577	0.946321
0.969944	-0.181917	-0.161603	0.221749	0.934269	0.279228	0.100184	-0.306671	0.946528
0.970099	-0.180853	-0.161865	0.220778	0.934575	0.278973	0.100822	-0.306368	0.946559
0.970130	-0.180422	-0.162158	0.220464	0.934624	0.279057	0.101209	-0.306472	0.946484
0.970160	-0.180139	-0.162292	0.220236	0.934670	0.279085	0.101415	-0.306500	0.946453
0.970238	-0.179676	-0.162341	0.219793	0.934807	0.278974	0.101633	-0.306353	0.946477
0.970168	-0.179986	-0.162416	0.220083	0.934828	0.278675	0.101673	-0.306106	0.946552
0.970072	-0.180446	-0.162482	0.220542	0.934734	0.278627	0.101600	-0.306122	0.946555
