0.982480	-0.109522	-0.150794	0.144556	0.958516	0.245663	0.117633	-0.263157	0.957555
0.982383	-0.110307	-0.150853	0.145266	0.958557	0.245083	0.117566	-0.262679	0.957694
0.982419	-0.110569	-0.150427	0.145535	0.958251	0.246120	0.116934	-0.263686	0.957495
0.982448	-0.110636	-0.150183	0.145546	0.958225	0.246212	0.116670	-0.263749	0.957509
0.982428	-0.110748	-0.150237	0.145657	0.958235	0.246108	0.116706	-0.263666	0.957528
0.982396	-0.110723	-0.150458	0.145745	0.958110	0.246542	0.116857	-0.264130	0.957382
0.982316	-0.111767	-0.150212	0.146802	0.957725	0.247410	0.116209	-0.265086	0.957196
0.982305	-0.111876	-0.150200	0.146873	0.957783	0.247145	0.116209	-0.264832	0.957267
0.982266	-0.111700	-0.150585	0.146738	0.957946	0.246592	0.116708	-0.264316	0.957349
0.982261	-0.111720	-0.150606	0.146741	0.957992	0.246412	0.116751	-0.264141	0.957392
0.982285	-0.111667	-0.150488	0.146693	0.957924	0.246702	0.116608	-0.264407	0.957336
0.982311	-0.111466	-0.150468	0.146515	0.957903	0.246892	0.116613	-0.264570	0.957290
0.982331	-0.111285	-0.150469	0.146339	0.957927	0.246902	0.116662	-0.264559	0.957287
0.982341	-0.111212	-0.150459	0.146235	0.958009	0.246646	0.116711	-0.264293	0.957355
0.982293	-0.111422	-0.150614	0.146428	0.958092	0.246208	0.116869	-0.263903	0.957443
0.982275	-0.111630	-0.150581	0.146568	0.958184	0.245767	0.116849	-0.263481	0.957561
0.982262	-0.111749	-0.150580	0.146641	0.958264	0.245411	0.116871	-0.263139	0.957653
0.982230	-0.111865	-0.150698	0.146791	0.958227	0.245467	0.116944	-0.263226	0.957620
0.982191	-0.112225	-0.150689	0.147208	0.958022	0.246017	0.116754	-0.263818	0.957480
0.982177	-0.111989	-0.150951	0.146957	0.958250	0.245275	0.117181	-0.263087	0.957629
