0.932349	0.184080	0.311191	-0.181785	0.982656	-0.036632	-0.312537	-0.022416	0.949641
0.930823	0.186902	0.314064	-0.184022	0.982145	-0.039080	-0.315760	-0.021418	0.948597
0.929591	0.187569	0.317299	-0.184569	0.982014	-0.039780	-0.319054	-0.021584	0.947491
0.928273	0.187162	0.321371	-0.184239	0.982076	-0.039777	-0.323056	-0.022285	0.946117
0.926604	0.186492	0.326537	-0.183489	0.982196	-0.040272	-0.328234	-0.022600	0.944326
0.924709	0.187110	0.331517	-0.184000	0.982069	-0.041051	-0.333254	-0.023039	0.942556
0.923050	0.188204	0.335496	-0.184981	0.981851	-0.041853	-0.337284	-0.023428	0.941111
0.921597	0.189764	0.338598	-0.186371	0.981545	-0.042832	-0.340477	-0.023631	0.939956
0.920307	0.190764	0.341532	-0.187096	0.981357	-0.043982	-0.343555	-0.023422	0.938840
0.918961	0.191103	0.344950	-0.187102	0.981300	-0.045194	-0.347136	-0.023010	0.937532
0.917540	0.191348	0.348577	-0.186840	0.981272	-0.046852	-0.351014	-0.022140	0.936108
0.916161	0.192092	0.351781	-0.186911	0.981155	-0.048985	-0.354561	-0.020873	0.934800
0.914829	0.193162	0.354651	-0.187634	0.980952	-0.050276	-0.357606	-0.020551	0.933646
0.913435	0.194334	0.357591	-0.188669	0.980714	-0.051033	-0.360612	-0.020851	0.932483
0.912407	0.196403	0.359082	-0.190787	0.980285	-0.051395	-0.362097	-0.021615	0.931890
0.911924	0.199456	0.358626	-0.193661	0.979667	-0.052411	-0.361788	-0.021657	0.932009
0.911557	0.203225	0.357439	-0.196617	0.978928	-0.055158	-0.361117	-0.019999	0.932306
0.911030	0.207064	0.356580	-0.198997	0.978186	-0.059607	-0.361144	-0.016654	0.932361
0.910134	0.210426	0.356899	-0.200886	0.977518	-0.064056	-0.362355	-0.013396	0.931944
0.908846	0.213347	0.358444	-0.202803	0.976908	-0.067245	-0.364513	-0.011578	0.931126
0.907651	0.215111	0.360413	-0.204066	0.976528	-0.068924	-0.366779	-0.010989	0.930243
0.906671	0.215712	0.362513	-0.204466	0.976395	-0.069617	-0.368973	-0.011002	0.929375
0.905859	0.216265	0.364210	-0.204680	0.976278	-0.070626	-0.370844	-0.010569	0.928635
0.904688	0.217794	0.366204	-0.205865	0.975940	-0.071846	-0.373040	-0.010391	0.927757
0.903625	0.219307	0.367921	-0.207100	0.975601	-0.072886	-0.374929	-0.010335	0.926996
