0.979270	-0.134229	-0.151700	0.166852	0.959168	0.228380	0.114851	-0.248957	0.961681
0.979174	-0.134488	-0.152088	0.167234	0.959042	0.228629	0.115111	-0.249302	0.961560
0.979135	-0.134751	-0.152109	0.167515	0.958956	0.228784	0.115037	-0.249491	0.961520
0.979182	-0.134526	-0.152003	0.167294	0.958944	0.228998	0.114956	-0.249660	0.961486
0.979210	-0.134335	-0.151993	0.167116	0.958950	0.229100	0.114978	-0.249738	0.961463
0.979232	-0.134454	-0.151744	0.167165	0.958951	0.229061	0.114717	-0.249670	0.961512
0.979197	-0.134734	-0.151720	0.167411	0.958953	0.228873	0.114656	-0.249512	0.961560
0.979098	-0.135167	-0.151977	0.167891	0.958889	0.228789	0.114805	-0.249522	0.961540
0.979068	-0.135495	-0.151879	0.168197	0.958814	0.228879	0.114612	-0.249634	0.961534
0.979060	-0.135618	-0.151819	0.168298	0.958805	0.228841	0.114530	-0.249600	0.961552
0.979105	-0.135403	-0.151723	0.168078	0.958815	0.228964	0.114472	-0.249681	0.961538
0.979139	-0.135028	-0.151834	0.167801	0.958737	0.229490	0.114582	-0.250181	0.961395
0.979122	-0.135086	-0.151894	0.167876	0.958718	0.229517	0.114619	-0.250225	0.961379
0.979012	-0.135293	-0.152416	0.168170	0.958750	0.229166	0.115124	-0.249988	0.961380
0.978946	-0.135808	-0.152386	0.168627	0.958749	0.228833	0.115022	-0.249712	0.961465
0.978853	-0.136282	-0.152561	0.169102	0.958735	0.228544	0.115119	-0.249509	0.961505
0.978768	-0.136305	-0.153081	0.169284	0.958647	0.228777	0.115567	-0.249834	0.961367
0.978626	-0.136293	-0.154001	0.169667	0.958260	0.230109	0.116211	-0.251320	0.960902
0.978628	-0.136415	-0.153880	0.169860	0.958020	0.230965	0.115913	-0.252167	0.960716
0.978693	-0.135872	-0.153945	0.169437	0.957910	0.231732	0.115979	-0.252878	0.960521
0.978743	-0.135671	-0.153801	0.169246	0.957858	0.232085	0.115832	-0.253181	0.960459
0.978733	-0.135640	-0.153894	0.169253	0.957830	0.232197	0.115909	-0.253306	0.960417
