0.965817	-0.204680	-0.159073	0.243785	0.925791	0.288929	0.088131	-0.317833	0.944042
0.965756	-0.205153	-0.158831	0.244360	0.924967	0.291075	0.087199	-0.319920	0.943423
0.965750	-0.205599	-0.158291	0.244661	0.924715	0.291621	0.086417	-0.320360	0.943346
0.965738	-0.205744	-0.158176	0.244808	0.924520	0.292116	0.086136	-0.320830	0.943212
0.965700	-0.206082	-0.157968	0.245114	0.924265	0.292666	0.085691	-0.321347	0.943076
0.965676	-0.206395	-0.157705	0.245351	0.924118	0.292931	0.085278	-0.321569	0.943038
0.965724	-0.206276	-0.157568	0.245196	0.924145	0.292975	0.085182	-0.321568	0.943047
0.965764	-0.205864	-0.157860	0.244889	0.924256	0.292882	0.085610	-0.321513	0.943027
0.965818	-0.205466	-0.158045	0.244567	0.924349	0.292859	0.085916	-0.321501	0.943003
0.965890	-0.205034	-0.158172	0.244175	0.924522	0.292639	0.086233	-0.321278	0.943051
0.966046	-0.204417	-0.158013	0.243508	0.924780	0.292378	0.086360	-0.320928	0.943158
0.966180	-0.203854	-0.157921	0.242918	0.925011	0.292139	0.086525	-0.320621	0.943248
0.966224	-0.203600	-0.157982	0.242659	0.925201	0.291752	0.086764	-0.320233	0.943357
0.966118	-0.204072	-0.158019	0.243059	0.925313	0.291064	0.086819	-0.319610	0.943563
0.965905	-0.204887	-0.158267	0.243861	0.925303	0.290425	0.086941	-0.319118	0.943719
0.965978	-0.205032	-0.157637	0.243708	0.925645	0.289462	0.086567	-0.318031	0.944120
0.965982	-0.204997	-0.157658	0.243677	0.925667	0.289416	0.086609	-0.317988	0.944131
0.965917	-0.205537	-0.157347	0.244063	0.925672	0.289074	0.086237	-0.317624	0.944287
0.965826	-0.206126	-0.157136	0.244502	0.925753	0.288443	0.086013	-0.317006	0.944515
0.965825	-0.206303	-0.156912	0.244557	0.925885	0.287973	0.085873	-0.316505	0.944696
0.965870	-0.206193	-0.156779	0.244405	0.925939	0.287929	0.085799	-0.316420	0.944731
0.965855	-0.206499	-0.156469	0.244581	0.925954	0.287733	0.085467	-0.316177	0.944843
0.965762	-0.206921	-0.156485	0.244968	0.925929	0.287484	0.085408	-0.315975	0.944916
