0.967681	-0.163947	-0.191609	0.211435	0.941575	0.262166	0.137433	-0.294206	0.945809
0.967600	-0.164146	-0.191850	0.211740	0.941432	0.262433	0.137536	-0.294553	0.945686
0.967481	-0.164343	-0.192283	0.212101	0.941278	0.262694	0.137820	-0.294935	0.945526
0.967417	-0.164408	-0.192547	0.212234	0.941269	0.262620	0.138062	-0.294928	0.945493
0.967435	-0.163775	-0.192995	0.211726	0.941438	0.262425	0.138714	-0.294741	0.945456
0.967569	-0.162547	-0.193362	0.210617	0.941733	0.262257	0.139466	-0.294477	0.945427
0.967707	-0.161535	-0.193519	0.209660	0.941983	0.262126	0.139949	-0.294235	0.945431
0.967786	-0.160837	-0.193704	0.209019	0.942159	0.262006	0.140360	-0.294054	0.945427
0.967911	-0.159893	-0.193861	0.208095	0.942462	0.261653	0.140870	-0.293599	0.945492
0.967905	-0.159644	-0.194098	0.207911	0.942526	0.261569	0.141184	-0.293529	0.945467
0.967997	-0.159261	-0.193951	0.207550	0.942502	0.261942	0.141082	-0.293813	0.945394
0.968047	-0.159194	-0.193760	0.207460	0.942458	0.262170	0.140875	-0.293990	0.945370
0.968050	-0.159216	-0.193728	0.207492	0.942413	0.262306	0.140808	-0.294122	0.945339
0.967989	-0.159508	-0.193788	0.207777	0.942386	0.262180	0.140803	-0.294052	0.945361
0.967983	-0.159893	-0.193501	0.208058	0.942336	0.262136	0.140429	-0.294003	0.945432
0.967916	-0.160366	-0.193446	0.208505	0.942232	0.262155	0.140230	-0.294078	0.945438
0.967852	-0.160984	-0.193254	0.209112	0.941977	0.262587	0.139769	-0.294557	0.945358
0.967756	-0.161748	-0.193094	0.209861	0.941707	0.262955	0.139305	-0.294999	0.945288
0.967708	-0.162266	-0.192903	0.210328	0.941565	0.263092	0.138940	-0.295169	0.945289
0.967651	-0.162636	-0.192876	0.210708	0.941426	0.263285	0.138759	-0.295408	0.945241
0.967678	-0.162995	-0.192436	0.211081	0.941040	0.264365	0.138000	-0.296440	0.945029
