0.966143	-0.162583	-0.200336	0.213245	0.940286	0.265309	0.145238	-0.299047	0.943121
0.966282	-0.162502	-0.199732	0.213151	0.939992	0.266424	0.144452	-0.300014	0.942934
0.966546	-0.161858	-0.198976	0.212521	0.939707	0.267929	0.143612	-0.301252	0.942668
0.966751	-0.160559	-0.199029	0.211604	0.939294	0.270093	0.143581	-0.303228	0.942039
0.966714	-0.160729	-0.199074	0.211746	0.939331	0.269852	0.143624	-0.303022	0.942099
0.966610	-0.160723	-0.199580	0.211872	0.939354	0.269676	0.144133	-0.302957	0.942042
0.966468	-0.160871	-0.200153	0.212216	0.939236	0.269814	0.144586	-0.303242	0.941881
0.966330	-0.161335	-0.200442	0.212806	0.939012	0.270129	0.144636	-0.303690	0.941729
0.966247	-0.161649	-0.200592	0.213135	0.938981	0.269977	0.144711	-0.303618	0.941741
0.966241	-0.162126	-0.200236	0.213111	0.939687	0.267531	0.144785	-0.301172	0.942514
0.966211	-0.162406	-0.200152	0.213198	0.939961	0.266494	0.144855	-0.300162	0.942825
0.966161	-0.162918	-0.199974	0.213556	0.940038	0.265936	0.144657	-0.299643	0.943021
0.966023	-0.163110	-0.200484	0.213964	0.939829	0.266346	0.144977	-0.300193	0.942797
0.965897	-0.162685	-0.201438	0.213973	0.939595	0.267165	0.145806	-0.301156	0.942362
0.965972	-0.161289	-0.202197	0.213099	0.939337	0.268765	0.146583	-0.302708	0.941744
0.966163	-0.159727	-0.202525	0.211973	0.939059	0.270621	0.146957	-0.304394	0.941142
0.966460	-0.158264	-0.202256	0.210927	0.938440	0.273569	0.146510	-0.307055	0.940347
0.966535	-0.158455	-0.201747	0.211083	0.938157	0.274417	0.145788	-0.307819	0.940209
0.966527	-0.158429	-0.201807	0.211127	0.938051	0.274747	0.145778	-0.308158	0.940100
0.966527	-0.158429	-0.201807	0.211127	0.938051	0.274747	0.145778	-0.308158	0.940100
0.966481	-0.158724	-0.201795	0.211366	0.938079	0.274468	0.145735	-0.307921	0.940184
