0.955649	0.173434	0.238026	-0.135304	0.976419	-0.168221	-0.261589	0.128554	0.956580
0.955493	0.173863	0.238338	-0.135685	0.976357	-0.168277	-0.261960	0.128449	0.956493
0.955311	0.174460	0.238632	-0.136156	0.976229	-0.168636	-0.262380	0.128609	0.956356
0.955028	0.175410	0.239065	-0.136952	0.976045	-0.169056	-0.262992	0.128713	0.956174
0.954703	0.176754	0.239376	-0.138145	0.975790	-0.169557	-0.263550	0.128808	0.956007
0.954269	0.178231	0.240009	-0.139518	0.975564	-0.169735	-0.264397	0.128488	0.955817
0.953846	0.179564	0.240696	-0.140782	0.975379	-0.169754	-0.265252	0.128033	0.955641
0.953709	0.180139	0.240808	-0.141286	0.975264	-0.169998	-0.265475	0.128105	0.955569
0.953292	0.180677	0.242053	-0.141536	0.975146	-0.170464	-0.266836	0.128243	0.955171
0.953139	0.180471	0.242809	-0.141246	0.975203	-0.170377	-0.267536	0.128097	0.954995
0.953169	0.179484	0.243422	-0.140273	0.975419	-0.169946	-0.267941	0.127842	0.954916
0.953396	0.178381	0.243345	-0.139098	0.975552	-0.170147	-0.267746	0.128369	0.954900
0.953861	0.177312	0.242299	-0.137977	0.975603	-0.170764	-0.266667	0.129454	0.955055
0.954498	0.175708	0.240958	-0.136532	0.975813	-0.170729	-0.265128	0.130062	0.955401
0.955070	0.174333	0.239686	-0.135247	0.975955	-0.170937	-0.263723	0.130840	0.955684
0.955487	0.173222	0.238829	-0.134178	0.976069	-0.171130	-0.262757	0.131467	0.955863
0.955732	0.172884	0.238092	-0.133924	0.976096	-0.171176	-0.261995	0.131712	0.956039
0.955650	0.173908	0.237675	-0.134974	0.975916	-0.171376	-0.261754	0.131696	0.956107
0.955229	0.175919	0.237886	-0.136892	0.975581	-0.171763	-0.262294	0.131508	0.955985
0.954488	0.178669	0.238810	-0.139439	0.975135	-0.172245	-0.263647	0.131107	0.955668
0.953459	0.181457	0.240810	-0.141870	0.974696	-0.172743	-0.266062	0.130539	0.955076
0.952537	0.184081	0.242461	-0.144133	0.974243	-0.173423	-0.268140	0.130246	0.954535
0.951970	0.186002	0.243219	-0.145707	0.973829	-0.174434	-0.269299	0.130617	0.954158
0.951783	0.187040	0.243156	-0.146509	0.973537	-0.175386	-0.269526	0.131305	0.953999
0.951912	0.186791	0.242844	-0.146091	0.973468	-0.176119	-0.269299	0.132173	0.953944
