0.922464	0.176913	0.343166	-0.102121	0.968985	-0.225031	-0.372334	0.172539	0.911920
0.922638	0.176257	0.343035	-0.101576	0.969109	-0.224742	-0.372051	0.172512	0.912040
0.922827	0.175670	0.342827	-0.101129	0.969229	-0.224427	-0.371703	0.172438	0.912197
0.922789	0.175682	0.342922	-0.101238	0.969283	-0.224146	-0.371767	0.172123	0.912230
0.922784	0.175782	0.342885	-0.101373	0.969282	-0.224090	-0.371743	0.172027	0.912257
0.922726	0.175773	0.343047	-0.101276	0.969261	-0.224224	-0.371915	0.172155	0.912163
0.922651	0.176061	0.343101	-0.101515	0.969205	-0.224356	-0.372036	0.172172	0.912111
0.922543	0.176262	0.343288	-0.101727	0.969205	-0.224263	-0.372245	0.171971	0.912063
0.922464	0.176652	0.343298	-0.102239	0.969210	-0.224005	-0.372299	0.171538	0.912123
0.922470	0.176920	0.343146	-0.102608	0.969204	-0.223866	-0.372185	0.171300	0.912214
0.922746	0.176476	0.342630	-0.102177	0.969212	-0.224028	-0.371616	0.171712	0.912368
0.922836	0.176202	0.342530	-0.101657	0.969123	-0.224647	-0.371537	0.172492	0.912254
0.922780	0.175777	0.342900	-0.101025	0.969125	-0.224922	-0.371849	0.172912	0.912047
0.922778	0.175094	0.343255	-0.100259	0.969217	-0.224869	-0.372061	0.173090	0.911927
0.922624	0.174673	0.343880	-0.099708	0.969283	-0.224830	-0.372589	0.173146	0.911700
0.922756	0.174392	0.343671	-0.099427	0.969296	-0.224897	-0.372339	0.173355	0.911763
0.922846	0.174172	0.343539	-0.099287	0.969347	-0.224739	-0.372152	0.173290	0.911851
0.923002	0.174177	0.343118	-0.099371	0.969336	-0.224752	-0.371744	0.173350	0.912007
0.923153	0.174231	0.342684	-0.099419	0.969277	-0.224986	-0.371355	0.173628	0.912112
0.923664	0.173719	0.341564	-0.099099	0.969306	-0.225003	-0.370167	0.173978	0.912528
0.924142	0.173122	0.340573	-0.098822	0.969421	-0.224628	-0.369047	0.173933	0.912991
0.924313	0.172831	0.340256	-0.098709	0.969506	-0.224311	-0.368648	0.173747	0.913187
0.924286	0.172647	0.340423	-0.098617	0.969592	-0.223976	-0.368740	0.173447	0.913207
0.924167	0.172731	0.340704	-0.098698	0.969612	-0.223855	-0.369017	0.173252	0.913132
0.924161	0.172776	0.340697	-0.098523	0.969502	-0.224409	-0.369079	0.173824	0.912998
