0.977540	-0.138367	-0.158965	0.173475	0.956607	0.234115	0.119673	-0.256433	0.959125
0.977542	-0.138231	-0.159072	0.173346	0.956677	0.233923	0.119845	-0.256244	0.959154
0.977583	-0.137770	-0.159218	0.172938	0.956741	0.233963	0.120098	-0.256253	0.959120
0.977707	-0.137333	-0.158834	0.172512	0.956617	0.234782	0.119700	-0.256949	0.958983
0.977802	-0.137510	-0.158094	0.172680	0.956213	0.236302	0.118677	-0.258356	0.958732
0.977787	-0.138117	-0.157662	0.173167	0.956110	0.236363	0.118096	-0.258414	0.958788
0.977749	-0.138334	-0.157702	0.173414	0.956016	0.236559	0.118042	-0.258644	0.958733
0.977726	-0.138408	-0.157782	0.173559	0.955887	0.236975	0.118023	-0.259081	0.958618
0.977706	-0.138407	-0.157906	0.173571	0.955925	0.236815	0.118169	-0.258943	0.958637
0.977651	-0.138653	-0.158032	0.173796	0.955982	0.236419	0.118296	-0.258601	0.958714
0.977593	-0.139040	-0.158053	0.174084	0.956121	0.235643	0.118354	-0.257878	0.958901
0.977527	-0.139385	-0.158156	0.174378	0.956208	0.235070	0.118465	-0.257367	0.959025
0.977455	-0.139586	-0.158423	0.174581	0.956297	0.234557	0.118758	-0.256926	0.959107
0.977459	-0.139639	-0.158350	0.174577	0.956370	0.234263	0.118729	-0.256627	0.959190
0.977496	-0.139490	-0.158256	0.174394	0.956428	0.234162	0.118698	-0.256492	0.959230
0.977528	-0.139288	-0.158236	0.174215	0.956413	0.234356	0.118696	-0.256656	0.959186
0.977512	-0.139369	-0.158260	0.174321	0.956353	0.234521	0.118667	-0.256835	0.959142
0.977493	-0.139495	-0.158266	0.174461	0.956298	0.234643	0.118618	-0.256973	0.959111
0.977525	-0.139424	-0.158130	0.174345	0.956343	0.234547	0.118525	-0.256845	0.959157
0.977482	-0.139434	-0.158386	0.174371	0.956439	0.234136	0.118840	-0.256482	0.959215
0.977447	-0.139646	-0.158416	0.174551	0.956475	0.233852	0.118865	-0.256229	0.959280
0.977424	-0.139691	-0.158523	0.174597	0.956517	0.233648	0.118992	-0.256051	0.959312
0.977435	-0.139363	-0.158743	0.174303	0.956631	0.233399	0.119331	-0.255802	0.959336
0.977442	-0.138915	-0.159089	0.173948	0.956708	0.233348	0.119787	-0.255757	0.959291
