0.965157	-0.219906	-0.141824	0.252038	0.926958	0.277895	0.070354	-0.303957	0.950085
0.965056	-0.220631	-0.141385	0.252608	0.926769	0.278010	0.069693	-0.304010	0.950116
0.964872	-0.221425	-0.141398	0.253370	0.926576	0.277956	0.069470	-0.304018	0.950130
0.964716	-0.221992	-0.141569	0.253996	0.926286	0.278353	0.069342	-0.304490	0.949988
0.964611	-0.222429	-0.141601	0.254464	0.925998	0.278882	0.069091	-0.305045	0.949828
0.964531	-0.222675	-0.141763	0.254755	0.925897	0.278954	0.069142	-0.305174	0.949783
0.964439	-0.223034	-0.141824	0.255087	0.925935	0.278523	0.069200	-0.304796	0.949900
0.964223	-0.223819	-0.142051	0.255814	0.926134	0.277193	0.069517	-0.303614	0.950256
0.964239	-0.223714	-0.142112	0.255721	0.926201	0.277052	0.069644	-0.303486	0.950287
0.964169	-0.223846	-0.142374	0.255971	0.925960	0.277626	0.069687	-0.304122	0.950081
0.964006	-0.224160	-0.142987	0.256454	0.925856	0.277527	0.070175	-0.304208	0.950017
0.963876	-0.224494	-0.143341	0.256852	0.925872	0.277106	0.070507	-0.303913	0.950087
0.963867	-0.224412	-0.143523	0.256787	0.926060	0.276539	0.070852	-0.303402	0.950225
0.963934	-0.223882	-0.143903	0.256360	0.926315	0.276079	0.071490	-0.303012	0.950301
0.964021	-0.223355	-0.144137	0.255933	0.926403	0.276180	0.071842	-0.303133	0.950236
0.964100	-0.223058	-0.144067	0.255642	0.926420	0.276393	0.071815	-0.303300	0.950185
0.964225	-0.222634	-0.143893	0.255177	0.926565	0.276337	0.071804	-0.303169	0.950228
0.964417	-0.221780	-0.143924	0.254356	0.926829	0.276210	0.072135	-0.302989	0.950260
0.964658	-0.220517	-0.144248	0.253224	0.927205	0.275986	0.072888	-0.302760	0.950276
0.964763	-0.219850	-0.144565	0.252674	0.927380	0.275901	0.073410	-0.302707	0.950252
0.964795	-0.219571	-0.144771	0.252483	0.927379	0.276082	0.073638	-0.302914	0.950169
0.964755	-0.219648	-0.144923	0.252603	0.927347	0.276079	0.073754	-0.302957	0.950146
0.964667	-0.219922	-0.145096	0.252904	0.927323	0.275884	0.073878	-0.302832	0.950176
0.964649	-0.220035	-0.145038	0.253000	0.927281	0.275936	0.073776	-0.302876	0.950170
