0.970076	-0.179411	-0.163597	0.219934	0.934761	0.279016	0.102866	-0.306648	0.946248
0.970049	-0.179487	-0.163673	0.220014	0.934789	0.278862	0.102948	-0.306520	0.946281
0.970068	-0.179318	-0.163746	0.219882	0.934796	0.278942	0.103050	-0.306597	0.946245
0.970120	-0.179028	-0.163758	0.219637	0.934771	0.279217	0.103089	-0.306842	0.946161
0.970147	-0.178656	-0.164001	0.219384	0.934751	0.279483	0.103369	-0.307119	0.946041
0.970224	-0.178390	-0.163834	0.219086	0.934790	0.279587	0.103275	-0.307156	0.946039
0.970323	-0.178117	-0.163547	0.218771	0.934759	0.279938	0.103015	-0.307410	0.945985
0.970334	-0.178421	-0.163148	0.218995	0.934552	0.280451	0.102432	-0.307860	0.945902
0.970277	-0.179149	-0.162687	0.219565	0.934385	0.280563	0.101750	-0.307944	0.945948
0.970239	-0.179758	-0.162243	0.220061	0.934130	0.281024	0.101040	-0.308364	0.945887
0.970192	-0.180061	-0.162188	0.220422	0.933799	0.281838	0.100703	-0.309187	0.945654
0.970183	-0.180101	-0.162202	0.220519	0.933622	0.282350	0.100584	-0.309700	0.945499
0.970190	-0.180145	-0.162110	0.220512	0.933683	0.282155	0.100530	-0.309491	0.945573
0.970247	-0.180359	-0.161528	0.220458	0.933915	0.281426	0.100095	-0.308663	0.945890
0.970514	-0.179667	-0.160695	0.219562	0.934035	0.281728	0.099477	-0.308703	0.945942
0.970845	-0.178576	-0.159906	0.218261	0.934349	0.281698	0.099104	-0.308387	0.946085
0.971025	-0.178367	-0.159047	0.217725	0.934664	0.281066	0.098523	-0.307551	0.946417
0.971147	-0.178167	-0.158525	0.217416	0.934602	0.281514	0.098001	-0.307857	0.946372
0.971271	-0.177958	-0.157997	0.217104	0.934513	0.282050	0.097457	-0.308249	0.946301
0.971321	-0.178264	-0.157344	0.217143	0.934655	0.281547	0.096873	-0.307639	0.946559
0.971296	-0.178900	-0.156777	0.217478	0.934871	0.280569	0.096373	-0.306611	0.946943
0.971191	-0.179227	-0.157053	0.217829	0.934933	0.280089	0.096635	-0.306231	0.947040
