0.969700	-0.149904	-0.192901	0.199559	0.941519	0.271511	0.140919	-0.301780	0.942905
0.969620	-0.150913	-0.192517	0.200383	0.941413	0.271271	0.140300	-0.301607	0.943053
0.969553	-0.151806	-0.192152	0.201141	0.941245	0.271293	0.139678	-0.301683	0.943121
0.969388	-0.152409	-0.192506	0.201841	0.941085	0.271327	0.139811	-0.301877	0.943039
0.969360	-0.152338	-0.192700	0.201864	0.941019	0.271542	0.139968	-0.302121	0.942938
0.969388	-0.151919	-0.192891	0.201540	0.941043	0.271699	0.140243	-0.302257	0.942854
0.969429	-0.151568	-0.192960	0.201235	0.941080	0.271795	0.140395	-0.302317	0.942812
0.969443	-0.151263	-0.193133	0.200977	0.941166	0.271689	0.140673	-0.302202	0.942807
0.969501	-0.150936	-0.193097	0.200660	0.941211	0.271767	0.140725	-0.302226	0.942792
0.969503	-0.150651	-0.193310	0.200477	0.941197	0.271951	0.140973	-0.302411	0.942695
0.969479	-0.150467	-0.193570	0.200404	0.941165	0.272115	0.141238	-0.302602	0.942594
0.969453	-0.150669	-0.193544	0.200610	0.941087	0.272234	0.141124	-0.302745	0.942565
0.969431	-0.150826	-0.193535	0.200783	0.941003	0.272396	0.141032	-0.302928	0.942520
0.969370	-0.150980	-0.193718	0.201014	0.940908	0.272552	0.141121	-0.303144	0.942437
0.969317	-0.151419	-0.193641	0.201458	0.940730	0.272838	0.140852	-0.303478	0.942371
0.969244	-0.151777	-0.193726	0.201851	0.940611	0.272960	0.140792	-0.303669	0.942318
0.969284	-0.151644	-0.193630	0.201665	0.940703	0.272780	0.140783	-0.303450	0.942390
0.969257	-0.151505	-0.193874	0.201624	0.940677	0.272901	0.141027	-0.303601	0.942304
0.969209	-0.151537	-0.194089	0.201682	0.940743	0.272628	0.141275	-0.303378	0.942339
0.969129	-0.151653	-0.194397	0.202000	0.940463	0.273358	0.141368	-0.304187	0.942064
0.969135	-0.151697	-0.194333	0.202063	0.940371	0.273629	0.141237	-0.304451	0.941999
0.969076	-0.151648	-0.194663	0.202101	0.940399	0.273505	0.141585	-0.304389	0.941967
0.969084	-0.151673	-0.194605	0.202057	0.940505	0.273174	0.141594	-0.304050	0.942075
0.969138	-0.151576	-0.194412	0.201859	0.940630	0.272887	0.141506	-0.303709	0.942198
