0.968670	-0.193647	-0.155499	0.231306	0.931424	0.280975	0.090425	-0.308140	0.947034
0.968592	-0.193903	-0.155661	0.231601	0.931355	0.280959	0.090497	-0.308186	0.947012
0.968599	-0.193770	-0.155788	0.231540	0.931286	0.281238	0.090587	-0.308478	0.946908
0.968816	-0.192701	-0.155765	0.230557	0.931363	0.281790	0.090772	-0.308916	0.946748
0.968945	-0.191988	-0.155842	0.229878	0.931588	0.281601	0.091116	-0.308680	0.946792
0.969069	-0.190932	-0.156367	0.229008	0.931862	0.281405	0.091983	-0.308510	0.946763
0.969185	-0.189694	-0.157149	0.228059	0.932105	0.281370	0.093105	-0.308539	0.946644
0.969260	-0.188896	-0.157647	0.227428	0.932321	0.281165	0.093866	-0.308375	0.946622
0.969173	-0.188364	-0.158813	0.227225	0.932542	0.280596	0.095245	-0.308032	0.946596
0.969061	-0.188662	-0.159149	0.227609	0.932467	0.280532	0.095475	-0.308077	0.946559
0.969015	-0.188896	-0.159147	0.227820	0.932460	0.280387	0.095434	-0.307956	0.946602
0.969073	-0.188710	-0.159018	0.227627	0.932428	0.280649	0.095311	-0.308166	0.946546
0.969141	-0.188648	-0.158676	0.227539	0.932213	0.281434	0.094828	-0.308854	0.946370
0.969126	-0.189049	-0.158290	0.227892	0.931856	0.282328	0.094129	-0.309685	0.946169
0.969047	-0.189931	-0.157717	0.228612	0.931522	0.282850	0.093195	-0.310151	0.946108
0.968946	-0.191653	-0.156247	0.229880	0.930970	0.283636	0.091102	-0.310746	0.946117
0.968947	-0.191985	-0.155831	0.230129	0.930711	0.284284	0.090456	-0.311318	0.945991
0.968915	-0.192057	-0.155942	0.230271	0.930554	0.284683	0.090437	-0.311742	0.945853
0.968938	-0.192130	-0.155709	0.230277	0.930522	0.284782	0.090176	-0.311792	0.945862
0.968948	-0.192139	-0.155637	0.230240	0.930605	0.284541	0.090165	-0.311539	0.945946
0.968892	-0.192185	-0.155929	0.230349	0.930668	0.284246	0.090490	-0.311321	0.945987
