0.994572	0.076161	0.070899	-0.055184	0.963727	-0.261121	-0.088215	0.255791	0.962699
0.994478	0.076617	0.071719	-0.055441	0.963785	-0.260853	-0.089107	0.255436	0.962711
0.994459	0.077123	0.071433	-0.055990	0.963714	-0.260999	-0.088970	0.255553	0.962692
0.994390	0.078262	0.071157	-0.057186	0.963703	-0.260778	-0.088984	0.255246	0.962773
0.994315	0.079233	0.071136	-0.058145	0.963683	-0.260643	-0.089204	0.255024	0.962811
0.994290	0.079601	0.071072	-0.058448	0.963460	-0.261397	-0.089282	0.255750	0.962611
0.994401	0.078837	0.070361	-0.057798	0.963225	-0.262405	-0.088461	0.256869	0.962389
0.994502	0.077680	0.070226	-0.056701	0.963255	-0.262536	-0.088040	0.257110	0.962363
0.994561	0.077030	0.070101	-0.056131	0.963370	-0.262234	-0.087734	0.256873	0.962455
0.994630	0.076435	0.069770	-0.055669	0.963483	-0.261920	-0.087242	0.256630	0.962564
0.994638	0.075973	0.070167	-0.055149	0.963606	-0.261576	-0.087486	0.256304	0.962629
0.994615	0.075639	0.070844	-0.054666	0.963677	-0.261415	-0.088044	0.256134	0.962623
0.994596	0.075417	0.071347	-0.054320	0.963693	-0.261429	-0.088472	0.256140	0.962582
0.994558	0.075589	0.071696	-0.054391	0.963671	-0.261496	-0.088858	0.256173	0.962538
0.994499	0.075791	0.072307	-0.054427	0.963665	-0.261509	-0.089500	0.256134	0.962489
0.994456	0.075781	0.072907	-0.054270	0.963693	-0.261439	-0.090072	0.256033	0.962463
0.994436	0.075768	0.073183	-0.054196	0.963725	-0.261335	-0.090330	0.255915	0.962470
0.994509	0.075313	0.072658	-0.053919	0.963825	-0.261026	-0.089688	0.255675	0.962594
0.994557	0.075014	0.072310	-0.053731	0.963871	-0.260893	-0.089268	0.255587	0.962656
0.994525	0.075366	0.072381	-0.054092	0.963962	-0.260483	-0.089404	0.255142	0.962761
0.994550	0.075109	0.072313	-0.053922	0.964150	-0.259821	-0.089236	0.254506	0.962945
0.994542	0.074730	0.072808	-0.053473	0.964308	-0.259327	-0.089589	0.254018	0.963041
0.994577	0.074476	0.072600	-0.053254	0.964244	-0.259609	-0.089339	0.254334	0.962981
0.994614	0.074558	0.071995	-0.053437	0.964083	-0.260170	-0.088807	0.254921	0.962875
0.994678	0.074134	0.071551	-0.053079	0.963924	-0.260831	-0.088306	0.255646	0.962729
