0.976604	-0.145057	-0.158753	0.179452	0.956515	0.229947	0.118495	-0.253056	0.960168
0.976508	-0.145520	-0.158920	0.179924	0.956475	0.229745	0.118571	-0.252942	0.960188
0.976464	-0.145690	-0.159034	0.180110	0.956460	0.229663	0.118650	-0.252902	0.960189
0.976400	-0.146020	-0.159128	0.180469	0.956371	0.229752	0.118637	-0.253047	0.960152
0.976332	-0.146104	-0.159465	0.180638	0.956338	0.229755	0.118934	-0.253123	0.960096
0.976215	-0.145895	-0.160374	0.180714	0.956234	0.230127	0.119781	-0.253635	0.959855
0.976183	-0.145669	-0.160771	0.180674	0.956091	0.230753	0.120098	-0.254304	0.959638
0.976263	-0.145064	-0.160833	0.180151	0.956088	0.231174	0.120236	-0.254661	0.959526
0.976384	-0.144494	-0.160612	0.179502	0.956273	0.230912	0.120223	-0.254289	0.959627
0.976521	-0.144065	-0.160161	0.178904	0.956501	0.230431	0.119997	-0.253674	0.959818
0.976606	-0.143832	-0.159854	0.178564	0.956629	0.230166	0.119816	-0.253326	0.959932
0.976674	-0.143617	-0.159634	0.178332	0.956603	0.230452	0.119610	-0.253544	0.959900
0.976684	-0.143551	-0.159631	0.178295	0.956556	0.230677	0.119582	-0.253760	0.959847
0.976595	-0.143988	-0.159778	0.178830	0.956322	0.231229	0.119505	-0.254391	0.959689
0.976654	-0.143799	-0.159588	0.178669	0.956211	0.231814	0.119265	-0.254916	0.959580
0.976717	-0.143275	-0.159674	0.178251	0.956147	0.232400	0.119375	-0.255451	0.959424
0.976746	-0.142987	-0.159754	0.178044	0.956078	0.232840	0.119444	-0.255869	0.959304
0.976753	-0.142932	-0.159761	0.178009	0.956052	0.232974	0.119440	-0.255997	0.959270
0.976717	-0.142534	-0.160336	0.177646	0.956360	0.231987	0.120273	-0.255068	0.959414
0.976677	-0.142500	-0.160609	0.177637	0.956451	0.231617	0.120609	-0.254745	0.959457
0.976655	-0.142443	-0.160795	0.177586	0.956545	0.231270	0.120865	-0.254426	0.959510
