0.968087	-0.159201	-0.193551	0.210087	0.936609	0.280406	0.136641	-0.312120	0.940165
0.968024	-0.159389	-0.193715	0.210350	0.936490	0.280606	0.136686	-0.312381	0.940072
0.967974	-0.159736	-0.193679	0.210728	0.936294	0.280974	0.136459	-0.312789	0.939969
0.967879	-0.159987	-0.193946	0.211143	0.936022	0.281571	0.136490	-0.313477	0.939736
0.967865	-0.159860	-0.194121	0.211059	0.936077	0.281450	0.136720	-0.313376	0.939736
0.967870	-0.160104	-0.193894	0.211134	0.936242	0.280846	0.136567	-0.312760	0.939963
0.967893	-0.160097	-0.193781	0.211015	0.936427	0.280318	0.136584	-0.312208	0.940144
0.967874	-0.159844	-0.194089	0.210878	0.936437	0.280387	0.136934	-0.312308	0.940060
0.967843	-0.159791	-0.194286	0.211009	0.936164	0.281198	0.136951	-0.313151	0.939777
0.967841	-0.159867	-0.194234	0.211179	0.935891	0.281977	0.136703	-0.313927	0.939554
0.967882	-0.159652	-0.194206	0.211003	0.935846	0.282259	0.136684	-0.314171	0.939475
0.967969	-0.159252	-0.194102	0.210504	0.936121	0.281718	0.136839	-0.313553	0.939659
0.967976	-0.159311	-0.194017	0.210493	0.936209	0.281435	0.136805	-0.313261	0.939762
0.968028	-0.159235	-0.193821	0.210401	0.936135	0.281749	0.136578	-0.313521	0.939708
0.968139	-0.158785	-0.193634	0.210036	0.935946	0.282648	0.136351	-0.314313	0.939476
0.968326	-0.158549	-0.192890	0.209673	0.935808	0.283375	0.135579	-0.314843	0.939411
0.968491	-0.158575	-0.192038	0.209503	0.935676	0.283936	0.134660	-0.315222	0.939416
0.968585	-0.158640	-0.191513	0.209511	0.935426	0.284753	0.133973	-0.315931	0.939276
0.968723	-0.158617	-0.190829	0.209396	0.935175	0.285659	0.133148	-0.316684	0.939140
0.968777	-0.159035	-0.190207	0.209633	0.935043	0.285916	0.132381	-0.316863	0.939188
0.968759	-0.159458	-0.189944	0.209912	0.935075	0.285609	0.132070	-0.316558	0.939334
0.968749	-0.159698	-0.189792	0.210032	0.935185	0.285158	0.131951	-0.316109	0.939502
0.968685	-0.159646	-0.190162	0.210041	0.935316	0.284723	0.132406	-0.315749	0.939559
