0.975470	-0.145184	-0.165469	0.181539	0.955709	0.231653	0.124508	-0.256010	0.958622
0.975574	-0.144699	-0.165282	0.181064	0.955706	0.232039	0.124385	-0.256298	0.958561
0.975757	-0.143706	-0.165066	0.180096	0.955774	0.232510	0.124353	-0.256601	0.958484
0.975787	-0.143647	-0.164939	0.179980	0.955841	0.232324	0.124282	-0.256385	0.958551
0.975814	-0.143798	-0.164651	0.179992	0.955953	0.231855	0.124059	-0.255883	0.958714
0.975766	-0.143979	-0.164775	0.180179	0.955960	0.231681	0.124161	-0.255756	0.958735
0.975668	-0.144378	-0.165007	0.180655	0.955826	0.231863	0.124242	-0.256030	0.958651
0.975734	-0.144691	-0.164341	0.180873	0.955624	0.232526	0.123404	-0.256608	0.958605
0.975809	-0.144323	-0.164218	0.180578	0.955495	0.233283	0.123241	-0.257294	0.958442
0.975894	-0.143730	-0.164234	0.180085	0.955429	0.233934	0.123290	-0.257871	0.958281
0.975944	-0.143247	-0.164360	0.179674	0.955452	0.234157	0.123495	-0.258055	0.958205
0.976012	-0.142707	-0.164425	0.179188	0.955495	0.234354	0.123663	-0.258195	0.958145
0.975976	-0.142493	-0.164821	0.179016	0.955654	0.233836	0.124191	-0.257724	0.958204
0.975927	-0.142722	-0.164917	0.179101	0.955947	0.232568	0.124459	-0.256506	0.958496
0.975824	-0.143278	-0.165040	0.179504	0.956197	0.231227	0.124681	-0.255262	0.958799
0.975629	-0.144209	-0.165386	0.180516	0.955988	0.231301	0.124752	-0.255519	0.958722
0.975644	-0.144284	-0.165231	0.180707	0.955657	0.232519	0.124355	-0.256714	0.958454
0.975681	-0.144098	-0.165176	0.180627	0.955451	0.233423	0.124181	-0.257582	0.958244
0.975744	-0.143871	-0.165001	0.180366	0.955487	0.233480	0.124066	-0.257577	0.958260
0.975831	-0.143703	-0.164629	0.180021	0.955710	0.232833	0.123879	-0.256842	0.958481
0.975935	-0.143614	-0.164090	0.179729	0.955882	0.232351	0.123482	-0.256251	0.958690
