0.965277	-0.162412	-0.204605	0.215230	0.938333	0.270570	0.148044	-0.305212	0.940707
0.965263	-0.163184	-0.204055	0.215974	0.937853	0.271639	0.147047	-0.306273	0.940518
0.965205	-0.163979	-0.203693	0.216589	0.937790	0.271365	0.146523	-0.306041	0.940675
0.965030	-0.164807	-0.203850	0.217439	0.937601	0.271337	0.146412	-0.306174	0.940649
0.964832	-0.165846	-0.203947	0.218528	0.937257	0.271651	0.146099	-0.306666	0.940538
0.964647	-0.166921	-0.203947	0.219605	0.936945	0.271859	0.145708	-0.307036	0.940478
0.964250	-0.168245	-0.204734	0.221116	0.936635	0.271704	0.146048	-0.307260	0.940352
0.964001	-0.169078	-0.205219	0.221926	0.936727	0.270725	0.146460	-0.306522	0.940528
0.963841	-0.169704	-0.205451	0.222429	0.936940	0.269573	0.146747	-0.305524	0.940808
0.963720	-0.169865	-0.205889	0.222575	0.937178	0.268621	0.147326	-0.304702	0.940985
0.963654	-0.169829	-0.206226	0.222612	0.937232	0.268404	0.147699	-0.304557	0.940973
0.963591	-0.169969	-0.206407	0.222843	0.937108	0.268644	0.147765	-0.304859	0.940865
0.963518	-0.169959	-0.206751	0.222988	0.936989	0.268939	0.148015	-0.305231	0.940705
0.963473	-0.169883	-0.207024	0.223058	0.936868	0.269303	0.148204	-0.305645	0.940541
0.963517	-0.169667	-0.206996	0.222884	0.936827	0.269588	0.148179	-0.305889	0.940465
0.963636	-0.169241	-0.206791	0.222446	0.936854	0.269854	0.148062	-0.306041	0.940434
0.963809	-0.168681	-0.206442	0.221855	0.936879	0.270257	0.147824	-0.306276	0.940395
0.964208	-0.168031	-0.205107	0.220947	0.936823	0.271192	0.146580	-0.306803	0.940418
0.964357	-0.167737	-0.204644	0.220658	0.936623	0.272117	0.146030	-0.307574	0.940252
0.964403	-0.167543	-0.204586	0.220516	0.936534	0.272536	0.145941	-0.307950	0.940143
0.964479	-0.167388	-0.204355	0.220317	0.936534	0.272698	0.145739	-0.308035	0.940146
