0.966482	-0.161309	-0.199730	0.212224	0.939768	0.267949	0.144478	-0.301356	0.942503
0.966513	-0.161246	-0.199631	0.212071	0.939917	0.267549	0.144495	-0.300926	0.942637
0.966479	-0.161214	-0.199821	0.212019	0.940077	0.267028	0.144798	-0.300442	0.942745
0.966419	-0.161440	-0.199930	0.212238	0.940090	0.266807	0.144879	-0.300280	0.942784
0.966354	-0.161660	-0.200067	0.212533	0.939953	0.267054	0.144881	-0.300590	0.942685
0.966308	-0.161687	-0.200264	0.212698	0.939772	0.267561	0.144941	-0.301142	0.942500
0.966251	-0.161816	-0.200435	0.212928	0.939625	0.267893	0.144984	-0.301530	0.942369
0.966061	-0.162655	-0.200670	0.213823	0.939411	0.267932	0.144931	-0.301746	0.942308
0.965978	-0.163247	-0.200589	0.214442	0.939143	0.268377	0.144570	-0.302261	0.942198
0.965871	-0.163605	-0.200816	0.215031	0.938688	0.269493	0.144413	-0.303477	0.941832
0.965818	-0.163967	-0.200776	0.215519	0.938297	0.270463	0.144040	-0.304489	0.941562
0.965851	-0.164273	-0.200368	0.215753	0.938120	0.270890	0.143469	-0.304869	0.941526
0.965908	-0.164300	-0.200069	0.215684	0.938138	0.270881	0.143187	-0.304798	0.941592
0.965951	-0.164051	-0.200065	0.215477	0.938118	0.271118	0.143207	-0.304997	0.941525
0.965987	-0.163825	-0.200075	0.215270	0.938148	0.271178	0.143274	-0.305025	0.941505
0.966062	-0.163514	-0.199970	0.214910	0.938277	0.271017	0.143312	-0.304795	0.941574
0.966107	-0.163125	-0.200070	0.214466	0.938563	0.270377	0.143673	-0.304122	0.941737
0.966161	-0.162851	-0.200032	0.214075	0.938866	0.269635	0.143892	-0.303333	0.941958
0.966168	-0.162788	-0.200051	0.213934	0.939058	0.269075	0.144057	-0.302770	0.942114
0.966202	-0.162474	-0.200140	0.213631	0.939176	0.268906	0.144277	-0.302574	0.942143
0.966236	-0.162076	-0.200299	0.213339	0.939158	0.269200	0.144482	-0.302842	0.942025
0.966360	-0.161614	-0.200074	0.212900	0.939106	0.269729	0.144298	-0.303251	0.941922
0.966382	-0.161593	-0.199985	0.212856	0.939109	0.269754	0.144218	-0.303254	0.941933
