0.972883	-0.153249	-0.173245	0.192689	0.951315	0.240562	0.127945	-0.267421	0.955048
0.972784	-0.153605	-0.173482	0.193302	0.950813	0.242053	0.127768	-0.269000	0.954628
0.972706	-0.153880	-0.173676	0.193738	0.950507	0.242904	0.127702	-0.269922	0.954376
0.972658	-0.154083	-0.173766	0.193957	0.950472	0.242866	0.127738	-0.269929	0.954370
0.972686	-0.153946	-0.173729	0.193745	0.950644	0.242361	0.127844	-0.269400	0.954505
0.972711	-0.153819	-0.173702	0.193534	0.950839	0.241764	0.127975	-0.268784	0.954661
0.972731	-0.154030	-0.173402	0.193577	0.950982	0.241166	0.127755	-0.268157	0.954867
0.972758	-0.153836	-0.173427	0.193301	0.951213	0.240474	0.127972	-0.267447	0.955037
0.972850	-0.153341	-0.173350	0.192839	0.951227	0.240792	0.127972	-0.267683	0.954971
0.972939	-0.152822	-0.173308	0.192344	0.951281	0.240972	0.128039	-0.267786	0.954933
0.973036	-0.152314	-0.173206	0.191810	0.951407	0.240903	0.128097	-0.267630	0.954969
0.973210	-0.151130	-0.173270	0.190662	0.951653	0.240842	0.128495	-0.267426	0.954973
0.973298	-0.150410	-0.173400	0.190044	0.951683	0.241213	0.128741	-0.267726	0.954855
0.973239	-0.150581	-0.173584	0.190271	0.951618	0.241287	0.128852	-0.267858	0.954803
0.973029	-0.151461	-0.173996	0.191151	0.951617	0.240597	0.129137	-0.267367	0.954902
0.972771	-0.152343	-0.174669	0.192125	0.951556	0.240061	0.129636	-0.267082	0.954915
0.972658	-0.152628	-0.175045	0.192545	0.951400	0.240341	0.129856	-0.267474	0.954775
0.972573	-0.152666	-0.175488	0.192796	0.951179	0.241017	0.130125	-0.268240	0.954523
0.972544	-0.152836	-0.175497	0.193041	0.950989	0.241570	0.129975	-0.268816	0.954382
0.972834	-0.152147	-0.174486	0.192277	0.950788	0.242963	0.128933	-0.269912	0.954214
0.972858	-0.152170	-0.174329	0.192296	0.950708	0.243262	0.128719	-0.270182	0.954166
0.972818	-0.152610	-0.174170	0.192700	0.950591	0.243400	0.128419	-0.270346	0.954160
