0.966968	-0.159534	-0.198798	0.210427	0.939764	0.269378	0.143849	-0.302312	0.942292
0.966985	-0.159352	-0.198866	0.210297	0.939744	0.269548	0.143930	-0.302469	0.942230
0.966957	-0.159246	-0.199086	0.210288	0.939698	0.269714	0.144129	-0.302668	0.942135
0.966915	-0.159378	-0.199183	0.210474	0.939605	0.269893	0.144138	-0.302887	0.942064
0.966910	-0.159458	-0.199142	0.210539	0.939590	0.269898	0.144074	-0.302894	0.942071
0.966934	-0.159335	-0.199126	0.210398	0.939654	0.269783	0.144123	-0.302758	0.942107
0.966973	-0.159372	-0.198908	0.210373	0.939644	0.269837	0.143899	-0.302770	0.942138
0.966840	-0.160216	-0.198876	0.211167	0.939496	0.269731	0.143628	-0.302783	0.942175
0.966783	-0.160379	-0.199023	0.211430	0.939329	0.270110	0.143628	-0.303217	0.942035
0.966697	-0.160437	-0.199390	0.211684	0.939115	0.270655	0.143827	-0.303849	0.941801
0.966669	-0.160638	-0.199365	0.211890	0.939034	0.270773	0.143714	-0.303992	0.941772
0.966693	-0.160789	-0.199128	0.211931	0.939085	0.270564	0.143494	-0.303754	0.941883
0.966778	-0.160771	-0.198727	0.211817	0.939055	0.270757	0.143086	-0.303856	0.941912
0.966880	-0.160571	-0.198394	0.211573	0.939005	0.271120	0.142759	-0.304115	0.941878
0.966983	-0.160427	-0.198005	0.211393	0.938888	0.271665	0.142322	-0.304552	0.941803
0.967073	-0.160330	-0.197645	0.211215	0.938874	0.271853	0.141978	-0.304648	0.941824
0.967073	-0.160173	-0.197772	0.211054	0.939003	0.271532	0.142217	-0.304331	0.941890
0.967105	-0.160076	-0.197696	0.210869	0.939174	0.271086	0.142277	-0.303856	0.942034
0.967143	-0.159990	-0.197582	0.210715	0.939272	0.270865	0.142247	-0.303598	0.942122
0.967135	-0.159773	-0.197793	0.210565	0.939316	0.270827	0.142519	-0.303575	0.942088
0.967097	-0.159737	-0.198010	0.210590	0.939326	0.270773	0.142744	-0.303563	0.942058
0.967180	-0.159473	-0.197816	0.210218	0.939512	0.270416	0.142727	-0.303125	0.942202
