0.970117	-0.181241	-0.161323	0.220963	0.934588	0.278784	0.100244	-0.306099	0.946707
0.970071	-0.181313	-0.161514	0.221059	0.934659	0.278470	0.100471	-0.305840	0.946767
0.970061	-0.181181	-0.161725	0.220951	0.934814	0.278036	0.100808	-0.305445	0.946858
0.970045	-0.180603	-0.162465	0.220468	0.935357	0.276588	0.102010	-0.304121	0.947156
0.969983	-0.180589	-0.162852	0.220489	0.935586	0.275797	0.102556	-0.303426	0.947320
0.969894	-0.180700	-0.163258	0.220648	0.935747	0.275123	0.103054	-0.302862	0.947446
0.969819	-0.180711	-0.163692	0.220738	0.935873	0.274621	0.103568	-0.302466	0.947517
0.969696	-0.180780	-0.164341	0.220986	0.935865	0.274449	0.104186	-0.302450	0.947454
0.969614	-0.180820	-0.164781	0.221171	0.935791	0.274550	0.104556	-0.302652	0.947349
0.969594	-0.180629	-0.165108	0.221132	0.935682	0.274955	0.104823	-0.303106	0.947174
0.969614	-0.180337	-0.165311	0.220943	0.935647	0.275226	0.105039	-0.303387	0.947060
0.969633	-0.180192	-0.165355	0.220841	0.935607	0.275441	0.105075	-0.303594	0.946990
0.969636	-0.180158	-0.165378	0.220809	0.935629	0.275395	0.105118	-0.303549	0.946999
0.969689	-0.179933	-0.165310	0.220561	0.935716	0.275298	0.105149	-0.303414	0.947039
0.969734	-0.179319	-0.165712	0.220086	0.935845	0.275237	0.105725	-0.303378	0.946987
0.969824	-0.178609	-0.165950	0.219487	0.935951	0.275355	0.106140	-0.303470	0.946911
0.969943	-0.177220	-0.166745	0.218459	0.936020	0.275940	0.107174	-0.304073	0.946601
0.969913	-0.177462	-0.166661	0.218721	0.935817	0.276420	0.106910	-0.304556	0.946476
0.969938	-0.177699	-0.166264	0.218909	0.935556	0.277154	0.106299	-0.305219	0.946331
0.969858	-0.179036	-0.165290	0.219846	0.935469	0.276706	0.105083	-0.304704	0.946632
0.969745	-0.179901	-0.165015	0.220548	0.935428	0.276285	0.104655	-0.304319	0.946804
