0.978746	-0.136037	-0.153458	0.170279	0.956107	0.238464	0.114283	-0.259527	0.958950
0.978743	-0.136112	-0.153415	0.170410	0.955940	0.239039	0.114120	-0.260102	0.958814
0.978684	-0.136206	-0.153705	0.170674	0.955691	0.239845	0.114226	-0.260966	0.958566
0.978776	-0.135643	-0.153618	0.170040	0.955933	0.239329	0.114385	-0.260371	0.958709
0.978800	-0.135208	-0.153849	0.169611	0.956147	0.238777	0.114818	-0.259809	0.958810
0.978830	-0.135011	-0.153829	0.169367	0.956285	0.238398	0.114918	-0.259405	0.958907
0.978860	-0.134161	-0.154382	0.168615	0.956556	0.237842	0.115766	-0.258846	0.958956
0.978909	-0.133668	-0.154498	0.168202	0.956552	0.238153	0.115951	-0.259117	0.958861
0.978875	-0.133420	-0.154929	0.168132	0.956442	0.238641	0.116341	-0.259648	0.958670
0.978782	-0.133597	-0.155364	0.168450	0.956326	0.238882	0.116665	-0.259984	0.958539
0.978641	-0.134130	-0.155790	0.169052	0.956285	0.238620	0.116974	-0.259860	0.958535
0.978563	-0.134683	-0.155801	0.169580	0.956223	0.238496	0.116859	-0.259804	0.958564
0.978494	-0.135240	-0.155755	0.170135	0.956075	0.238691	0.116633	-0.260058	0.958523
0.978462	-0.135835	-0.155436	0.170632	0.955989	0.238683	0.116174	-0.260065	0.958577
0.978363	-0.136587	-0.155401	0.171299	0.955989	0.238207	0.116025	-0.259673	0.958701
0.978216	-0.137398	-0.155615	0.172094	0.955958	0.237756	0.116094	-0.259357	0.958778
0.978213	-0.137665	-0.155392	0.172285	0.955948	0.237659	0.115830	-0.259253	0.958839
0.978264	-0.137499	-0.155223	0.172126	0.955877	0.238059	0.115641	-0.259602	0.958767
0.978353	-0.137626	-0.154549	0.172163	0.955680	0.238820	0.114831	-0.260257	0.958687
0.978358	-0.138028	-0.154154	0.172443	0.955646	0.238754	0.114362	-0.260169	0.958767
0.978290	-0.138417	-0.154241	0.172772	0.955740	0.238140	0.114452	-0.259618	0.958905
0.978212	-0.138705	-0.154473	0.173044	0.955840	0.237542	0.114704	-0.259097	0.959016
