0.967988	-0.159868	-0.193497	0.208705	0.940917	0.266678	0.139431	-0.298524	0.944162
0.967913	-0.159953	-0.193802	0.208914	0.940810	0.266894	0.139641	-0.298818	0.944038
0.967967	-0.159965	-0.193524	0.208920	0.940653	0.267440	0.139258	-0.299304	0.943941
0.968049	-0.159692	-0.193340	0.208729	0.940442	0.268330	0.138975	-0.300112	0.943726
0.968131	-0.159147	-0.193376	0.208356	0.940244	0.269313	0.138960	-0.301022	0.943438
0.968183	-0.159103	-0.193154	0.208298	0.940152	0.269676	0.138688	-0.301330	0.943380
0.968237	-0.158800	-0.193132	0.207982	0.940251	0.269577	0.138784	-0.301183	0.943413
0.968344	-0.157907	-0.193329	0.207242	0.940284	0.270030	0.139145	-0.301547	0.943243
0.968406	-0.157752	-0.193145	0.207012	0.940380	0.269874	0.139056	-0.301331	0.943326
0.968381	-0.157744	-0.193276	0.206919	0.940644	0.269022	0.139368	-0.300508	0.943542
0.968101	-0.158466	-0.194085	0.207555	0.941109	0.266899	0.140360	-0.298668	0.943979
0.967993	-0.159071	-0.194127	0.208186	0.940913	0.267097	0.140169	-0.298963	0.943914
0.967914	-0.159837	-0.193895	0.208891	0.940696	0.267311	0.139670	-0.299237	0.943901
0.967789	-0.160434	-0.194023	0.209460	0.940667	0.266970	0.139680	-0.299010	0.943972
0.967688	-0.160750	-0.194264	0.209726	0.940828	0.266190	0.139979	-0.298331	0.944142
0.967649	-0.160898	-0.194341	0.209837	0.940910	0.265813	0.140088	-0.297993	0.944233
0.967696	-0.160775	-0.194205	0.209683	0.940932	0.265858	0.139991	-0.297991	0.944248
0.967695	-0.160282	-0.194618	0.209455	0.940745	0.266698	0.140339	-0.298846	0.943926
0.967715	-0.160088	-0.194678	0.209324	0.940700	0.266957	0.140397	-0.299089	0.943840
0.967777	-0.159695	-0.194690	0.208943	0.940789	0.266943	0.140533	-0.299021	0.943842
0.967775	-0.159482	-0.194875	0.208718	0.940982	0.266438	0.140882	-0.298526	0.943946
0.967740	-0.159584	-0.194968	0.208796	0.941060	0.266103	0.141011	-0.298227	0.944022
