0.965972	-0.162744	-0.201030	0.214694	0.937952	0.272308	0.144240	-0.306202	0.940976
0.966076	-0.162393	-0.200814	0.214397	0.937807	0.273040	0.143985	-0.306832	0.940810
0.966175	-0.161965	-0.200684	0.214004	0.937776	0.273455	0.143907	-0.307153	0.940717
0.966338	-0.161467	-0.200297	0.213368	0.937980	0.273255	0.143753	-0.306794	0.940857
0.966522	-0.160982	-0.199798	0.212720	0.938164	0.273127	0.143475	-0.306484	0.941001
0.966688	-0.160115	-0.199695	0.211913	0.938217	0.273571	0.143555	-0.306775	0.940894
0.966839	-0.159301	-0.199612	0.211215	0.938148	0.274349	0.143561	-0.307412	0.940685
0.966810	-0.158954	-0.200028	0.211058	0.938093	0.274655	0.143988	-0.307757	0.940507
0.966820	-0.158454	-0.200378	0.210682	0.938180	0.274648	0.144472	-0.307752	0.940434
0.966873	-0.158527	-0.200063	0.210645	0.938203	0.274596	0.144169	-0.307642	0.940517
0.967124	-0.159362	-0.198181	0.210987	0.937876	0.275449	0.141973	-0.308207	0.940666
0.967119	-0.159839	-0.197818	0.211362	0.937738	0.275634	0.141444	-0.308382	0.940688
0.967048	-0.160166	-0.197900	0.211646	0.937789	0.275241	0.141504	-0.308057	0.940786
0.966876	-0.160178	-0.198732	0.211844	0.937897	0.274721	0.142386	-0.307721	0.940762
0.966695	-0.160405	-0.199429	0.212235	0.937905	0.274390	0.143032	-0.307577	0.940711
0.966545	-0.160967	-0.199702	0.212783	0.937941	0.273842	0.143229	-0.307173	0.940813
0.966389	-0.161245	-0.200233	0.213117	0.938064	0.273162	0.143785	-0.306654	0.940898
0.966161	-0.161699	-0.200964	0.213682	0.938140	0.272457	0.144476	-0.306180	0.940947
0.966131	-0.161812	-0.201019	0.213791	0.938147	0.272347	0.144516	-0.306099	0.940967
0.966164	-0.161805	-0.200863	0.213702	0.938230	0.272131	0.144424	-0.305848	0.941063
0.966176	-0.161786	-0.200820	0.213626	0.938331	0.271843	0.144455	-0.305548	0.941155
0.966157	-0.161947	-0.200783	0.213724	0.938397	0.271537	0.144440	-0.305260	0.941251
