0.967418	-0.153121	-0.201635	0.205829	0.939398	0.274165	0.147435	-0.306734	0.940307
0.967365	-0.153827	-0.201350	0.206346	0.939430	0.273664	0.147058	-0.306281	0.940514
0.967342	-0.154202	-0.201176	0.206637	0.939400	0.273549	0.146803	-0.306186	0.940584
0.967233	-0.154566	-0.201417	0.207120	0.939195	0.273886	0.146837	-0.306629	0.940435
0.967164	-0.155000	-0.201417	0.207609	0.938960	0.274322	0.146603	-0.307130	0.940308
0.967125	-0.155339	-0.201342	0.207913	0.938895	0.274313	0.146427	-0.307157	0.940326
0.967042	-0.155939	-0.201277	0.208423	0.938880	0.273979	0.146251	-0.306900	0.940438
0.966974	-0.156507	-0.201163	0.208856	0.938939	0.273445	0.146084	-0.306429	0.940617
0.966879	-0.156801	-0.201390	0.209120	0.939055	0.272846	0.146333	-0.305923	0.940743
0.966778	-0.156749	-0.201913	0.209214	0.939073	0.272713	0.146864	-0.305896	0.940669
0.966727	-0.156850	-0.202080	0.209336	0.939098	0.272531	0.147027	-0.305766	0.940686
0.966658	-0.156668	-0.202553	0.209211	0.939307	0.271907	0.147660	-0.305217	0.940765
0.966687	-0.156623	-0.202450	0.209166	0.939258	0.272110	0.147534	-0.305391	0.940729
0.966776	-0.156694	-0.201969	0.209149	0.939140	0.272531	0.146973	-0.305718	0.940710
0.966865	-0.156732	-0.201512	0.209100	0.939042	0.272905	0.146455	-0.305999	0.940700
0.966911	-0.156812	-0.201231	0.209139	0.938939	0.273230	0.146098	-0.306274	0.940665
0.966893	-0.157163	-0.201044	0.209430	0.938856	0.273293	0.145800	-0.306349	0.940687
0.966850	-0.157395	-0.201069	0.209714	0.938700	0.273610	0.145679	-0.306707	0.940589
0.966917	-0.157387	-0.200749	0.209644	0.938641	0.273867	0.145328	-0.306892	0.940583
0.966965	-0.157265	-0.200613	0.209490	0.938662	0.273913	0.145231	-0.306890	0.940599
0.967072	-0.156952	-0.200344	0.209149	0.938647	0.274224	0.145012	-0.307096	0.940565
0.967255	-0.156473	-0.199837	0.208608	0.938604	0.274783	0.144571	-0.307473	0.940510
