0.967493	-0.163227	-0.193169	0.213357	0.936907	0.276918	0.135781	-0.309130	0.941277
0.967520	-0.162797	-0.193394	0.213001	0.937008	0.276851	0.136142	-0.309052	0.941250
0.967594	-0.161900	-0.193781	0.212320	0.937031	0.277295	0.136685	-0.309453	0.941040
0.967628	-0.160304	-0.194932	0.211173	0.937227	0.277511	0.138209	-0.309691	0.940739
0.967536	-0.160081	-0.195572	0.211108	0.937349	0.277147	0.138953	-0.309436	0.940713
0.967533	-0.159853	-0.195775	0.210958	0.937367	0.277198	0.139202	-0.309499	0.940656
0.967604	-0.159616	-0.195615	0.210769	0.937226	0.277818	0.138991	-0.310047	0.940506
0.967707	-0.159199	-0.195448	0.210406	0.937119	0.278454	0.138828	-0.310585	0.940353
0.967716	-0.159198	-0.195404	0.210437	0.937020	0.278766	0.138718	-0.310886	0.940270
0.967683	-0.159686	-0.195168	0.210825	0.936952	0.278702	0.138358	-0.310841	0.940338
0.967531	-0.160416	-0.195322	0.211535	0.936885	0.278388	0.138337	-0.310666	0.940399
0.967350	-0.161438	-0.195376	0.212546	0.936647	0.278419	0.138051	-0.310856	0.940378
0.967275	-0.162114	-0.195186	0.213183	0.936414	0.278715	0.137592	-0.311204	0.940330
0.967198	-0.162437	-0.195300	0.213543	0.936310	0.278788	0.137576	-0.311348	0.940285
0.966982	-0.163045	-0.195862	0.214302	0.936157	0.278719	0.137914	-0.311490	0.940188
0.966741	-0.164072	-0.196193	0.215415	0.935876	0.278806	0.137868	-0.311796	0.940093
0.966662	-0.164933	-0.195862	0.216138	0.935717	0.278780	0.137292	-0.311819	0.940170
0.966682	-0.165242	-0.195502	0.216339	0.935637	0.278892	0.136834	-0.311895	0.940212
0.966473	-0.166408	-0.195548	0.217522	0.935279	0.279171	0.136436	-0.312347	0.940119
0.966277	-0.167223	-0.195821	0.218385	0.935107	0.279074	0.136446	-0.312428	0.940091
0.966199	-0.167595	-0.195887	0.218703	0.935162	0.278640	0.136487	-0.312063	0.940206
0.966139	-0.167523	-0.196244	0.218710	0.935238	0.278379	0.136900	-0.311874	0.940209
0.966075	-0.167289	-0.196757	0.218631	0.935292	0.278262	0.137475	-0.311840	0.940136
