0.964657	-0.167940	-0.203058	0.220408	0.936575	0.272483	0.144418	-0.307608	0.940490
0.964726	-0.168346	-0.202393	0.220573	0.936570	0.272368	0.143703	-0.307403	0.940666
0.964741	-0.168594	-0.202116	0.220787	0.936404	0.272765	0.143276	-0.307772	0.940611
0.964784	-0.168830	-0.201715	0.220987	0.936168	0.273412	0.142679	-0.308359	0.940509
0.964826	-0.168855	-0.201491	0.220962	0.936132	0.273556	0.142431	-0.308456	0.940515
0.964868	-0.168462	-0.201618	0.220594	0.936269	0.273383	0.142714	-0.308255	0.940538
0.965004	-0.166916	-0.202252	0.219244	0.936685	0.273045	0.143871	-0.307833	0.940500
0.964990	-0.166635	-0.202553	0.218999	0.936871	0.272602	0.144341	-0.307417	0.940564
0.964894	-0.166984	-0.202724	0.219327	0.936917	0.272182	0.144485	-0.307089	0.940649
0.964782	-0.167330	-0.202969	0.219700	0.936907	0.271914	0.144664	-0.306930	0.940673
0.964675	-0.167357	-0.203452	0.219859	0.936908	0.271782	0.145131	-0.306912	0.940607
0.964549	-0.167427	-0.203993	0.220095	0.936859	0.271760	0.145613	-0.307023	0.940497
0.964472	-0.167615	-0.204201	0.220326	0.936838	0.271644	0.145772	-0.306984	0.940485
0.964486	-0.166804	-0.204800	0.219627	0.937190	0.270995	0.146733	-0.306350	0.940542
0.964564	-0.166030	-0.205063	0.218890	0.937488	0.270561	0.147323	-0.305860	0.940609
0.964576	-0.165616	-0.205342	0.218502	0.937714	0.270092	0.147820	-0.305392	0.940683
0.964580	-0.165381	-0.205509	0.218275	0.937860	0.269767	0.148124	-0.305069	0.940740
0.964579	-0.165259	-0.205611	0.218146	0.937969	0.269492	0.148321	-0.304799	0.940797
0.964536	-0.164928	-0.206081	0.217956	0.938041	0.269395	0.148881	-0.304758	0.940722
0.964569	-0.164903	-0.205947	0.217944	0.937947	0.269734	0.148688	-0.305062	0.940654
0.964638	-0.165046	-0.205509	0.217927	0.937982	0.269624	0.148263	-0.304876	0.940781
