0.966676	-0.159474	-0.200265	0.211713	0.937800	0.275151	0.143929	-0.308381	0.940312
0.967051	-0.157618	-0.199923	0.209946	0.937924	0.276083	0.143997	-0.308960	0.940111
0.967392	-0.156093	-0.199471	0.208407	0.938106	0.276629	0.143945	-0.309179	0.940047
0.967658	-0.155215	-0.198864	0.207364	0.938332	0.276644	0.143661	-0.308934	0.940171
0.967825	-0.154217	-0.198829	0.206353	0.938617	0.276435	0.143993	-0.308570	0.940240
0.967957	-0.153376	-0.198833	0.205483	0.938914	0.276074	0.144344	-0.308084	0.940345
0.968111	-0.153074	-0.198315	0.204932	0.939215	0.275459	0.144095	-0.307316	0.940634
0.968095	-0.153811	-0.197825	0.205318	0.939463	0.274323	0.143655	-0.306187	0.941070
0.967948	-0.155034	-0.197591	0.206327	0.939442	0.273638	0.143202	-0.305636	0.941318
0.967895	-0.157457	-0.195925	0.208111	0.939131	0.273356	0.140957	-0.305354	0.941748
0.967776	-0.158322	-0.195817	0.208968	0.938840	0.273701	0.140508	-0.305800	0.941671
0.967581	-0.159162	-0.196098	0.209832	0.938726	0.273430	0.140563	-0.305713	0.941691
0.967530	-0.159413	-0.196147	0.210008	0.938847	0.272880	0.140652	-0.305212	0.941840
0.967451	-0.159317	-0.196613	0.210025	0.938913	0.272637	0.141167	-0.305057	0.941813
0.967415	-0.159179	-0.196902	0.209953	0.938986	0.272444	0.141521	-0.304907	0.941809
0.967279	-0.159331	-0.197445	0.210222	0.939020	0.272117	0.142049	-0.304721	0.941789
0.967103	-0.159704	-0.198007	0.210772	0.938873	0.272198	0.142433	-0.304978	0.941648
0.967063	-0.159774	-0.198144	0.211001	0.938597	0.272974	0.142363	-0.305792	0.941395
0.967109	-0.159553	-0.198100	0.210934	0.938302	0.274036	0.142154	-0.306809	0.941095
0.967217	-0.159096	-0.197940	0.210646	0.937966	0.275405	0.141845	-0.308072	0.940729
0.967284	-0.158861	-0.197801	0.210641	0.937444	0.277180	0.141394	-0.309776	0.940237
