0.886391	-0.462127	0.027378	0.452105	0.876853	0.163496	-0.099563	-0.132544	0.986164
0.886391	-0.462127	0.027378	0.452105	0.876853	0.163496	-0.099563	-0.132544	0.986164
0.886391	-0.462127	0.027378	0.452105	0.876853	0.163496	-0.099563	-0.132544	0.986164
0.886368	-0.462172	0.027371	0.452064	0.876716	0.164339	-0.099949	-0.133292	0.986024
0.886368	-0.462172	0.027371	0.452064	0.876716	0.164339	-0.099949	-0.133292	0.986024
0.886368	-0.462172	0.027371	0.452064	0.876716	0.164339	-0.099949	-0.133292	0.986024
0.886422	-0.462021	0.028138	0.451799	0.876827	0.164472	-0.100662	-0.133079	0.985980
0.886422	-0.462021	0.028138	0.451799	0.876827	0.164472	-0.100662	-0.133079	0.985980
0.886422	-0.462021	0.028138	0.451799	0.876827	0.164472	-0.100662	-0.133079	0.985980
0.886642	-0.461581	0.028434	0.451340	0.877092	0.164322	-0.100787	-0.132862	0.985997
0.886879	-0.461127	0.028423	0.450932	0.877375	0.163930	-0.100530	-0.132569	0.986062
0.887061	-0.460791	0.028172	0.450673	0.877581	0.163541	-0.100081	-0.132374	0.986134
0.887061	-0.460791	0.028172	0.450673	0.877581	0.163541	-0.100081	-0.132374	0.986134
0.887242	-0.460480	0.027557	0.450431	0.877677	0.163691	-0.099563	-0.132821	0.986127
0.887110	-0.460745	0.027402	0.450730	0.877553	0.163536	-0.099395	-0.132723	0.986157
0.887110	-0.460745	0.027402	0.450730	0.877553	0.163536	-0.099395	-0.132723	0.986157
0.887110	-0.460745	0.027402	0.450730	0.877553	0.163536	-0.099395	-0.132723	0.986157
0.887110	-0.460745	0.027402	0.450730	0.877553	0.163536	-0.099395	-0.132723	0.986157
0.886348	-0.462217	0.027254	0.452210	0.876798	0.163498	-0.099468	-0.132592	0.986167
0.886110	-0.462710	0.026619	0.452754	0.876466	0.163774	-0.099110	-0.133070	0.986139
0.886338	-0.462331	0.025617	0.452516	0.876595	0.163739	-0.098157	-0.133536	0.986171
0.886338	-0.462331	0.025617	0.452516	0.876595	0.163739	-0.098157	-0.133536	0.986171
0.886338	-0.462331	0.025617	0.452516	0.876595	0.163739	-0.098157	-0.133536	0.986171
0.886508	-0.462006	0.025569	0.452137	0.876670	0.164386	-0.098363	-0.134168	0.986065
0.886508	-0.462006	0.025569	0.452137	0.876670	0.164386	-0.098363	-0.134168	0.986065
