0.716708	-0.696829	0.027555	0.685106	0.710929	0.158778	-0.130231	-0.094920	0.986930
0.716427	-0.697099	0.028039	0.685326	0.710714	0.158788	-0.130619	-0.094545	0.986914
0.716427	-0.697099	0.028039	0.685326	0.710714	0.158788	-0.130619	-0.094545	0.986914
0.716709	-0.696789	0.028508	0.684907	0.711005	0.159292	-0.131262	-0.094641	0.986820
0.716709	-0.696789	0.028508	0.684907	0.711005	0.159292	-0.131262	-0.094641	0.986820
0.717138	-0.696344	0.028608	0.684407	0.711404	0.159661	-0.131530	-0.094920	0.986757
0.717408	-0.696067	0.028580	0.684096	0.711637	0.159952	-0.131676	-0.095199	0.986711
0.717408	-0.696067	0.028580	0.684096	0.711637	0.159952	-0.131676	-0.095199	0.986711
0.717408	-0.696067	0.028580	0.684096	0.711637	0.159952	-0.131676	-0.095199	0.986711
0.717288	-0.696198	0.028408	0.684166	0.711442	0.160521	-0.131965	-0.095703	0.986624
0.717288	-0.696198	0.028408	0.684166	0.711442	0.160521	-0.131965	-0.095703	0.986624
0.717245	-0.696245	0.028339	0.684141	0.711334	0.161105	-0.132327	-0.096164	0.986530
0.717246	-0.696254	0.028091	0.684104	0.711251	0.161631	-0.132516	-0.096712	0.986451
0.717179	-0.696338	0.027694	0.684174	0.711094	0.162022	-0.132515	-0.097251	0.986398
0.717179	-0.696338	0.027694	0.684174	0.711094	0.162022	-0.132515	-0.097251	0.986398
0.717288	-0.696243	0.027271	0.684100	0.711129	0.162181	-0.132311	-0.097674	0.986384
0.717288	-0.696243	0.027271	0.684100	0.711129	0.162181	-0.132311	-0.097674	0.986384
0.717179	-0.696379	0.026655	0.684287	0.710936	0.162240	-0.131931	-0.098116	0.986391
0.717119	-0.696463	0.026070	0.684396	0.710775	0.162482	-0.131693	-0.098677	0.986367
0.717075	-0.696533	0.025399	0.684473	0.710600	0.162924	-0.131530	-0.099444	0.986312
0.716824	-0.696803	0.025071	0.684729	0.710276	0.163262	-0.131569	-0.099863	0.986264
0.716824	-0.696803	0.025071	0.684729	0.710276	0.163262	-0.131569	-0.099863	0.986264
0.716824	-0.696803	0.025071	0.684729	0.710276	0.163262	-0.131569	-0.099863	0.986264
0.716824	-0.696803	0.025071	0.684729	0.710276	0.163262	-0.131569	-0.099863	0.986264
0.716774	-0.696875	0.024487	0.684897	0.710181	0.162970	-0.130960	-0.100042	0.986327
