-0.421822	-0.906524	0.016745	0.891446	-0.411293	0.190165	-0.165502	0.095143	0.981609
-0.422287	-0.906294	0.017457	0.891299	-0.411638	0.190107	-0.165107	0.095839	0.981608
-0.422716	-0.906084	0.017976	0.891152	-0.411979	0.190056	-0.164801	0.096359	0.981609
-0.423369	-0.905767	0.018588	0.890906	-0.412523	0.190033	-0.164457	0.097014	0.981602
-0.423927	-0.905496	0.019048	0.890669	-0.412986	0.190136	-0.164301	0.097569	0.981573
-0.423927	-0.905496	0.019048	0.890669	-0.412986	0.190136	-0.164301	0.097569	0.981573
-0.423927	-0.905496	0.019048	0.890669	-0.412986	0.190136	-0.164301	0.097569	0.981573
-0.423711	-0.905599	0.018977	0.890881	-0.412855	0.189427	-0.163710	0.097168	0.981711
-0.423711	-0.905599	0.018977	0.890881	-0.412855	0.189427	-0.163710	0.097168	0.981711
-0.423711	-0.905599	0.018977	0.890881	-0.412855	0.189427	-0.163710	0.097168	0.981711
-0.423805	-0.905552	0.019124	0.890797	-0.412893	0.189737	-0.163921	0.097447	0.981649
-0.423805	-0.905552	0.019124	0.890797	-0.412893	0.189737	-0.163921	0.097447	0.981649
-0.423601	-0.905664	0.018295	0.890775	-0.412798	0.190051	-0.164570	0.096802	0.981604
-0.422418	-0.906257	0.016175	0.891146	-0.411982	0.190079	-0.165597	0.094707	0.981636
-0.420827	-0.907029	0.014263	0.891785	-0.410771	0.189701	-0.166205	0.092551	0.981738
-0.419516	-0.907654	0.013048	0.892313	-0.409701	0.189534	-0.166686	0.091156	0.981787
-0.418626	-0.908073	0.012461	0.892608	-0.408891	0.189890	-0.167339	0.090616	0.981726
-0.418292	-0.908230	0.012278	0.892681	-0.408558	0.190267	-0.167789	0.090548	0.981656
-0.418646	-0.908058	0.012892	0.892594	-0.408817	0.190116	-0.167366	0.091099	0.981677
-0.419000	-0.907886	0.013506	0.892507	-0.409077	0.189965	-0.166942	0.091649	0.981698
-0.420538	-0.907151	0.015032	0.891947	-0.410343	0.189869	-0.166071	0.093255	0.981694
-0.421515	-0.906686	0.015646	0.891557	-0.411205	0.189834	-0.165686	0.093967	0.981692
-0.421515	-0.906686	0.015646	0.891557	-0.411205	0.189834	-0.165686	0.093967	0.981692
-0.421927	-0.906486	0.016174	0.891482	-0.411564	0.189406	-0.165037	0.094335	0.981766
-0.422781	-0.906076	0.016817	0.891114	-0.412281	0.189580	-0.164840	0.095137	0.981721
