0.009645	-0.999689	0.023010	0.981252	0.013892	0.192228	-0.192488	0.020725	0.981081
0.009645	-0.999689	0.023010	0.981252	0.013892	0.192228	-0.192488	0.020725	0.981081
0.009784	-0.999702	0.022384	0.981300	0.013903	0.191980	-0.192234	0.020087	0.981144
0.009784	-0.999702	0.022384	0.981300	0.013903	0.191980	-0.192234	0.020087	0.981144
0.010360	-0.999694	0.022485	0.981381	0.014478	0.191528	-0.191795	0.020082	0.981230
0.010360	-0.999694	0.022485	0.981381	0.014478	0.191528	-0.191795	0.020082	0.981230
0.010360	-0.999694	0.022485	0.981381	0.014478	0.191528	-0.191795	0.020082	0.981230
0.010360	-0.999694	0.022485	0.981381	0.014478	0.191528	-0.191795	0.020082	0.981230
0.010360	-0.999694	0.022485	0.981381	0.014478	0.191528	-0.191795	0.020082	0.981230
0.010360	-0.999694	0.022485	0.981381	0.014478	0.191528	-0.191795	0.020082	0.981230
0.010360	-0.999694	0.022485	0.981381	0.014478	0.191528	-0.191795	0.020082	0.981230
0.010360	-0.999694	0.022485	0.981381	0.014478	0.191528	-0.191795	0.020082	0.981230
0.010360	-0.999694	0.022485	0.981381	0.014478	0.191528	-0.191795	0.020082	0.981230
0.010360	-0.999694	0.022485	0.981381	0.014478	0.191528	-0.191795	0.020082	0.981230
0.010360	-0.999694	0.022485	0.981381	0.014478	0.191528	-0.191795	0.020082	0.981230
0.010360	-0.999694	0.022485	0.981381	0.014478	0.191528	-0.191795	0.020082	0.981230
0.010292	-0.999689	0.022735	0.981256	0.014472	0.192166	-0.192436	0.020331	0.981099
0.010292	-0.999689	0.022735	0.981256	0.014472	0.192166	-0.192436	0.020331	0.981099
0.010292	-0.999689	0.022735	0.981256	0.014472	0.192166	-0.192436	0.020331	0.981099
0.010292	-0.999689	0.022735	0.981256	0.014472	0.192166	-0.192436	0.020331	0.981099
0.010292	-0.999689	0.022735	0.981256	0.014472	0.192166	-0.192436	0.020331	0.981099
0.009751	-0.999692	0.022809	0.981253	0.013956	0.192219	-0.192478	0.020507	0.981087
0.009244	-0.999708	0.022308	0.981261	0.013363	0.192220	-0.192462	0.020113	0.981098
0.006371	-0.999717	0.022925	0.981332	0.010657	0.192028	-0.192218	0.021274	0.981122
0.001798	-0.999688	0.024904	0.981333	0.006553	0.192203	-0.192306	0.024094	0.981039
