0.681512	-0.731240	0.028806	0.718408	0.676012	0.164005	-0.139400	-0.091077	0.986039
0.681865	-0.730946	0.027914	0.718249	0.676270	0.163638	-0.138488	-0.091529	0.986126
0.681865	-0.730946	0.027914	0.718249	0.676270	0.163638	-0.138488	-0.091529	0.986126
0.682177	-0.730704	0.026580	0.718239	0.676464	0.162880	-0.136998	-0.092022	0.986288
0.682177	-0.730704	0.026580	0.718239	0.676464	0.162880	-0.136998	-0.092022	0.986288
0.682177	-0.730704	0.026580	0.718239	0.676464	0.162880	-0.136998	-0.092022	0.986288
0.681490	-0.731347	0.026502	0.718869	0.675769	0.162982	-0.137106	-0.092019	0.986273
0.681224	-0.731567	0.027269	0.719076	0.675652	0.162556	-0.137345	-0.091128	0.986323
0.681224	-0.731567	0.027269	0.719076	0.675652	0.162556	-0.137345	-0.091128	0.986323
0.681224	-0.731567	0.027269	0.719076	0.675652	0.162556	-0.137345	-0.091128	0.986323
0.681210	-0.731604	0.026616	0.719063	0.675475	0.163347	-0.137484	-0.092135	0.986210
0.681210	-0.731604	0.026616	0.719063	0.675475	0.163347	-0.137484	-0.092135	0.986210
0.682079	-0.730824	0.025767	0.718353	0.676203	0.163455	-0.136881	-0.092980	0.986214
0.682488	-0.730454	0.025456	0.718033	0.676574	0.163326	-0.136525	-0.093190	0.986244
0.682343	-0.730574	0.025860	0.718036	0.676434	0.163895	-0.137230	-0.093264	0.986139
0.682343	-0.730574	0.025860	0.718036	0.676434	0.163895	-0.137230	-0.093264	0.986139
0.682343	-0.730574	0.025860	0.718036	0.676434	0.163895	-0.137230	-0.093264	0.986139
0.681778	-0.731089	0.026223	0.718480	0.675907	0.164120	-0.137710	-0.093053	0.986092
0.681213	-0.731602	0.026586	0.718924	0.675380	0.164346	-0.138191	-0.092841	0.986044
0.681213	-0.731602	0.026586	0.718924	0.675380	0.164346	-0.138191	-0.092841	0.986044
0.681607	-0.731244	0.026350	0.718533	0.675696	0.164760	-0.138285	-0.093368	0.985982
0.681607	-0.731244	0.026350	0.718533	0.675696	0.164760	-0.138285	-0.093368	0.985982
0.681607	-0.731244	0.026350	0.718533	0.675696	0.164760	-0.138285	-0.093368	0.985982
0.682234	-0.730628	0.027203	0.717948	0.676500	0.164010	-0.138234	-0.092363	0.986083
0.682234	-0.730628	0.027203	0.717948	0.676500	0.164010	-0.138234	-0.092363	0.986083
