0.836977	-0.546523	0.027968	0.535459	0.828437	0.164243	-0.112932	-0.122492	0.986023
0.837095	-0.546331	0.028171	0.535205	0.828534	0.164579	-0.113255	-0.122691	0.985962
0.837095	-0.546331	0.028171	0.535205	0.828534	0.164579	-0.113255	-0.122691	0.985962
0.837632	-0.545531	0.027702	0.534483	0.829020	0.164480	-0.112694	-0.122967	0.985991
0.837772	-0.545330	0.027441	0.534362	0.829179	0.164075	-0.112228	-0.122794	0.986066
0.837973	-0.545016	0.027537	0.534104	0.829457	0.163508	-0.111955	-0.122307	0.986158
0.838466	-0.544259	0.027525	0.533410	0.829997	0.163033	-0.111578	-0.122016	0.986237
0.838802	-0.543741	0.027492	0.532945	0.830370	0.162650	-0.111268	-0.121779	0.986301
0.839205	-0.543121	0.027475	0.532328	0.830757	0.162694	-0.111187	-0.121908	0.986294
0.839700	-0.542367	0.027227	0.531542	0.831138	0.163318	-0.111208	-0.122666	0.986198
0.840026	-0.541880	0.026889	0.531025	0.831337	0.163986	-0.111214	-0.123474	0.986096
0.840359	-0.541362	0.026923	0.530464	0.831617	0.164383	-0.111380	-0.123859	0.986029
0.840683	-0.540848	0.027132	0.529911	0.831937	0.164545	-0.111566	-0.123953	0.985996
0.840683	-0.540848	0.027132	0.529911	0.831937	0.164545	-0.111566	-0.123953	0.985996
0.840538	-0.541064	0.027312	0.530109	0.831822	0.164492	-0.111719	-0.123783	0.986000
0.840538	-0.541064	0.027312	0.530109	0.831822	0.164492	-0.111719	-0.123783	0.986000
0.840028	-0.541836	0.027696	0.530817	0.831357	0.164554	-0.112187	-0.123528	0.985979
0.839664	-0.542388	0.027928	0.531337	0.831028	0.164543	-0.112455	-0.123321	0.985974
0.839238	-0.543023	0.028399	0.531943	0.830702	0.164228	-0.112770	-0.122720	0.986014
0.838571	-0.544000	0.029361	0.532828	0.830196	0.163917	-0.113546	-0.121811	0.986037
0.837903	-0.544976	0.030324	0.533713	0.829689	0.163606	-0.114321	-0.120902	0.986060
0.836836	-0.546539	0.031640	0.535031	0.828721	0.164203	-0.115965	-0.120483	0.985919
0.836079	-0.547637	0.032648	0.535910	0.828008	0.164932	-0.117356	-0.120400	0.985764
0.836079	-0.547637	0.032648	0.535910	0.828008	0.164932	-0.117356	-0.120400	0.985764
0.836420	-0.547152	0.032030	0.535466	0.828231	0.165252	-0.116946	-0.121069	0.985731
