0.741026	-0.670404	0.037926	0.657196	0.735696	0.163843	-0.137743	-0.096487	0.985757
0.740201	-0.671294	0.038295	0.658094	0.734973	0.163483	-0.137891	-0.095809	0.985803
0.737598	-0.674065	0.039817	0.660636	0.732588	0.163940	-0.139676	-0.094617	0.985666
0.735233	-0.676576	0.040951	0.662950	0.730379	0.164451	-0.141173	-0.093761	0.985535
0.733399	-0.678489	0.042182	0.664715	0.728743	0.164583	-0.142408	-0.092666	0.985461
0.732584	-0.679330	0.042805	0.665516	0.728047	0.164424	-0.142862	-0.091967	0.985461
0.732837	-0.679072	0.042560	0.665345	0.728302	0.163988	-0.142356	-0.091859	0.985544
0.734779	-0.677077	0.040833	0.663567	0.729989	0.163689	-0.140638	-0.093180	0.985667
0.737877	-0.673852	0.038226	0.660619	0.732670	0.163636	-0.138273	-0.095491	0.985780
0.740025	-0.671600	0.036278	0.658684	0.734589	0.162834	-0.136009	-0.096605	0.985986
0.740606	-0.670971	0.036051	0.658162	0.735186	0.162249	-0.135369	-0.096435	0.986091
0.741194	-0.670322	0.036050	0.657560	0.735793	0.161936	-0.135075	-0.096321	0.986143
0.741558	-0.669908	0.036257	0.657079	0.736141	0.162306	-0.135420	-0.096536	0.986074
0.741558	-0.669908	0.036257	0.657079	0.736141	0.162306	-0.135420	-0.096536	0.986074
0.741138	-0.670349	0.036682	0.657409	0.735739	0.162793	-0.136116	-0.096537	0.985978
0.741138	-0.670349	0.036682	0.657409	0.735739	0.162793	-0.136116	-0.096537	0.985978
0.740942	-0.670554	0.036901	0.657539	0.735540	0.163165	-0.136553	-0.096632	0.985908
0.740942	-0.670554	0.036901	0.657539	0.735540	0.163165	-0.136553	-0.096632	0.985908
0.740942	-0.670554	0.036901	0.657539	0.735540	0.163165	-0.136553	-0.096632	0.985908
0.740942	-0.670554	0.036901	0.657539	0.735540	0.163165	-0.136553	-0.096632	0.985908
0.740942	-0.670554	0.036901	0.657539	0.735540	0.163165	-0.136553	-0.096632	0.985908
0.740942	-0.670554	0.036901	0.657539	0.735540	0.163165	-0.136553	-0.096632	0.985908
0.740942	-0.670554	0.036901	0.657539	0.735540	0.163165	-0.136553	-0.096632	0.985908
0.740942	-0.670554	0.036901	0.657539	0.735540	0.163165	-0.136553	-0.096632	0.985908
0.741171	-0.670277	0.037344	0.657250	0.735846	0.162954	-0.136704	-0.096232	0.985927
