-0.087223	-0.996184	-0.003293	0.978961	-0.086326	0.184889	-0.184468	0.012902	0.982754
-0.087813	-0.996133	-0.002994	0.978948	-0.086853	0.184709	-0.184255	0.013289	0.982789
-0.088390	-0.996082	-0.002868	0.978867	-0.087394	0.184885	-0.184411	0.013534	0.982756
-0.088733	-0.996051	-0.002924	0.978775	-0.087738	0.185206	-0.184731	0.013572	0.982695
-0.088733	-0.996051	-0.002924	0.978775	-0.087738	0.185206	-0.184731	0.013572	0.982695
-0.088174	-0.996100	-0.003168	0.978837	-0.087235	0.185116	-0.184670	0.013222	0.982712
-0.086901	-0.996210	-0.003823	0.979002	-0.086109	0.184773	-0.184402	0.012315	0.982774
-0.086356	-0.996254	-0.004635	0.978987	-0.085720	0.185032	-0.184736	0.011441	0.982722
-0.086359	-0.996251	-0.005200	0.978844	-0.085820	0.185739	-0.185489	0.010951	0.982585
-0.085584	-0.996316	-0.005550	0.979019	-0.085130	0.185137	-0.184928	0.010411	0.982697
-0.085130	-0.996350	-0.006326	0.979187	-0.084834	0.184378	-0.184242	0.009502	0.982835
-0.085367	-0.996325	-0.007032	0.979155	-0.085197	0.184384	-0.184305	0.008855	0.982829
-0.085824	-0.996281	-0.007687	0.979032	-0.085764	0.184772	-0.184744	0.008332	0.982751
-0.086597	-0.996208	-0.008442	0.978896	-0.086660	0.185074	-0.185104	0.007763	0.982688
-0.086262	-0.996229	-0.009330	0.978862	-0.086494	0.185333	-0.185441	0.006854	0.982632
-0.086262	-0.996229	-0.009330	0.978862	-0.086494	0.185333	-0.185441	0.006854	0.982632
-0.085292	-0.996315	-0.009109	0.978962	-0.085501	0.185265	-0.185361	0.006885	0.982646
-0.085146	-0.996337	-0.007872	0.979019	-0.085129	0.185135	-0.185127	0.008057	0.982682
-0.084457	-0.996407	-0.006365	0.979110	-0.084173	0.185093	-0.184964	0.009400	0.982700
-0.083296	-0.996511	-0.005257	0.979165	-0.082824	0.185410	-0.185198	0.010296	0.982647
-0.083156	-0.996526	-0.004509	0.979164	-0.082547	0.185537	-0.185265	0.011014	0.982627
-0.083678	-0.996485	-0.003906	0.979085	-0.082945	0.185778	-0.185449	0.011721	0.982584
-0.083678	-0.996485	-0.003906	0.979085	-0.082945	0.185778	-0.185449	0.011721	0.982584
-0.082686	-0.996567	-0.004243	0.979357	-0.082045	0.184739	-0.184452	0.011120	0.982779
-0.080947	-0.996706	-0.004980	0.979663	-0.080481	0.183802	-0.183598	0.009999	0.982951
-0.078986	-0.996860	-0.005625	0.979939	-0.078679	0.183109	-0.182977	0.008950	0.983077
