-0.229227	-0.973262	0.014721	0.955745	-0.222185	0.192837	-0.184410	0.058273	0.981120
-0.224859	-0.974315	0.012206	0.956763	-0.218402	0.192109	-0.184509	0.054876	0.981298
-0.220758	-0.975272	0.010544	0.957790	-0.214734	0.191123	-0.184133	0.052291	0.981509
-0.218553	-0.975774	0.010042	0.958308	-0.212677	0.190825	-0.184066	0.051329	0.981573
-0.217418	-0.976027	0.010026	0.958508	-0.211553	0.191068	-0.184367	0.051151	0.981526
-0.216617	-0.976202	0.010286	0.958655	-0.210708	0.191268	-0.184548	0.051293	0.981484
-0.216386	-0.976252	0.010443	0.958610	-0.210424	0.191803	-0.185050	0.051515	0.981378
-0.216235	-0.976291	0.010001	0.958539	-0.210333	0.192258	-0.185596	0.051159	0.981293
-0.216235	-0.976291	0.010001	0.958539	-0.210333	0.192258	-0.185596	0.051159	0.981293
-0.216235	-0.976291	0.010001	0.958539	-0.210333	0.192258	-0.185596	0.051159	0.981293
-0.216235	-0.976291	0.010001	0.958539	-0.210333	0.192258	-0.185596	0.051159	0.981293
-0.215884	-0.976362	0.010594	0.958718	-0.209901	0.191834	-0.185076	0.051570	0.981370
-0.216378	-0.976249	0.010884	0.958646	-0.210339	0.191715	-0.184873	0.051916	0.981390
-0.216378	-0.976249	0.010884	0.958646	-0.210339	0.191715	-0.184873	0.051916	0.981390
-0.217497	-0.976000	0.010892	0.958333	-0.211416	0.192095	-0.185182	0.052218	0.981316
-0.218314	-0.975814	0.011277	0.958152	-0.212142	0.192202	-0.185161	0.052765	0.981291
-0.218314	-0.975814	0.011277	0.958152	-0.212142	0.192202	-0.185161	0.052765	0.981291
-0.218314	-0.975814	0.011277	0.958152	-0.212142	0.192202	-0.185161	0.052765	0.981291
-0.218409	-0.975785	0.011875	0.958271	-0.212158	0.191588	-0.184429	0.053224	0.981404
-0.218409	-0.975785	0.011875	0.958271	-0.212158	0.191588	-0.184429	0.053224	0.981404
-0.218409	-0.975785	0.011875	0.958271	-0.212158	0.191588	-0.184429	0.053224	0.981404
-0.218409	-0.975785	0.011875	0.958271	-0.212158	0.191588	-0.184429	0.053224	0.981404
-0.218409	-0.975785	0.011875	0.958271	-0.212158	0.191588	-0.184429	0.053224	0.981404
-0.218409	-0.975785	0.011875	0.958271	-0.212158	0.191588	-0.184429	0.053224	0.981404
-0.218409	-0.975785	0.011875	0.958271	-0.212158	0.191588	-0.184429	0.053224	0.981404
-0.218409	-0.975785	0.011875	0.958271	-0.212158	0.191588	-0.184429	0.053224	0.981404
