0.153225	-0.988095	0.013800	0.973618	0.153340	0.168980	-0.169084	-0.012457	0.985523
0.153225	-0.988095	0.013800	0.973618	0.153340	0.168980	-0.169084	-0.012457	0.985523
0.152428	-0.988208	0.014534	0.973728	0.152679	0.168950	-0.169176	-0.011601	0.985518
0.151667	-0.988317	0.015045	0.973811	0.152015	0.169069	-0.169381	-0.010991	0.985489
0.151389	-0.988359	0.015090	0.973788	0.151744	0.169444	-0.169761	-0.010957	0.985424
0.151389	-0.988359	0.015090	0.973788	0.151744	0.169444	-0.169761	-0.010957	0.985424
0.151389	-0.988359	0.015090	0.973788	0.151744	0.169444	-0.169761	-0.010957	0.985424
0.151389	-0.988359	0.015090	0.973788	0.151744	0.169444	-0.169761	-0.010957	0.985424
0.151389	-0.988359	0.015090	0.973788	0.151744	0.169444	-0.169761	-0.010957	0.985424
0.151389	-0.988359	0.015090	0.973788	0.151744	0.169444	-0.169761	-0.010957	0.985424
0.151389	-0.988359	0.015090	0.973788	0.151744	0.169444	-0.169761	-0.010957	0.985424
0.151620	-0.988319	0.015426	0.973624	0.152022	0.170136	-0.170494	-0.010777	0.985300
0.151782	-0.988289	0.015707	0.973544	0.152226	0.170409	-0.170804	-0.010573	0.985248
0.151782	-0.988289	0.015707	0.973544	0.152226	0.170409	-0.170804	-0.010573	0.985248
0.151782	-0.988289	0.015707	0.973544	0.152226	0.170409	-0.170804	-0.010573	0.985248
0.151782	-0.988289	0.015707	0.973544	0.152226	0.170409	-0.170804	-0.010573	0.985248
0.151782	-0.988289	0.015707	0.973544	0.152226	0.170409	-0.170804	-0.010573	0.985248
0.151782	-0.988289	0.015707	0.973544	0.152226	0.170409	-0.170804	-0.010573	0.985248
0.151782	-0.988289	0.015707	0.973544	0.152226	0.170409	-0.170804	-0.010573	0.985248
0.151782	-0.988289	0.015707	0.973544	0.152226	0.170409	-0.170804	-0.010573	0.985248
0.151899	-0.988274	0.015534	0.973423	0.152305	0.171032	-0.171392	-0.010859	0.985143
0.151899	-0.988274	0.015534	0.973423	0.152305	0.171032	-0.171392	-0.010859	0.985143
0.152163	-0.988242	0.014981	0.973379	0.152469	0.171134	-0.171406	-0.011458	0.985134
0.153087	-0.988120	0.013499	0.973294	0.153126	0.171030	-0.171065	-0.013044	0.985173
0.153035	-0.988147	0.012106	0.973454	0.152847	0.170371	-0.170202	-0.014288	0.985306
