0.745395	-0.665426	0.039945	0.651701	0.740007	0.166358	-0.140258	-0.097970	0.985256
0.744602	-0.666265	0.040723	0.652462	0.739342	0.166334	-0.140931	-0.097282	0.985228
0.743808	-0.667104	0.041501	0.653222	0.738676	0.166311	-0.141603	-0.096594	0.985200
0.742915	-0.668074	0.041877	0.654106	0.737826	0.166610	-0.142206	-0.096385	0.985133
0.742633	-0.668363	0.042274	0.654334	0.737591	0.166750	-0.142631	-0.096173	0.985093
0.742633	-0.668363	0.042274	0.654334	0.737591	0.166750	-0.142631	-0.096173	0.985093
0.742633	-0.668363	0.042274	0.654334	0.737591	0.166750	-0.142631	-0.096173	0.985093
0.744000	-0.666957	0.040416	0.653162	0.738698	0.166449	-0.140869	-0.097440	0.985221
0.744000	-0.666957	0.040416	0.653162	0.738698	0.166449	-0.140869	-0.097440	0.985221
0.744539	-0.666403	0.039614	0.652723	0.739137	0.166220	-0.140050	-0.097900	0.985293
0.744539	-0.666403	0.039614	0.652723	0.739137	0.166220	-0.140050	-0.097900	0.985293
0.745143	-0.665707	0.039953	0.651983	0.739765	0.166329	-0.140282	-0.097890	0.985261
0.745143	-0.665707	0.039953	0.651983	0.739765	0.166329	-0.140282	-0.097890	0.985261
0.745194	-0.665603	0.040716	0.651774	0.739899	0.166553	-0.140984	-0.097577	0.985192
0.745194	-0.665603	0.040716	0.651774	0.739899	0.166553	-0.140984	-0.097577	0.985192
0.745194	-0.665603	0.040716	0.651774	0.739899	0.166553	-0.140984	-0.097577	0.985192
0.745194	-0.665603	0.040716	0.651774	0.739899	0.166553	-0.140984	-0.097577	0.985192
0.745194	-0.665603	0.040716	0.651774	0.739899	0.166553	-0.140984	-0.097577	0.985192
0.745194	-0.665603	0.040716	0.651774	0.739899	0.166553	-0.140984	-0.097577	0.985192
0.745194	-0.665603	0.040716	0.651774	0.739899	0.166553	-0.140984	-0.097577	0.985192
0.745569	-0.665151	0.041246	0.651287	0.740352	0.166446	-0.141248	-0.097234	0.985188
0.745569	-0.665151	0.041246	0.651287	0.740352	0.166446	-0.141248	-0.097234	0.985188
0.745797	-0.664972	0.039994	0.651234	0.740400	0.166441	-0.140290	-0.098086	0.985240
0.745797	-0.664972	0.039994	0.651234	0.740400	0.166441	-0.140290	-0.098086	0.985240
0.746132	-0.664581	0.040239	0.650917	0.740828	0.165773	-0.139980	-0.097496	0.985343
