0.999313	-0.036914	-0.003263	0.037058	0.995194	0.090636	-0.000099	-0.090695	0.995879
0.999329	-0.036531	-0.002729	0.036628	0.995170	0.091081	-0.000612	-0.091120	0.995840
0.999338	-0.036318	-0.002122	0.036360	0.995129	0.091629	-0.001216	-0.091645	0.995791
0.999338	-0.036358	-0.001566	0.036348	0.995130	0.091627	-0.001773	-0.091623	0.995792
0.999322	-0.036802	-0.000760	0.036716	0.995099	0.091817	-0.002623	-0.091782	0.995776
0.999308	-0.037186	0.000285	0.037002	0.995063	0.092094	-0.003709	-0.092020	0.995750
0.999308	-0.037160	0.001475	0.036867	0.995079	0.091968	-0.004885	-0.091850	0.995761
0.999296	-0.037435	0.002382	0.037057	0.995069	0.092004	-0.005815	-0.091851	0.995756
0.999278	-0.037891	0.002801	0.037471	0.995029	0.092269	-0.006283	-0.092097	0.995730
0.999278	-0.037891	0.002801	0.037471	0.995029	0.092269	-0.006283	-0.092097	0.995730
0.999270	-0.038045	0.003540	0.037556	0.995012	0.092418	-0.007038	-0.092218	0.995714
0.999270	-0.038045	0.003540	0.037556	0.995012	0.092418	-0.007038	-0.092218	0.995714
0.999264	-0.038150	0.004068	0.037611	0.995003	0.092492	-0.007576	-0.092271	0.995705
0.999264	-0.038150	0.004068	0.037611	0.995003	0.092492	-0.007576	-0.092271	0.995705
0.999246	-0.038586	0.004409	0.038010	0.994948	0.092921	-0.007972	-0.092684	0.995664
0.999246	-0.038586	0.004409	0.038010	0.994948	0.092921	-0.007972	-0.092684	0.995664
0.999256	-0.038282	0.004754	0.037680	0.995002	0.092473	-0.008270	-0.092225	0.995704
0.999269	-0.037918	0.004939	0.037299	0.995013	0.092509	-0.008422	-0.092257	0.995700
0.999245	-0.038488	0.005397	0.037820	0.994950	0.092978	-0.008949	-0.092704	0.995654
0.999220	-0.039024	0.005975	0.038296	0.994893	0.093386	-0.009589	-0.093085	0.995612
0.999222	-0.038934	0.006247	0.038180	0.994873	0.093651	-0.009861	-0.093339	0.995586
0.999241	-0.038385	0.006653	0.037588	0.994839	0.094245	-0.010236	-0.093923	0.995527
0.999242	-0.038303	0.007007	0.037461	0.994729	0.095449	-0.010626	-0.095114	0.995410
0.999243	-0.038242	0.007092	0.037377	0.994596	0.096865	-0.010758	-0.096526	0.995272
0.999276	-0.037397	0.007006	0.036531	0.994509	0.098070	-0.010635	-0.097743	0.995155
