-0.093539	-0.995570	0.009550	0.976826	-0.089915	0.194233	-0.192514	0.027497	0.980909
-0.093122	-0.995609	0.009573	0.976738	-0.089483	0.194872	-0.193159	0.027497	0.980782
-0.093637	-0.995556	0.010054	0.976612	-0.089882	0.195322	-0.193550	0.028108	0.980688
-0.094041	-0.995515	0.010375	0.976479	-0.090202	0.195838	-0.194024	0.028548	0.980581
-0.093087	-0.995615	0.009254	0.976571	-0.089487	0.195706	-0.194020	0.027255	0.980619
-0.091493	-0.995779	0.007380	0.976886	-0.088314	0.194665	-0.193191	0.025020	0.980842
-0.090468	-0.995882	0.005956	0.977072	-0.087599	0.194053	-0.192732	0.023375	0.980973
-0.091392	-0.995797	0.006055	0.976854	-0.088469	0.194757	-0.193403	0.023714	0.980833
-0.092532	-0.995688	0.006552	0.976611	-0.089473	0.195513	-0.194083	0.024490	0.980679
-0.093458	-0.995596	0.007406	0.976456	-0.090204	0.195950	-0.194419	0.025545	0.980586
-0.094337	-0.995506	0.008272	0.976448	-0.090905	0.195666	-0.194034	0.026536	0.980636
-0.095515	-0.995384	0.009429	0.976454	-0.091850	0.195199	-0.193432	0.027851	0.980718
-0.096799	-0.995247	0.010654	0.976357	-0.092872	0.195197	-0.193279	0.029297	0.980706
-0.097278	-0.995192	0.011430	0.976271	-0.093183	0.195481	-0.193476	0.030174	0.980641
-0.097278	-0.995192	0.011430	0.976271	-0.093183	0.195481	-0.193476	0.030174	0.980641
-0.095590	-0.995347	0.012100	0.976455	-0.091400	0.195403	-0.193388	0.030494	0.980648
-0.094847	-0.995418	0.012161	0.976513	-0.090658	0.195457	-0.193459	0.030414	0.980637
-0.094948	-0.995408	0.012195	0.976525	-0.090753	0.195354	-0.193350	0.030458	0.980657
-0.094948	-0.995408	0.012195	0.976525	-0.090753	0.195354	-0.193350	0.030458	0.980657
-0.094948	-0.995408	0.012195	0.976525	-0.090753	0.195354	-0.193350	0.030458	0.980657
-0.094948	-0.995408	0.012195	0.976525	-0.090753	0.195354	-0.193350	0.030458	0.980657
-0.095598	-0.995360	0.010928	0.976424	-0.091634	0.195447	-0.193539	0.029355	0.980653
-0.096192	-0.995302	0.010992	0.976401	-0.092208	0.195293	-0.193362	0.029518	0.980683
-0.095945	-0.995322	0.011377	0.976428	-0.091891	0.195309	-0.193350	0.029847	0.980676
-0.095945	-0.995322	0.011377	0.976428	-0.091891	0.195309	-0.193350	0.029847	0.980676
