0.999919	-0.010795	0.006697	0.010225	0.996745	0.079974	-0.007538	-0.079899	0.996774
0.999898	-0.012206	0.007468	0.011569	0.996720	0.080093	-0.008421	-0.079999	0.996759
0.999877	-0.013538	0.007968	0.012854	0.996680	0.080397	-0.009030	-0.080285	0.996731
0.999854	-0.014928	0.008275	0.014213	0.996643	0.080631	-0.009451	-0.080501	0.996710
0.999854	-0.014928	0.008275	0.014213	0.996643	0.080631	-0.009451	-0.080501	0.996710
0.999862	-0.014519	0.008015	0.013829	0.996671	0.080343	-0.009155	-0.080221	0.996735
0.999862	-0.014519	0.008015	0.013829	0.996671	0.080343	-0.009155	-0.080221	0.996735
0.999865	-0.014658	0.007437	0.014001	0.996554	0.081752	-0.008609	-0.081636	0.996625
0.999870	-0.014521	0.007010	0.013894	0.996505	0.082375	-0.008182	-0.082267	0.996577
0.999875	-0.014364	0.006550	0.013775	0.996498	0.082472	-0.007711	-0.082372	0.996572
0.999888	-0.013722	0.006008	0.013175	0.996451	0.083133	-0.007127	-0.083045	0.996520
0.999896	-0.013133	0.006001	0.012583	0.996384	0.084033	-0.007083	-0.083948	0.996445
0.999912	-0.012020	0.005556	0.011513	0.996432	0.083609	-0.006542	-0.083537	0.996483
0.999933	-0.010548	0.004735	0.010122	0.996540	0.082492	-0.005588	-0.082438	0.996580
0.999940	-0.010027	0.004403	0.009630	0.996552	0.082413	-0.005214	-0.082366	0.996589
0.999941	-0.009715	0.004895	0.009278	0.996540	0.082595	-0.005681	-0.082544	0.996571
0.999965	-0.006827	0.004816	0.006405	0.996551	0.082731	-0.005365	-0.082698	0.996560
0.999983	-0.003274	0.004909	0.002858	0.996593	0.082430	-0.005162	-0.082415	0.996585
0.999985	-0.000870	0.005369	0.000427	0.996631	0.082013	-0.005422	-0.082010	0.996617
0.999985	0.002416	0.004875	-0.002808	0.996618	0.082123	-0.004660	-0.082135	0.996610
0.999977	0.005181	0.004424	-0.005527	0.996602	0.082186	-0.003983	-0.082208	0.996607
0.999969	0.006360	0.004618	-0.006718	0.996598	0.082143	-0.004080	-0.082172	0.996610
0.999970	0.005708	0.005171	-0.006114	0.996594	0.082241	-0.004684	-0.082270	0.996599
0.999971	0.005055	0.005724	-0.005510	0.996589	0.082338	-0.005288	-0.082367	0.996588
0.999973	0.003220	0.006551	-0.003752	0.996558	0.082816	-0.006262	-0.082839	0.996543
