0.858498	-0.511808	0.032163	0.500587	0.849989	0.164108	-0.111330	-0.124787	0.985918
0.858498	-0.511808	0.032163	0.500587	0.849989	0.164108	-0.111330	-0.124787	0.985918
0.858091	-0.512503	0.031949	0.501277	0.849538	0.164335	-0.111364	-0.124999	0.985887
0.857848	-0.512899	0.032104	0.501687	0.849361	0.164001	-0.111383	-0.124582	0.985938
0.857848	-0.512899	0.032104	0.501687	0.849361	0.164001	-0.111383	-0.124582	0.985938
0.857848	-0.512899	0.032104	0.501687	0.849361	0.164001	-0.111383	-0.124582	0.985938
0.857848	-0.512899	0.032104	0.501687	0.849361	0.164001	-0.111383	-0.124582	0.985938
0.857848	-0.512899	0.032104	0.501687	0.849361	0.164001	-0.111383	-0.124582	0.985938
0.857848	-0.512899	0.032104	0.501687	0.849361	0.164001	-0.111383	-0.124582	0.985938
0.857848	-0.512899	0.032104	0.501687	0.849361	0.164001	-0.111383	-0.124582	0.985938
0.857848	-0.512899	0.032104	0.501687	0.849361	0.164001	-0.111383	-0.124582	0.985938
0.857848	-0.512899	0.032104	0.501687	0.849361	0.164001	-0.111383	-0.124582	0.985938
0.857848	-0.512899	0.032104	0.501687	0.849361	0.164001	-0.111383	-0.124582	0.985938
0.857848	-0.512899	0.032104	0.501687	0.849361	0.164001	-0.111383	-0.124582	0.985938
0.857848	-0.512899	0.032104	0.501687	0.849361	0.164001	-0.111383	-0.124582	0.985938
0.857848	-0.512899	0.032104	0.501687	0.849361	0.164001	-0.111383	-0.124582	0.985938
0.857848	-0.512899	0.032104	0.501687	0.849361	0.164001	-0.111383	-0.124582	0.985938
0.857848	-0.512899	0.032104	0.501687	0.849361	0.164001	-0.111383	-0.124582	0.985938
0.857848	-0.512899	0.032104	0.501687	0.849361	0.164001	-0.111383	-0.124582	0.985938
0.857848	-0.512899	0.032104	0.501687	0.849361	0.164001	-0.111383	-0.124582	0.985938
0.857848	-0.512899	0.032104	0.501687	0.849361	0.164001	-0.111383	-0.124582	0.985938
0.857848	-0.512899	0.032104	0.501687	0.849361	0.164001	-0.111383	-0.124582	0.985938
0.857628	-0.513275	0.031991	0.502036	0.849091	0.164331	-0.111511	-0.124874	0.985886
0.857243	-0.513904	0.032197	0.502620	0.848724	0.164441	-0.111833	-0.124783	0.985861
0.856798	-0.514595	0.032989	0.503223	0.848396	0.164286	-0.112528	-0.124159	0.985861
