-0.068079	-0.997663	0.005825	0.981256	-0.065902	0.181091	-0.180283	0.018045	0.983449
-0.068563	-0.997626	0.006494	0.981192	-0.066253	0.181307	-0.180446	0.018803	0.983405
-0.068663	-0.997618	0.006631	0.981152	-0.066323	0.181501	-0.180629	0.018968	0.983368
-0.068663	-0.997618	0.006631	0.981152	-0.066323	0.181501	-0.180629	0.018968	0.983368
-0.068663	-0.997618	0.006631	0.981152	-0.066323	0.181501	-0.180629	0.018968	0.983368
-0.068663	-0.997618	0.006631	0.981152	-0.066323	0.181501	-0.180629	0.018968	0.983368
-0.068327	-0.997638	0.007032	0.981154	-0.065918	0.181638	-0.180745	0.019310	0.983340
-0.068327	-0.997638	0.007032	0.981154	-0.065918	0.181638	-0.180745	0.019310	0.983340
-0.068327	-0.997638	0.007032	0.981154	-0.065918	0.181638	-0.180745	0.019310	0.983340
-0.067375	-0.997703	0.007082	0.981125	-0.064962	0.182137	-0.181258	0.019220	0.983248
-0.067070	-0.997726	0.006667	0.981076	-0.064732	0.182482	-0.181635	0.018780	0.983187
-0.067070	-0.997726	0.006667	0.981076	-0.064732	0.182482	-0.181635	0.018780	0.983187
-0.066391	-0.997768	0.007127	0.981150	-0.063982	0.182352	-0.181489	0.019099	0.983208
-0.066391	-0.997768	0.007127	0.981150	-0.063982	0.182352	-0.181489	0.019099	0.983208
-0.066391	-0.997768	0.007127	0.981150	-0.063982	0.182352	-0.181489	0.019099	0.983208
-0.067118	-0.997716	0.007593	0.981192	-0.064622	0.181895	-0.180989	0.019659	0.983289
-0.067660	-0.997679	0.007718	0.981194	-0.065136	0.181701	-0.180776	0.019867	0.983324
-0.067660	-0.997679	0.007718	0.981194	-0.065136	0.181701	-0.180776	0.019867	0.983324
-0.067622	-0.997687	0.006887	0.981247	-0.065256	0.181374	-0.180505	0.019022	0.983390
-0.068026	-0.997663	0.006498	0.981234	-0.065725	0.181274	-0.180423	0.018707	0.983411
-0.069149	-0.997583	0.006881	0.981063	-0.066749	0.181822	-0.180923	0.019323	0.983307
-0.069149	-0.997583	0.006881	0.981063	-0.066749	0.181822	-0.180923	0.019323	0.983307
-0.070086	-0.997513	0.007443	0.980955	-0.067564	0.182107	-0.181151	0.020065	0.983251
