0.276576	-0.960745	0.021812	0.944024	0.275869	0.180871	-0.179788	-0.029434	0.983265
0.276071	-0.960887	0.021957	0.944226	0.275409	0.180520	-0.179507	-0.029104	0.983326
0.276071	-0.960887	0.021957	0.944226	0.275409	0.180520	-0.179507	-0.029104	0.983326
0.275716	-0.960995	0.021677	0.944405	0.275021	0.180175	-0.179108	-0.029206	0.983396
0.274828	-0.961249	0.021687	0.944748	0.274164	0.179681	-0.178664	-0.028892	0.983486
0.273242	-0.961695	0.021961	0.945277	0.272669	0.179173	-0.178298	-0.028198	0.983572
0.270298	-0.962516	0.022432	0.946197	0.269876	0.178547	-0.177908	-0.027036	0.983676
0.266757	-0.963497	0.022691	0.947233	0.266450	0.178196	-0.177737	-0.026042	0.983733
0.263537	-0.964387	0.022491	0.948125	0.263250	0.178212	-0.177786	-0.025641	0.983735
0.260679	-0.965177	0.021927	0.948826	0.260325	0.178777	-0.178259	-0.025798	0.983645
0.258917	-0.965669	0.021095	0.949266	0.258433	0.179182	-0.178482	-0.026369	0.983590
0.258917	-0.965669	0.021095	0.949266	0.258433	0.179182	-0.178482	-0.026369	0.983590
0.259136	-0.965622	0.020572	0.949211	0.258552	0.179303	-0.178458	-0.026937	0.983579
0.259599	-0.965510	0.019988	0.949100	0.258901	0.179385	-0.178373	-0.027598	0.983576
0.260418	-0.965301	0.019404	0.948846	0.259591	0.179735	-0.178535	-0.028395	0.983524
0.262172	-0.964841	0.018625	0.948331	0.261164	0.180173	-0.178702	-0.029574	0.983459
0.264020	-0.964339	0.018536	0.947826	0.262963	0.180211	-0.178658	-0.030010	0.983453
0.265360	-0.963960	0.019095	0.947499	0.264391	0.179841	-0.178409	-0.029630	0.983510
0.266679	-0.963588	0.019479	0.947174	0.265766	0.179527	-0.178167	-0.029426	0.983560
0.267764	-0.963285	0.019598	0.946887	0.266856	0.179421	-0.178063	-0.029486	0.983577
0.268172	-0.963168	0.019788	0.946777	0.267293	0.179357	-0.178040	-0.029364	0.983585
0.268172	-0.963168	0.019788	0.946777	0.267293	0.179357	-0.178040	-0.029364	0.983585
0.268637	-0.963032	0.020118	0.946658	0.267813	0.179207	-0.177970	-0.029096	0.983606
0.268637	-0.963032	0.020118	0.946658	0.267813	0.179207	-0.177970	-0.029096	0.983606
0.268637	-0.963032	0.020118	0.946658	0.267813	0.179207	-0.177970	-0.029096	0.983606
