0.941119	-0.337426	0.020959	0.330250	0.930825	0.156527	-0.072325	-0.140389	0.987451
0.940522	-0.339030	0.021825	0.331665	0.930209	0.157196	-0.073596	-0.140608	0.987326
0.940023	-0.340340	0.022916	0.332753	0.929701	0.157895	-0.075043	-0.140800	0.987190
0.939586	-0.341511	0.023427	0.333832	0.929298	0.157993	-0.075728	-0.140628	0.987162
0.939245	-0.342425	0.023734	0.334634	0.928878	0.158764	-0.076411	-0.141176	0.987031
0.938764	-0.343701	0.024327	0.335694	0.928237	0.160268	-0.077665	-0.142288	0.986774
0.938618	-0.344107	0.024199	0.336084	0.928031	0.160645	-0.077737	-0.142651	0.986716
0.938701	-0.343916	0.023719	0.336037	0.928210	0.159701	-0.076940	-0.141941	0.986880
0.939176	-0.342646	0.023298	0.334879	0.928713	0.159212	-0.076190	-0.141726	0.986969
0.939806	-0.340937	0.022970	0.333235	0.929302	0.159228	-0.075632	-0.141989	0.986975
0.939806	-0.340937	0.022970	0.333235	0.929302	0.159228	-0.075632	-0.141989	0.986975
0.940348	-0.339480	0.022331	0.331902	0.929817	0.158999	-0.074741	-0.142103	0.987026
0.940740	-0.338414	0.022027	0.330924	0.930239	0.158571	-0.074153	-0.141885	0.987102
0.940996	-0.337701	0.022025	0.330225	0.930500	0.158496	-0.074019	-0.141871	0.987114
0.940996	-0.337701	0.022025	0.330225	0.930500	0.158496	-0.074019	-0.141871	0.987114
0.941308	-0.336815	0.022257	0.329337	0.930863	0.158210	-0.074006	-0.141594	0.987155
0.941561	-0.336136	0.021793	0.328720	0.931057	0.158351	-0.073518	-0.141933	0.987142
0.941561	-0.336136	0.021793	0.328720	0.931057	0.158351	-0.073518	-0.141933	0.987142
0.942068	-0.334693	0.022108	0.327265	0.931607	0.158133	-0.073522	-0.141737	0.987170
0.942333	-0.333963	0.021866	0.326542	0.931778	0.158617	-0.073346	-0.142330	0.987098
0.942462	-0.333613	0.021620	0.326228	0.931882	0.158657	-0.073077	-0.142475	0.987097
0.942689	-0.332959	0.021819	0.325574	0.932158	0.158375	-0.073071	-0.142195	0.987138
0.942978	-0.332124	0.022027	0.324730	0.932478	0.158221	-0.073089	-0.142046	0.987158
0.942978	-0.332124	0.022027	0.324730	0.932478	0.158221	-0.073089	-0.142046	0.987158
0.942686	-0.332914	0.022607	0.325416	0.932209	0.158401	-0.073809	-0.141965	0.987116
