0.428770	-0.903322	0.012859	0.888138	0.424084	0.177098	-0.165430	-0.064513	0.984109
0.430551	-0.902478	0.012587	0.887411	0.425825	0.176563	-0.164704	-0.064850	0.984209
0.431171	-0.902182	0.012590	0.887133	0.426442	0.176471	-0.164578	-0.064920	0.984225
0.431171	-0.902182	0.012590	0.887133	0.426442	0.176471	-0.164578	-0.064920	0.984225
0.430911	-0.902309	0.012418	0.887181	0.426122	0.177002	-0.165002	-0.065255	0.984132
0.430911	-0.902309	0.012418	0.887181	0.426122	0.177002	-0.165002	-0.065255	0.984132
0.430911	-0.902309	0.012418	0.887181	0.426122	0.177002	-0.165002	-0.065255	0.984132
0.430602	-0.902455	0.012570	0.887219	0.425806	0.177570	-0.165601	-0.065309	0.984028
0.430602	-0.902455	0.012570	0.887219	0.425806	0.177570	-0.165601	-0.065309	0.984028
0.430602	-0.902455	0.012570	0.887219	0.425806	0.177570	-0.165601	-0.065309	0.984028
0.430284	-0.902610	0.012313	0.887318	0.425423	0.177995	-0.165898	-0.065663	0.983954
0.430284	-0.902610	0.012313	0.887318	0.425423	0.177995	-0.165898	-0.065663	0.983954
0.430284	-0.902610	0.012313	0.887318	0.425423	0.177995	-0.165898	-0.065663	0.983954
0.430284	-0.902610	0.012313	0.887318	0.425423	0.177995	-0.165898	-0.065663	0.983954
0.430284	-0.902610	0.012313	0.887318	0.425423	0.177995	-0.165898	-0.065663	0.983954
0.430284	-0.902610	0.012313	0.887318	0.425423	0.177995	-0.165898	-0.065663	0.983954
0.430284	-0.902610	0.012313	0.887318	0.425423	0.177995	-0.165898	-0.065663	0.983954
0.430489	-0.902528	0.011075	0.887326	0.425421	0.177962	-0.165327	-0.066784	0.983975
0.430606	-0.902486	0.009874	0.887392	0.425349	0.177801	-0.164663	-0.067800	0.984017
0.430603	-0.902495	0.009142	0.887445	0.425224	0.177838	-0.164385	-0.068464	0.984017
0.430603	-0.902495	0.009142	0.887445	0.425224	0.177838	-0.164385	-0.068464	0.984017
0.431128	-0.902244	0.009163	0.887241	0.425762	0.177567	-0.164110	-0.068424	0.984066
0.431128	-0.902244	0.009163	0.887241	0.425762	0.177567	-0.164110	-0.068424	0.984066
0.431128	-0.902244	0.009163	0.887241	0.425762	0.177567	-0.164110	-0.068424	0.984066
0.431128	-0.902244	0.009163	0.887241	0.425762	0.177567	-0.164110	-0.068424	0.984066
