-0.452220	-0.891658	-0.021067	0.880835	-0.450192	0.146484	-0.140097	0.047687	0.988989
-0.452220	-0.891658	-0.021067	0.880835	-0.450192	0.146484	-0.140097	0.047687	0.988989
-0.451449	-0.892055	-0.020794	0.881275	-0.449403	0.146261	-0.139818	0.047705	0.989027
-0.451449	-0.892055	-0.020794	0.881275	-0.449403	0.146261	-0.139818	0.047705	0.989027
-0.449933	-0.892825	-0.020611	0.882028	-0.447872	0.146414	-0.139953	0.047697	0.989009
-0.448851	-0.893367	-0.020698	0.882501	-0.446794	0.146858	-0.140446	0.047652	0.988941
-0.447051	-0.894260	-0.021086	0.883299	-0.445047	0.147364	-0.141166	0.047254	0.988858
-0.444348	-0.895579	-0.022207	0.884515	-0.442521	0.147674	-0.142081	0.045976	0.988787
-0.442457	-0.896503	-0.022685	0.885422	-0.440723	0.147615	-0.142335	0.045227	0.988785
-0.441566	-0.896937	-0.022862	0.885831	-0.439863	0.147729	-0.142560	0.044980	0.988764
-0.441146	-0.897142	-0.022950	0.885979	-0.439445	0.148084	-0.142937	0.044994	0.988708
-0.441146	-0.897142	-0.022950	0.885979	-0.439445	0.148084	-0.142937	0.044994	0.988708
-0.441146	-0.897142	-0.022950	0.885979	-0.439445	0.148084	-0.142937	0.044994	0.988708
-0.441146	-0.897142	-0.022950	0.885979	-0.439445	0.148084	-0.142937	0.044994	0.988708
-0.441349	-0.897062	-0.022176	0.885928	-0.439533	0.148128	-0.142627	0.045730	0.988720
-0.441046	-0.897226	-0.021536	0.886147	-0.439151	0.147954	-0.142206	0.046170	0.988760
-0.441046	-0.897226	-0.021536	0.886147	-0.439151	0.147954	-0.142206	0.046170	0.988760
-0.441458	-0.897036	-0.021007	0.885941	-0.439469	0.148242	-0.142210	0.046832	0.988728
-0.441955	-0.896791	-0.021007	0.885543	-0.439909	0.149309	-0.143140	0.047385	0.988567
-0.443051	-0.896249	-0.021059	0.884835	-0.440943	0.150457	-0.144133	0.048026	0.988392
-0.444481	-0.895537	-0.021213	0.884092	-0.442369	0.150635	-0.144283	0.048200	0.988362
-0.444481	-0.895537	-0.021213	0.884092	-0.442369	0.150635	-0.144283	0.048200	0.988362
-0.444991	-0.895294	-0.020774	0.883826	-0.442794	0.150953	-0.144346	0.048812	0.988323
-0.444991	-0.895294	-0.020774	0.883826	-0.442794	0.150953	-0.144346	0.048812	0.988323
-0.444991	-0.895294	-0.020774	0.883826	-0.442794	0.150953	-0.144346	0.048812	0.988323
-0.444115	-0.895738	-0.020364	0.884259	-0.441860	0.151147	-0.144386	0.049120	0.988302
