0.673122	-0.739020	0.027503	0.726345	0.667653	0.163286	-0.139034	-0.089935	0.986195
0.673265	-0.738931	0.026365	0.726123	0.667481	0.164971	-0.139500	-0.091924	0.985946
0.672642	-0.739509	0.026073	0.726497	0.666679	0.166556	-0.140552	-0.093091	0.985687
0.671799	-0.740273	0.026100	0.727212	0.665828	0.166839	-0.140885	-0.093102	0.985639
0.670993	-0.740990	0.026481	0.728020	0.665177	0.165908	-0.140551	-0.092045	0.985786
0.670505	-0.741419	0.026850	0.728511	0.664814	0.165213	-0.140342	-0.091215	0.985892
0.670152	-0.741716	0.027462	0.728722	0.664536	0.165396	-0.140926	-0.090829	0.985845
0.669764	-0.742041	0.028134	0.728920	0.664209	0.165839	-0.141746	-0.090566	0.985751
0.669592	-0.742171	0.028786	0.729049	0.664170	0.165426	-0.141893	-0.089782	0.985802
0.669897	-0.741877	0.029277	0.728853	0.664626	0.164454	-0.141463	-0.088829	0.985950
0.670834	-0.741025	0.029388	0.728090	0.665620	0.163811	-0.140950	-0.088493	0.986054
0.672276	-0.739738	0.028845	0.726899	0.666986	0.163548	-0.140222	-0.088982	0.986114
0.673088	-0.739016	0.028422	0.726249	0.667741	0.163355	-0.139701	-0.089310	0.986158
0.673088	-0.739016	0.028422	0.726249	0.667741	0.163355	-0.139701	-0.089310	0.986158
0.673088	-0.739016	0.028422	0.726249	0.667741	0.163355	-0.139701	-0.089310	0.986158
0.673381	-0.738773	0.027795	0.726009	0.667907	0.163738	-0.139530	-0.090079	0.986112
0.673799	-0.738421	0.026987	0.725691	0.668178	0.164045	-0.139166	-0.090949	0.986084
0.674060	-0.738209	0.026267	0.725495	0.668300	0.164415	-0.138927	-0.091769	0.986041
0.674037	-0.738248	0.025760	0.725538	0.668181	0.164709	-0.138808	-0.092330	0.986006
0.673242	-0.738966	0.025973	0.726197	0.667405	0.164951	-0.139228	-0.092191	0.985960
0.672214	-0.739888	0.026329	0.727037	0.666418	0.165242	-0.139807	-0.091936	0.985901
0.671209	-0.740781	0.026853	0.727861	0.665495	0.165332	-0.140345	-0.091427	0.985872
0.670666	-0.741258	0.027269	0.728306	0.665027	0.165255	-0.140631	-0.090971	0.985874
0.670174	-0.741683	0.027785	0.728689	0.664621	0.165201	-0.140993	-0.090467	0.985868
0.669684	-0.742108	0.028260	0.729073	0.664210	0.165161	-0.141338	-0.090002	0.985862
