0.060266	-0.998127	0.010564	0.981296	0.061181	0.182523	-0.182827	-0.000634	0.983145
0.059712	-0.998157	0.010811	0.981350	0.060682	0.182399	-0.182719	-0.000282	0.983165
0.058327	-0.998230	0.011648	0.981423	0.059474	0.182407	-0.182777	0.000793	0.983154
0.056547	-0.998318	0.012769	0.981483	0.057929	0.182579	-0.183012	0.002208	0.983108
0.055274	-0.998378	0.013635	0.981506	0.056836	0.182800	-0.183278	0.003279	0.983056
0.054148	-0.998430	0.014309	0.981518	0.055854	0.183039	-0.183551	0.004133	0.983002
0.053189	-0.998473	0.014898	0.981560	0.055019	0.183067	-0.183607	0.004886	0.982988
0.053011	-0.998482	0.014990	0.981613	0.054860	0.182831	-0.183376	0.005022	0.983030
0.053011	-0.998482	0.014990	0.981613	0.054860	0.182831	-0.183376	0.005022	0.983030
0.053822	-0.998442	0.014759	0.981606	0.055615	0.182641	-0.183178	0.004657	0.983069
0.055581	-0.998356	0.014046	0.981554	0.057212	0.182424	-0.182928	0.003648	0.983120
0.057072	-0.998281	0.013329	0.981439	0.058548	0.182621	-0.183087	0.002659	0.983093
0.058563	-0.998204	0.012612	0.981321	0.059882	0.182818	-0.183245	0.001670	0.983066
0.059350	-0.998167	0.011840	0.981193	0.060515	0.183300	-0.183681	0.000738	0.982986
0.059649	-0.998154	0.011476	0.981127	0.060742	0.183578	-0.183937	0.000309	0.982938
0.060111	-0.998126	0.011433	0.981100	0.061188	0.183571	-0.183927	0.000182	0.982940
0.060608	-0.998096	0.011498	0.981053	0.061689	0.183656	-0.184015	0.000150	0.982923
0.060608	-0.998096	0.011498	0.981053	0.061689	0.183656	-0.184015	0.000150	0.982923
0.060608	-0.998096	0.011498	0.981053	0.061689	0.183656	-0.184015	0.000150	0.982923
0.060608	-0.998096	0.011498	0.981053	0.061689	0.183656	-0.184015	0.000150	0.982923
0.060608	-0.998096	0.011498	0.981053	0.061689	0.183656	-0.184015	0.000150	0.982923
0.060608	-0.998096	0.011498	0.981053	0.061689	0.183656	-0.184015	0.000150	0.982923
0.060550	-0.998104	0.011057	0.981095	0.061551	0.183477	-0.183810	-0.000261	0.982962
0.060550	-0.998104	0.011057	0.981095	0.061551	0.183477	-0.183810	-0.000261	0.982962
