-0.251601	-0.967593	0.021462	0.951048	-0.243066	0.190858	-0.179456	0.068432	0.981383
-0.251601	-0.967593	0.021462	0.951048	-0.243066	0.190858	-0.179456	0.068432	0.981383
-0.251601	-0.967593	0.021462	0.951048	-0.243066	0.190858	-0.179456	0.068432	0.981383
-0.251261	-0.967698	0.020708	0.951081	-0.242860	0.190955	-0.179758	0.067674	0.981380
-0.251261	-0.967698	0.020708	0.951081	-0.242860	0.190955	-0.179758	0.067674	0.981380
-0.251261	-0.967698	0.020708	0.951081	-0.242860	0.190955	-0.179758	0.067674	0.981380
-0.251261	-0.967698	0.020708	0.951081	-0.242860	0.190955	-0.179758	0.067674	0.981380
-0.251261	-0.967698	0.020708	0.951081	-0.242860	0.190955	-0.179758	0.067674	0.981380
-0.251261	-0.967698	0.020708	0.951081	-0.242860	0.190955	-0.179758	0.067674	0.981380
-0.252064	-0.967497	0.020308	0.950930	-0.243747	0.190577	-0.179433	0.067349	0.981462
-0.252064	-0.967497	0.020308	0.950930	-0.243747	0.190577	-0.179433	0.067349	0.981462
-0.252412	-0.967409	0.020198	0.950816	-0.244101	0.190692	-0.179547	0.067337	0.981442
-0.252412	-0.967409	0.020198	0.950816	-0.244101	0.190692	-0.179547	0.067337	0.981442
-0.252986	-0.967268	0.019799	0.950711	-0.244758	0.190374	-0.179296	0.066985	0.981512
-0.252986	-0.967268	0.019799	0.950711	-0.244758	0.190374	-0.179296	0.066985	0.981512
-0.252986	-0.967268	0.019799	0.950711	-0.244758	0.190374	-0.179296	0.066985	0.981512
-0.252986	-0.967268	0.019799	0.950711	-0.244758	0.190374	-0.179296	0.066985	0.981512
-0.253417	-0.967167	0.019164	0.950589	-0.245303	0.190285	-0.179337	0.066438	0.981542
-0.253417	-0.967167	0.019164	0.950589	-0.245303	0.190285	-0.179337	0.066438	0.981542
-0.253417	-0.967167	0.019164	0.950589	-0.245303	0.190285	-0.179337	0.066438	0.981542
-0.253417	-0.967167	0.019164	0.950589	-0.245303	0.190285	-0.179337	0.066438	0.981542
-0.253417	-0.967167	0.019164	0.950589	-0.245303	0.190285	-0.179337	0.066438	0.981542
-0.253432	-0.967177	0.018465	0.950613	-0.245465	0.189954	-0.179186	0.065693	0.981619
-0.253553	-0.967164	0.017479	0.950511	-0.245752	0.190093	-0.179555	0.064813	0.981611
-0.253565	-0.967168	0.017072	0.950527	-0.245850	0.189883	-0.179451	0.064375	0.981658
-0.253565	-0.967168	0.017072	0.950527	-0.245850	0.189883	-0.179451	0.064375	0.981658
