-0.331879	-0.943305	-0.005703	0.926546	-0.327106	0.185781	-0.177113	0.056372	0.982575
-0.330017	-0.943955	-0.006195	0.927128	-0.325354	0.185954	-0.177548	0.055625	0.982539
-0.328139	-0.944598	-0.007723	0.927603	-0.323759	0.186369	-0.178544	0.053991	0.982450
-0.327272	-0.944889	-0.008778	0.927908	-0.323118	0.185959	-0.178547	0.052714	0.982518
-0.327337	-0.944869	-0.008544	0.927864	-0.323129	0.186160	-0.178658	0.053009	0.982482
-0.327337	-0.944869	-0.008544	0.927864	-0.323129	0.186160	-0.178658	0.053009	0.982482
-0.327439	-0.944839	-0.007941	0.927880	-0.323125	0.186088	-0.178389	0.053564	0.982501
-0.327541	-0.944809	-0.007337	0.927896	-0.323122	0.186015	-0.178120	0.054119	0.982519
-0.327541	-0.944809	-0.007337	0.927896	-0.323122	0.186015	-0.178120	0.054119	0.982519
-0.328118	-0.944616	-0.006283	0.927745	-0.323495	0.186118	-0.177843	0.055239	0.982507
-0.328118	-0.944616	-0.006283	0.927745	-0.323495	0.186118	-0.177843	0.055239	0.982507
-0.328118	-0.944616	-0.006283	0.927745	-0.323495	0.186118	-0.177843	0.055239	0.982507
-0.327876	-0.944705	-0.005457	0.927878	-0.323111	0.186125	-0.177596	0.055962	0.982511
-0.327876	-0.944705	-0.005457	0.927878	-0.323111	0.186125	-0.177596	0.055962	0.982511
-0.327876	-0.944705	-0.005457	0.927878	-0.323111	0.186125	-0.177596	0.055962	0.982511
-0.327876	-0.944705	-0.005457	0.927878	-0.323111	0.186125	-0.177596	0.055962	0.982511
-0.327876	-0.944705	-0.005457	0.927878	-0.323111	0.186125	-0.177596	0.055962	0.982511
-0.326643	-0.945132	-0.005499	0.928332	-0.321918	0.185926	-0.177494	0.055627	0.982548
-0.329006	-0.944316	-0.004782	0.927603	-0.324124	0.185732	-0.176939	0.056671	0.982589
-0.331367	-0.943493	-0.004065	0.926869	-0.326327	0.185540	-0.176382	0.057714	0.982628
-0.333502	-0.942743	-0.003506	0.926081	-0.328300	0.185996	-0.176497	0.058783	0.982544
-0.335636	-0.941987	-0.002948	0.925288	-0.330270	0.186453	-0.176610	0.059852	0.982459
-0.337768	-0.941226	-0.002392	0.924491	-0.332237	0.186912	-0.176721	0.060922	0.982374
-0.333547	-0.942723	-0.004484	0.925912	-0.328487	0.186501	-0.177292	0.058055	0.982444
-0.329142	-0.944255	-0.006896	0.927377	-0.324617	0.185997	-0.177867	0.054825	0.982526
-0.326887	-0.945025	-0.008540	0.928105	-0.322712	0.185682	-0.178230	0.052772	0.982573
