0.953919	-0.299182	0.023012	0.291636	0.942440	0.163569	-0.070624	-0.149321	0.986263
0.953919	-0.299182	0.023012	0.291636	0.942440	0.163569	-0.070624	-0.149321	0.986263
0.953775	-0.299625	0.023217	0.292037	0.942300	0.163660	-0.070914	-0.149315	0.986244
0.953507	-0.300404	0.024133	0.292718	0.942204	0.162996	-0.071703	-0.148353	0.986332
0.953554	-0.300253	0.024145	0.292616	0.942353	0.162317	-0.071489	-0.147713	0.986443
0.953662	-0.299871	0.024609	0.292229	0.942613	0.161499	-0.071626	-0.146824	0.986566
0.953949	-0.298942	0.024815	0.291337	0.943022	0.160721	-0.071447	-0.146090	0.986688
0.953949	-0.298942	0.024815	0.291337	0.943022	0.160721	-0.071447	-0.146090	0.986688
0.953248	-0.301087	0.025785	0.293335	0.942448	0.160457	-0.072612	-0.145391	0.986706
0.952795	-0.302498	0.026006	0.294717	0.942059	0.160212	-0.072963	-0.144985	0.986740
0.952795	-0.302498	0.026006	0.294717	0.942059	0.160212	-0.072963	-0.144985	0.986740
0.952843	-0.302409	0.025287	0.294772	0.942131	0.159681	-0.072112	-0.144697	0.986845
0.953150	-0.301550	0.023925	0.294117	0.942328	0.159731	-0.070712	-0.145211	0.986871
0.953415	-0.300757	0.023360	0.293427	0.942571	0.159563	-0.070008	-0.145275	0.986911
0.953415	-0.300757	0.023360	0.293427	0.942571	0.159563	-0.070008	-0.145275	0.986911
0.953415	-0.300757	0.023360	0.293427	0.942571	0.159563	-0.070008	-0.145275	0.986911
0.953400	-0.300804	0.023340	0.293436	0.942472	0.160132	-0.070166	-0.145821	0.986820
0.953135	-0.301575	0.024193	0.294061	0.942247	0.160308	-0.071141	-0.145681	0.986771
0.952976	-0.302011	0.025018	0.294349	0.942103	0.160626	-0.072080	-0.145709	0.986698
0.953004	-0.301879	0.025533	0.294111	0.942105	0.161052	-0.072673	-0.145974	0.986616
0.953004	-0.301879	0.025533	0.294111	0.942105	0.161052	-0.072673	-0.145974	0.986616
0.953058	-0.301674	0.025954	0.293900	0.942291	0.160345	-0.072828	-0.145190	0.986720
0.953300	-0.300922	0.025777	0.293203	0.942558	0.160053	-0.072459	-0.145021	0.986772
0.953687	-0.299718	0.025497	0.292085	0.942977	0.159628	-0.071887	-0.144788	0.986848
0.953712	-0.299619	0.025717	0.292011	0.943129	0.158861	-0.071852	-0.143998	0.986966
