0.039768	-0.999124	0.013055	0.981265	0.041515	0.188140	-0.188517	0.005329	0.982055
0.039768	-0.999124	0.013055	0.981265	0.041515	0.188140	-0.188517	0.005329	0.982055
0.039768	-0.999124	0.013055	0.981265	0.041515	0.188140	-0.188517	0.005329	0.982055
0.039593	-0.999120	0.013830	0.981381	0.041486	0.187540	-0.187949	0.006147	0.982160
0.039593	-0.999120	0.013830	0.981381	0.041486	0.187540	-0.187949	0.006147	0.982160
0.039328	-0.999118	0.014724	0.981258	0.041399	0.188200	-0.188643	0.007047	0.982020
0.039328	-0.999118	0.014724	0.981258	0.041399	0.188200	-0.188643	0.007047	0.982020
0.039555	-0.999098	0.015454	0.981308	0.041757	0.187860	-0.188335	0.007735	0.982074
0.039555	-0.999098	0.015454	0.981308	0.041757	0.187860	-0.188335	0.007735	0.982074
0.039555	-0.999098	0.015454	0.981308	0.041757	0.187860	-0.188335	0.007735	0.982074
0.039555	-0.999098	0.015454	0.981308	0.041757	0.187860	-0.188335	0.007735	0.982074
0.039555	-0.999098	0.015454	0.981308	0.041757	0.187860	-0.188335	0.007735	0.982074
0.039136	-0.999106	0.016010	0.981236	0.041454	0.188302	-0.188798	0.008340	0.981981
0.039136	-0.999106	0.016010	0.981236	0.041454	0.188302	-0.188798	0.008340	0.981981
0.039136	-0.999106	0.016010	0.981236	0.041454	0.188302	-0.188798	0.008340	0.981981
0.039136	-0.999106	0.016010	0.981236	0.041454	0.188302	-0.188798	0.008340	0.981981
0.039051	-0.999117	0.015480	0.981073	0.041277	0.189186	-0.189658	0.007799	0.981819
0.039051	-0.999117	0.015480	0.981073	0.041277	0.189186	-0.189658	0.007799	0.981819
0.039534	-0.999093	0.015806	0.981080	0.041812	0.189036	-0.189525	0.008033	0.981843
0.039534	-0.999093	0.015806	0.981080	0.041812	0.189036	-0.189525	0.008033	0.981843
0.039534	-0.999093	0.015806	0.981080	0.041812	0.189036	-0.189525	0.008033	0.981843
0.039534	-0.999093	0.015806	0.981080	0.041812	0.189036	-0.189525	0.008033	0.981843
0.039534	-0.999093	0.015806	0.981080	0.041812	0.189036	-0.189525	0.008033	0.981843
0.039534	-0.999093	0.015806	0.981080	0.041812	0.189036	-0.189525	0.008033	0.981843
0.038817	-0.999113	0.016350	0.981145	0.041209	0.188830	-0.189336	0.008712	0.981874
