0.918422	0.287637	-0.271598	-0.169508	0.906456	0.386787	0.357446	-0.309196	0.881266
0.918135	0.288347	-0.271815	-0.169932	0.906165	0.387283	0.357982	-0.309388	0.880981
0.918060	0.289096	-0.271272	-0.170542	0.905716	0.388066	0.357884	-0.310004	0.880805
0.918119	0.289261	-0.270899	-0.170724	0.905565	0.388338	0.357647	-0.310291	0.880799
0.918137	0.289628	-0.270443	-0.170977	0.905235	0.388995	0.357478	-0.310911	0.880649
0.918100	0.289890	-0.270288	-0.171254	0.905145	0.389081	0.357441	-0.310927	0.880659
0.918061	0.289478	-0.270863	-0.170844	0.905430	0.388598	0.357738	-0.310481	0.880696
0.918154	0.288812	-0.271257	-0.170227	0.905733	0.388163	0.357793	-0.310218	0.880766
0.918186	0.288415	-0.271572	-0.169551	0.905676	0.388591	0.358031	-0.310754	0.880480
0.918149	0.288542	-0.271563	-0.169691	0.905662	0.388564	0.358061	-0.310677	0.880495
0.917996	0.288938	-0.271658	-0.169962	0.905519	0.388777	0.358324	-0.310725	0.880372
0.917827	0.289739	-0.271377	-0.170708	0.905229	0.389126	0.358403	-0.310824	0.880304
0.917847	0.289746	-0.271302	-0.170768	0.905246	0.389060	0.358323	-0.310768	0.880356
0.917942	0.289485	-0.271258	-0.170563	0.905325	0.388967	0.358177	-0.310783	0.880411
0.917959	0.289065	-0.271649	-0.170102	0.905505	0.388750	0.358354	-0.310648	0.880386
0.917914	0.288570	-0.272325	-0.169376	0.905639	0.388755	0.358811	-0.310718	0.880175
0.917853	0.288593	-0.272508	-0.169153	0.905490	0.389199	0.359073	-0.311132	0.879922
0.917659	0.288839	-0.272901	-0.169165	0.905388	0.389430	0.359564	-0.311198	0.879698
0.917505	0.289235	-0.272996	-0.169435	0.905245	0.389644	0.359827	-0.311245	0.879574
0.917412	0.289834	-0.272675	-0.169983	0.904980	0.390022	0.359807	-0.311461	0.879506
0.917415	0.290373	-0.272091	-0.170533	0.904680	0.390478	0.359539	-0.311830	0.879485
0.917670	0.290583	-0.271004	-0.171088	0.904541	0.390557	0.358624	-0.312037	0.879785
0.917726	0.290441	-0.270967	-0.170899	0.904511	0.390709	0.358570	-0.312256	0.879729
