0.888957	0.362453	-0.279969	-0.245549	0.893202	0.376690	0.386602	-0.266115	0.883018
0.888976	0.362184	-0.280259	-0.245286	0.893366	0.376473	0.386726	-0.265931	0.883019
0.889304	0.361292	-0.280368	-0.244551	0.893754	0.376029	0.386436	-0.265840	0.883174
0.889271	0.361192	-0.280601	-0.244380	0.893801	0.376030	0.386620	-0.265820	0.883099
0.889349	0.360974	-0.280635	-0.244142	0.893858	0.376048	0.386591	-0.265923	0.883081
0.889465	0.360788	-0.280508	-0.244010	0.893911	0.376009	0.386409	-0.266000	0.883138
0.889482	0.360859	-0.280360	-0.244011	0.893800	0.376272	0.386367	-0.266276	0.883073
0.889520	0.360891	-0.280199	-0.244117	0.893794	0.376216	0.386214	-0.266250	0.883148
0.889641	0.360560	-0.280242	-0.243993	0.894042	0.375707	0.386013	-0.265868	0.883351
0.889688	0.360426	-0.280265	-0.243997	0.894180	0.375376	0.385902	-0.265584	0.883484
0.889734	0.360355	-0.280210	-0.243941	0.894195	0.375377	0.385832	-0.265631	0.883501
0.889761	0.360584	-0.279827	-0.244120	0.893984	0.375763	0.385656	-0.266028	0.883458
0.889743	0.360545	-0.279937	-0.244089	0.894033	0.375666	0.385717	-0.265917	0.883465
0.889702	0.360208	-0.280501	-0.243814	0.894334	0.375129	0.385987	-0.265363	0.883514
0.889591	0.360326	-0.280700	-0.243880	0.894322	0.375114	0.386200	-0.265240	0.883457
0.889531	0.360631	-0.280499	-0.244104	0.894123	0.375442	0.386197	-0.265497	0.883382
0.889536	0.360842	-0.280211	-0.244362	0.894013	0.375536	0.386022	-0.265580	0.883433
0.889486	0.360950	-0.280232	-0.244513	0.894019	0.375423	0.386042	-0.265413	0.883474
0.889440	0.361037	-0.280267	-0.244554	0.893974	0.375505	0.386123	-0.265449	0.883429
0.889458	0.361092	-0.280139	-0.244569	0.893894	0.375685	0.386071	-0.265643	0.883393
0.889606	0.360959	-0.279837	-0.244653	0.893993	0.375396	0.385675	-0.265491	0.883612
0.889773	0.360913	-0.279368	-0.244724	0.893950	0.375452	0.385247	-0.265699	0.883736
