0.915698	0.301411	-0.265798	-0.185673	0.903898	0.385348	0.356403	-0.303511	0.883662
0.915735	0.301472	-0.265603	-0.185753	0.903833	0.385462	0.356267	-0.303645	0.883671
0.915772	0.301517	-0.265423	-0.185846	0.903801	0.385494	0.356122	-0.303697	0.883711
0.915793	0.301353	-0.265535	-0.185674	0.903866	0.385424	0.356157	-0.303666	0.883708
0.915832	0.301331	-0.265428	-0.185698	0.903871	0.385399	0.356046	-0.303671	0.883751
0.915834	0.301196	-0.265573	-0.185562	0.903947	0.385287	0.356111	-0.303579	0.883756
0.915876	0.300920	-0.265741	-0.185299	0.904072	0.385121	0.356140	-0.303481	0.883778
0.915915	0.300846	-0.265691	-0.185242	0.904083	0.385123	0.356069	-0.303522	0.883792
0.915837	0.301009	-0.265776	-0.185343	0.904029	0.385201	0.356218	-0.303522	0.883732
0.915742	0.300978	-0.266138	-0.185165	0.904040	0.385261	0.356554	-0.303520	0.883598
0.915665	0.301007	-0.266368	-0.185129	0.904061	0.385227	0.356769	-0.303427	0.883543
0.915878	0.300748	-0.265928	-0.185067	0.904121	0.385118	0.356254	-0.303506	0.883723
0.916092	0.300376	-0.265613	-0.184719	0.904099	0.385335	0.355886	-0.303939	0.883723
0.916187	0.300308	-0.265361	-0.184597	0.903975	0.385686	0.355705	-0.304376	0.883646
0.916243	0.300315	-0.265159	-0.184532	0.903839	0.386035	0.355593	-0.304771	0.883554
0.916322	0.300047	-0.265189	-0.184267	0.903904	0.386009	0.355526	-0.304843	0.883556
0.916247	0.300023	-0.265476	-0.184149	0.903931	0.386002	0.355782	-0.304786	0.883473
0.916227	0.300106	-0.265452	-0.184267	0.903937	0.385933	0.355772	-0.304688	0.883511
0.916339	0.300227	-0.264927	-0.184560	0.903872	0.385945	0.355331	-0.304762	0.883663
0.916307	0.299816	-0.265501	-0.184152	0.904159	0.385467	0.355625	-0.304314	0.883699
0.916390	0.299293	-0.265806	-0.183600	0.904343	0.385299	0.355697	-0.304283	0.883681
0.916445	0.299429	-0.265463	-0.183808	0.904256	0.385403	0.355448	-0.304407	0.883738
0.916519	0.299633	-0.264978	-0.184280	0.904272	0.385139	0.355013	-0.304157	0.883999
