0.910556	0.314021	-0.268847	-0.193242	0.898259	0.394701	0.365438	-0.307445	0.878597
0.910603	0.313664	-0.269103	-0.192928	0.898459	0.394398	0.365487	-0.307223	0.878655
0.910623	0.313657	-0.269044	-0.193003	0.898508	0.394249	0.365398	-0.307086	0.878739
0.910686	0.313472	-0.269049	-0.192857	0.898581	0.394155	0.365319	-0.307063	0.878780
0.910707	0.313375	-0.269089	-0.192754	0.898609	0.394141	0.365320	-0.307079	0.878774
0.910864	0.313264	-0.268685	-0.192746	0.898570	0.394234	0.364931	-0.307306	0.878856
0.911080	0.313117	-0.268124	-0.192714	0.898493	0.394426	0.364409	-0.307682	0.878941
0.911109	0.312715	-0.268496	-0.192243	0.898650	0.394298	0.364587	-0.307632	0.878885
0.911059	0.312328	-0.269114	-0.191748	0.898862	0.394055	0.364971	-0.307405	0.878805
0.911105	0.311986	-0.269355	-0.191420	0.899029	0.393834	0.365029	-0.307264	0.878830
0.911065	0.312046	-0.269421	-0.191491	0.899051	0.393750	0.365091	-0.307140	0.878848
0.911023	0.312224	-0.269357	-0.191711	0.899028	0.393695	0.365081	-0.307026	0.878892
0.911000	0.312410	-0.269219	-0.191993	0.899021	0.393574	0.364990	-0.306857	0.878989
0.910833	0.312937	-0.269171	-0.192395	0.898793	0.393898	0.365194	-0.306988	0.878858
0.910716	0.312988	-0.269509	-0.192332	0.898810	0.393890	0.365521	-0.306886	0.878758
0.910761	0.312743	-0.269642	-0.192307	0.899091	0.393260	0.365422	-0.306312	0.878999
0.910770	0.312312	-0.270109	-0.191927	0.899390	0.392761	0.365598	-0.305873	0.879079
0.910610	0.312511	-0.270420	-0.191851	0.899231	0.393162	0.366037	-0.306137	0.878804
0.910648	0.312608	-0.270178	-0.192289	0.899410	0.392538	0.365712	-0.305511	0.879157
0.910502	0.313076	-0.270129	-0.192684	0.899238	0.392740	0.365868	-0.305541	0.879082
0.910428	0.313738	-0.269609	-0.193167	0.898767	0.393580	0.365796	-0.306246	0.878866
0.910497	0.314133	-0.268917	-0.193721	0.898570	0.393755	0.365332	-0.306418	0.879000
