0.951818	0.114639	-0.284432	-0.001070	0.928736	0.370740	0.306663	-0.352573	0.884110
0.951872	0.114838	-0.284168	-0.001419	0.928795	0.370590	0.306492	-0.352351	0.884258
0.951850	0.114901	-0.284216	-0.001492	0.928830	0.370504	0.306560	-0.352240	0.884278
0.951795	0.114609	-0.284519	-0.001210	0.928969	0.370156	0.306732	-0.351968	0.884327
0.951832	0.114173	-0.284570	-0.000924	0.929151	0.369698	0.306618	-0.351628	0.884502
0.951764	0.113401	-0.285107	-0.000259	0.929493	0.368839	0.306831	-0.350974	0.884687
0.951780	0.112663	-0.285345	0.000298	0.929786	0.368101	0.306782	-0.350436	0.884918
0.951712	0.112355	-0.285692	0.000510	0.930040	0.367458	0.306991	-0.349860	0.885073
0.951672	0.112567	-0.285744	0.000243	0.930131	0.367227	0.307117	-0.349549	0.885152
0.951524	0.112821	-0.286136	0.000022	0.930272	0.366871	0.307575	-0.349093	0.885173
0.951367	0.112788	-0.286671	0.000140	0.930407	0.366528	0.308061	-0.348742	0.885142
0.951337	0.112984	-0.286693	-0.000079	0.930449	0.366422	0.308153	-0.348569	0.885179
0.951356	0.113604	-0.286386	-0.000725	0.930360	0.366648	0.308094	-0.348605	0.885185
0.951207	0.114766	-0.286415	-0.001686	0.930172	0.367121	0.308548	-0.348726	0.884979
0.951192	0.115527	-0.286160	-0.002408	0.930033	0.367467	0.308591	-0.348843	0.884918
0.951217	0.116046	-0.285865	-0.002885	0.929870	0.367877	0.308508	-0.349106	0.884843
0.951077	0.116696	-0.286067	-0.003368	0.929783	0.368092	0.308935	-0.349121	0.884688
0.951370	0.116288	-0.285258	-0.003459	0.929985	0.367580	0.308031	-0.348718	0.885162
0.951494	0.115592	-0.285126	-0.002704	0.929845	0.367942	0.307654	-0.349324	0.885055
0.951410	0.115185	-0.285573	-0.002078	0.929782	0.368104	0.307921	-0.349624	0.884843
0.951398	0.114767	-0.285780	-0.001650	0.929853	0.367926	0.307959	-0.349573	0.884850
0.951499	0.114460	-0.285568	-0.001521	0.929955	0.367670	0.307649	-0.349403	0.885025
0.951491	0.114592	-0.285542	-0.001667	0.929963	0.367650	0.307673	-0.349340	0.885042
0.951483	0.115190	-0.285326	-0.002266	0.929883	0.367849	0.307692	-0.349355	0.885029
0.951508	0.115662	-0.285052	-0.002777	0.929818	0.368009	0.307611	-0.349372	0.885051
