0.964139	-0.118222	-0.237612	0.200024	0.912123	0.357802	0.174431	-0.392499	0.903060
0.964193	-0.117305	-0.237849	0.199313	0.912160	0.358105	0.174948	-0.392689	0.902878
0.964629	-0.115496	-0.236961	0.197480	0.912065	0.359360	0.174619	-0.393444	0.902613
0.964930	-0.114931	-0.236012	0.196590	0.912182	0.359549	0.173963	-0.393337	0.902786
0.964851	-0.115191	-0.236208	0.196850	0.912263	0.359203	0.174106	-0.393075	0.902873
0.964665	-0.115838	-0.236651	0.197473	0.912478	0.358314	0.174432	-0.392385	0.903110
0.964430	-0.116555	-0.237256	0.198375	0.912331	0.358189	0.174707	-0.392514	0.903001
0.964273	-0.117039	-0.237653	0.199104	0.911955	0.358743	0.174742	-0.393244	0.902676
0.964143	-0.117429	-0.237991	0.199669	0.911715	0.359037	0.174819	-0.393682	0.902470
0.964081	-0.117873	-0.238022	0.200090	0.911646	0.358979	0.174678	-0.393711	0.902485
0.964092	-0.118245	-0.237789	0.200371	0.911534	0.359106	0.174290	-0.393857	0.902496
0.964320	-0.117804	-0.237085	0.199601	0.911831	0.358782	0.173915	-0.393303	0.902810
0.964426	-0.117463	-0.236824	0.199171	0.911923	0.358787	0.173821	-0.393192	0.902877
0.964453	-0.117370	-0.236761	0.199104	0.911843	0.359026	0.173750	-0.393404	0.902798
0.964400	-0.117524	-0.236897	0.199301	0.911809	0.359003	0.173814	-0.393436	0.902772
0.964302	-0.117600	-0.237258	0.199399	0.912037	0.358368	0.174244	-0.392884	0.902929
0.964227	-0.117711	-0.237509	0.199524	0.912180	0.357935	0.174518	-0.392519	0.903035
0.964176	-0.117803	-0.237670	0.199600	0.912320	0.357535	0.174713	-0.392166	0.903151
0.964151	-0.117823	-0.237760	0.199649	0.912323	0.357501	0.174792	-0.392153	0.903141
0.964160	-0.117581	-0.237845	0.199551	0.912151	0.357994	0.174857	-0.392626	0.902923
