0.905714	0.321668	-0.276065	-0.202676	0.900620	0.384456	0.372297	-0.292256	0.880898
0.905748	0.321880	-0.275705	-0.202875	0.900443	0.384764	0.372105	-0.292566	0.880876
0.905702	0.322125	-0.275572	-0.203162	0.900378	0.384765	0.372062	-0.292496	0.880918
0.905629	0.321837	-0.276146	-0.202899	0.900653	0.384260	0.372381	-0.291968	0.880958
0.905658	0.321507	-0.276436	-0.202623	0.900863	0.383913	0.372462	-0.291682	0.881019
0.905617	0.321559	-0.276510	-0.202569	0.900794	0.384104	0.372591	-0.291839	0.880912
0.905570	0.321850	-0.276327	-0.202813	0.900633	0.384353	0.372573	-0.292016	0.880861
0.905566	0.321985	-0.276181	-0.202948	0.900555	0.384465	0.372508	-0.292108	0.880858
0.905505	0.322004	-0.276357	-0.202987	0.900624	0.384282	0.372634	-0.291873	0.880883
0.905443	0.322076	-0.276476	-0.203108	0.900686	0.384073	0.372719	-0.291602	0.880937
0.905377	0.322289	-0.276444	-0.203488	0.900759	0.383700	0.372672	-0.291140	0.881109
0.905311	0.322511	-0.276402	-0.203729	0.900711	0.383685	0.372701	-0.291044	0.881129
0.905226	0.322719	-0.276438	-0.203785	0.900559	0.384013	0.372877	-0.291285	0.880975
0.905208	0.322658	-0.276567	-0.203642	0.900551	0.384107	0.372998	-0.291376	0.880893
0.905189	0.322635	-0.276658	-0.203596	0.900568	0.384092	0.373070	-0.291349	0.880871
0.905127	0.322692	-0.276794	-0.203731	0.900662	0.383800	0.373147	-0.290996	0.880956
0.905087	0.322697	-0.276918	-0.203720	0.900689	0.383742	0.373250	-0.290906	0.880942
0.905047	0.322718	-0.277026	-0.203695	0.900684	0.383767	0.373362	-0.290898	0.880897
0.904962	0.322911	-0.277079	-0.203765	0.900563	0.384012	0.373529	-0.291057	0.880773
0.904901	0.322930	-0.277255	-0.203804	0.900632	0.383829	0.373655	-0.290822	0.880798
0.904716	0.323120	-0.277636	-0.203667	0.900462	0.384301	0.374176	-0.291138	0.880472
0.904652	0.323289	-0.277649	-0.203827	0.900421	0.384313	0.374246	-0.291078	0.880462
0.904669	0.323411	-0.277452	-0.203911	0.900301	0.384550	0.374158	-0.291315	0.880421
