0.952387	0.122033	-0.279403	-0.010724	0.929245	0.369307	0.304702	-0.348727	0.886310
0.952321	0.122299	-0.279514	-0.010886	0.929180	0.369466	0.304904	-0.348807	0.886209
0.952265	0.122503	-0.279614	-0.011035	0.929165	0.369501	0.305073	-0.348777	0.886163
0.952243	0.122567	-0.279663	-0.011107	0.929198	0.369415	0.305140	-0.348666	0.886184
0.952180	0.122368	-0.279962	-0.010818	0.929224	0.369359	0.305345	-0.348668	0.886112
0.952142	0.122161	-0.280183	-0.010599	0.929304	0.369162	0.305473	-0.348525	0.886124
0.952116	0.122023	-0.280331	-0.010453	0.929358	0.369031	0.305558	-0.348430	0.886132
0.952055	0.121925	-0.280580	-0.010273	0.929374	0.368998	0.305754	-0.348424	0.886067
0.952071	0.122149	-0.280428	-0.010598	0.929425	0.368859	0.305693	-0.348208	0.886173
0.952076	0.122405	-0.280301	-0.010960	0.929493	0.368677	0.305666	-0.347937	0.886289
0.952103	0.122583	-0.280132	-0.011259	0.929560	0.368498	0.305571	-0.347694	0.886417
0.952141	0.122790	-0.279910	-0.011479	0.929480	0.368695	0.305443	-0.347837	0.886405
0.952283	0.122859	-0.279399	-0.011447	0.929140	0.369551	0.305003	-0.348719	0.886210
0.952523	0.122475	-0.278747	-0.011211	0.929013	0.369878	0.304260	-0.349192	0.886279
0.952443	0.121891	-0.279275	-0.010531	0.929129	0.369606	0.304534	-0.349087	0.886226
0.952311	0.121787	-0.279770	-0.010163	0.929044	0.369830	0.304959	-0.349349	0.885977
0.952260	0.122299	-0.279722	-0.010453	0.928777	0.370493	0.305110	-0.349881	0.885715
0.952239	0.123260	-0.279369	-0.011393	0.928612	0.370878	0.305140	-0.349982	0.885665
0.952264	0.124103	-0.278912	-0.012363	0.928568	0.370957	0.305026	-0.349801	0.885776
0.952246	0.124513	-0.278791	-0.012731	0.928470	0.371189	0.305067	-0.349914	0.885717
0.952307	0.124712	-0.278493	-0.013020	0.928444	0.371244	0.304863	-0.349912	0.885788
0.952242	0.125118	-0.278532	-0.013446	0.928490	0.371114	0.305047	-0.349646	0.885830
0.952173	0.125253	-0.278707	-0.013521	0.928501	0.371084	0.305259	-0.349568	0.885787
0.952195	0.125043	-0.278729	-0.013372	0.928577	0.370898	0.305200	-0.349440	0.885858
0.952154	0.124620	-0.279056	-0.012945	0.928713	0.370573	0.305344	-0.349230	0.885891
