0.919987	0.268511	-0.285529	-0.144946	0.909911	0.388655	0.364164	-0.316172	0.876025
0.919971	0.268608	-0.285486	-0.145051	0.909887	0.388672	0.364161	-0.316157	0.876032
0.919874	0.268845	-0.285578	-0.145021	0.909655	0.389226	0.364419	-0.316624	0.875755
0.919546	0.269458	-0.286054	-0.145144	0.909312	0.389980	0.365196	-0.317086	0.875265
0.919244	0.269709	-0.286790	-0.144945	0.909156	0.390418	0.366036	-0.317320	0.874829
0.919300	0.269573	-0.286737	-0.144880	0.909218	0.390297	0.365920	-0.317258	0.874900
0.919151	0.269858	-0.286945	-0.145125	0.909218	0.390207	0.366196	-0.317016	0.874872
0.919229	0.270167	-0.286405	-0.145571	0.909092	0.390333	0.365824	-0.317114	0.874992
0.919226	0.270083	-0.286492	-0.145516	0.909162	0.390192	0.365852	-0.316986	0.875027
0.919175	0.269802	-0.286922	-0.145243	0.909368	0.389814	0.366090	-0.316633	0.875055
0.919131	0.269757	-0.287104	-0.145148	0.909399	0.389776	0.366237	-0.316583	0.875012
0.919205	0.269654	-0.286966	-0.144990	0.909316	0.390027	0.366115	-0.316908	0.874945
0.919203	0.269716	-0.286912	-0.144934	0.909184	0.390357	0.366141	-0.317234	0.874816
0.919284	0.269671	-0.286695	-0.144985	0.909194	0.390314	0.365918	-0.317243	0.874906
0.919343	0.269618	-0.286555	-0.144974	0.909187	0.390335	0.365774	-0.317309	0.874943
0.919383	0.269627	-0.286420	-0.144971	0.909126	0.390478	0.365675	-0.317476	0.874923
0.919406	0.269603	-0.286370	-0.145061	0.909210	0.390250	0.365582	-0.317257	0.875042
0.919540	0.269322	-0.286201	-0.145005	0.909385	0.389863	0.365266	-0.316994	0.875269
0.919769	0.268961	-0.285804	-0.144839	0.909461	0.389745	0.364754	-0.317080	0.875451
0.919936	0.268615	-0.285593	-0.144586	0.909515	0.389713	0.364434	-0.317219	0.875534
0.920036	0.268086	-0.285769	-0.144165	0.909751	0.389319	0.364350	-0.316990	0.875652
0.920139	0.267563	-0.285926	-0.143868	0.910082	0.388654	0.364206	-0.316481	0.875896
0.920080	0.267438	-0.286234	-0.143907	0.910356	0.387997	0.364340	-0.315797	0.876087
0.919846	0.267585	-0.286847	-0.144006	0.910517	0.387584	0.364891	-0.315210	0.876070
