0.921802	0.265143	-0.282807	-0.146351	0.913556	0.379468	0.358973	-0.308406	0.880922
0.921794	0.264591	-0.283352	-0.145611	0.913671	0.379478	0.359297	-0.308541	0.880743
0.921817	0.264776	-0.283104	-0.145646	0.913426	0.380053	0.359223	-0.309106	0.880575
0.921804	0.264989	-0.282946	-0.145779	0.913270	0.380378	0.359202	-0.309386	0.880485
0.921892	0.264725	-0.282905	-0.145571	0.913342	0.380282	0.359059	-0.309397	0.880540
0.921977	0.264424	-0.282909	-0.145267	0.913386	0.380294	0.358964	-0.309525	0.880533
0.921965	0.264560	-0.282821	-0.145468	0.913392	0.380204	0.358913	-0.309393	0.880600
0.921896	0.264716	-0.282901	-0.145709	0.913469	0.379927	0.358994	-0.309032	0.880694
0.921954	0.264664	-0.282762	-0.145697	0.913462	0.379947	0.358850	-0.309096	0.880730
0.921859	0.264838	-0.282908	-0.145726	0.913363	0.380173	0.359082	-0.309239	0.880586
0.921724	0.265064	-0.283135	-0.145703	0.913194	0.380587	0.359437	-0.309543	0.880334
0.921644	0.265140	-0.283324	-0.145626	0.913119	0.380796	0.359673	-0.309700	0.880183
0.921614	0.265320	-0.283253	-0.145850	0.913104	0.380747	0.359660	-0.309589	0.880227
0.921605	0.265524	-0.283093	-0.146121	0.913074	0.380715	0.359574	-0.309503	0.880292
0.921556	0.265781	-0.283012	-0.146339	0.912974	0.380871	0.359611	-0.309578	0.880251
0.921332	0.266571	-0.282997	-0.147097	0.912822	0.380945	0.359875	-0.309349	0.880224
0.921246	0.266903	-0.282965	-0.147374	0.912713	0.381099	0.359983	-0.309384	0.880167
0.921251	0.267039	-0.282819	-0.147512	0.912641	0.381217	0.359912	-0.309477	0.880163
0.921288	0.266933	-0.282798	-0.147481	0.912715	0.381053	0.359830	-0.309352	0.880241
0.921346	0.266866	-0.282672	-0.147484	0.912740	0.380991	0.359680	-0.309335	0.880308
0.921401	0.266191	-0.283130	-0.146925	0.913104	0.380334	0.359769	-0.308841	0.880445
0.921219	0.265702	-0.284178	-0.146301	0.913434	0.379783	0.360487	-0.308288	0.880345
