0.862878	0.415021	-0.288443	-0.300689	0.880265	0.367041	0.406237	-0.229980	0.884354
0.862745	0.415040	-0.288812	-0.300646	0.880311	0.366966	0.406550	-0.229768	0.884265
0.862526	0.415237	-0.289184	-0.300739	0.880272	0.366985	0.406946	-0.229565	0.884135
0.862411	0.415329	-0.289394	-0.300692	0.880210	0.367171	0.407224	-0.229633	0.883989
0.862438	0.415512	-0.289051	-0.300781	0.880009	0.367578	0.407101	-0.230072	0.883932
0.862509	0.415469	-0.288903	-0.300771	0.880008	0.367590	0.406959	-0.230156	0.883976
0.862629	0.415006	-0.289209	-0.300396	0.880298	0.367202	0.406981	-0.229882	0.884037
0.862688	0.414775	-0.289364	-0.300045	0.880349	0.367367	0.407116	-0.230100	0.883918
0.862907	0.414628	-0.288922	-0.299905	0.880301	0.367598	0.406755	-0.230553	0.883966
0.863258	0.414444	-0.288136	-0.299824	0.880235	0.367821	0.406068	-0.231134	0.884130
0.863416	0.414302	-0.287864	-0.299927	0.880359	0.367439	0.405655	-0.230914	0.884377
0.863399	0.414245	-0.288000	-0.299914	0.880438	0.367261	0.405702	-0.230717	0.884407
0.863407	0.414129	-0.288140	-0.299897	0.880570	0.366958	0.405696	-0.230422	0.884487
0.863408	0.414113	-0.288163	-0.299913	0.880599	0.366875	0.405684	-0.230339	0.884514
0.863468	0.414009	-0.288131	-0.299764	0.880602	0.366989	0.405666	-0.230512	0.884477
0.863432	0.413976	-0.288287	-0.299660	0.880612	0.367050	0.405819	-0.230535	0.884401
0.863424	0.414043	-0.288215	-0.299724	0.880569	0.367103	0.405790	-0.230580	0.884402
0.863373	0.414254	-0.288064	-0.299965	0.880473	0.367136	0.405720	-0.230566	0.884438
0.863260	0.414442	-0.288131	-0.300152	0.880422	0.367105	0.405821	-0.230423	0.884429
0.863234	0.414468	-0.288172	-0.300187	0.880428	0.367063	0.405850	-0.230355	0.884433
0.863269	0.414358	-0.288226	-0.300104	0.880495	0.366969	0.405838	-0.230294	0.884454
0.863267	0.414231	-0.288414	-0.299902	0.880543	0.367019	0.405991	-0.230340	0.884372
0.863372	0.414062	-0.288343	-0.299825	0.880639	0.366853	0.405826	-0.230278	0.884465
