0.954151	0.146865	-0.260819	-0.038687	0.924555	0.379079	0.296815	-0.351608	0.887847
0.954108	0.146807	-0.261007	-0.038602	0.924612	0.378950	0.296963	-0.351484	0.887847
0.954107	0.146850	-0.260990	-0.038755	0.924733	0.378639	0.296949	-0.351147	0.887985
0.954081	0.147014	-0.260992	-0.038935	0.924752	0.378573	0.297008	-0.351027	0.888012
0.954088	0.147168	-0.260878	-0.039128	0.924744	0.378573	0.296959	-0.350985	0.888046
0.954102	0.147021	-0.260909	-0.038994	0.924774	0.378513	0.296932	-0.350966	0.888062
0.954093	0.146939	-0.260990	-0.038932	0.924837	0.378367	0.296970	-0.350836	0.888101
0.954057	0.147064	-0.261049	-0.039018	0.924818	0.378404	0.297073	-0.350834	0.888067
0.954017	0.146935	-0.261271	-0.038802	0.924820	0.378421	0.297232	-0.350882	0.887995
0.954079	0.147100	-0.260951	-0.039055	0.924773	0.378510	0.296999	-0.350937	0.888051
0.953993	0.146999	-0.261321	-0.038874	0.924852	0.378335	0.297298	-0.350771	0.888017
0.953880	0.146594	-0.261959	-0.038366	0.925030	0.377951	0.297726	-0.350470	0.887992
0.953792	0.146608	-0.262273	-0.038283	0.925063	0.377879	0.298019	-0.350378	0.887930
0.953730	0.146969	-0.262294	-0.038495	0.924896	0.378266	0.298188	-0.350666	0.887759
0.953656	0.147830	-0.262081	-0.039437	0.924887	0.378192	0.298303	-0.350330	0.887854
0.953539	0.148166	-0.262317	-0.039600	0.924792	0.378407	0.298655	-0.350438	0.887693
0.953523	0.148369	-0.262261	-0.039875	0.924849	0.378238	0.298670	-0.350201	0.887781
0.953561	0.148115	-0.262266	-0.039702	0.924948	0.378015	0.298572	-0.350048	0.887875
0.953601	0.147775	-0.262311	-0.039409	0.925026	0.377854	0.298482	-0.349985	0.887930
0.953663	0.147486	-0.262250	-0.039143	0.925026	0.377883	0.298320	-0.350108	0.887936
0.953779	0.147165	-0.262006	-0.038969	0.925087	0.377751	0.297970	-0.350081	0.888063
0.953860	0.146969	-0.261822	-0.038880	0.925129	0.377657	0.297723	-0.350052	0.888158
