0.812713	0.522508	-0.257843	-0.400586	0.822410	0.403946	0.423117	-0.225004	0.877693
0.812589	0.522652	-0.257941	-0.400666	0.822330	0.404030	0.423280	-0.224962	0.877625
0.812497	0.522994	-0.257539	-0.400928	0.822011	0.404419	0.423208	-0.225334	0.877564
0.812339	0.522981	-0.258060	-0.400980	0.822189	0.404005	0.423461	-0.224712	0.877602
0.812264	0.523038	-0.258183	-0.400968	0.822157	0.404083	0.423618	-0.224699	0.877530
0.812239	0.523217	-0.257900	-0.400889	0.821855	0.404774	0.423741	-0.225384	0.877294
0.812166	0.523469	-0.257618	-0.400919	0.821537	0.405391	0.423852	-0.225960	0.877092
0.812371	0.523170	-0.257578	-0.400559	0.821642	0.405533	0.423800	-0.226267	0.877039
0.812467	0.523010	-0.257602	-0.400357	0.821707	0.405601	0.423807	-0.226405	0.877000
0.812485	0.522947	-0.257672	-0.400298	0.821758	0.405556	0.423828	-0.226362	0.877000
0.812652	0.522801	-0.257442	-0.400229	0.821811	0.405516	0.423573	-0.226508	0.877086
0.812699	0.522740	-0.257416	-0.400309	0.821910	0.405237	0.423407	-0.226290	0.877223
0.812634	0.522862	-0.257374	-0.400495	0.821873	0.405127	0.423355	-0.226143	0.877286
0.812727	0.522757	-0.257294	-0.400431	0.821925	0.405085	0.423238	-0.226194	0.877329
0.812743	0.522724	-0.257311	-0.400337	0.821914	0.405201	0.423295	-0.226313	0.877271
0.812712	0.522763	-0.257329	-0.400353	0.821886	0.405242	0.423340	-0.226322	0.877246
0.812756	0.522747	-0.257223	-0.400381	0.821890	0.405205	0.423229	-0.226345	0.877294
0.812754	0.522776	-0.257170	-0.400347	0.821828	0.405366	0.423265	-0.226506	0.877235
0.812782	0.522794	-0.257046	-0.400262	0.821730	0.405648	0.423292	-0.226818	0.877142
0.812751	0.522834	-0.257063	-0.400277	0.821702	0.405689	0.423337	-0.226827	0.877117
0.812734	0.522867	-0.257047	-0.400371	0.821714	0.405573	0.423280	-0.226709	0.877176
0.812686	0.522955	-0.257022	-0.400464	0.821666	0.405579	0.423285	-0.226680	0.877180
0.812796	0.523037	-0.256505	-0.400728	0.821584	0.405483	0.422824	-0.226786	0.877376
