0.888485	0.381959	-0.254363	-0.269689	0.883063	0.384016	0.371297	-0.272594	0.887598
0.888367	0.381598	-0.255318	-0.269041	0.883264	0.384007	0.372050	-0.272448	0.887328
0.888712	0.380963	-0.255065	-0.268860	0.883705	0.383118	0.371356	-0.271905	0.887785
0.888854	0.380685	-0.254986	-0.268296	0.883553	0.383863	0.371425	-0.272787	0.887486
0.888944	0.380783	-0.254526	-0.268277	0.883292	0.384476	0.371223	-0.273494	0.887353
0.889059	0.380611	-0.254379	-0.268133	0.883317	0.384520	0.371050	-0.273654	0.887375
0.889337	0.380168	-0.254071	-0.267818	0.883445	0.384445	0.370612	-0.273856	0.887496
0.889564	0.379916	-0.253653	-0.267900	0.883632	0.383957	0.370008	-0.273601	0.887827
0.889651	0.379894	-0.253379	-0.268132	0.883740	0.383549	0.369629	-0.273286	0.888082
0.889627	0.380120	-0.253125	-0.268301	0.883549	0.383869	0.369565	-0.273587	0.888016
0.889639	0.380257	-0.252878	-0.268233	0.883278	0.384541	0.369586	-0.274273	0.887796
0.889783	0.380047	-0.252687	-0.267931	0.883210	0.384906	0.369458	-0.274779	0.887692
0.889891	0.379744	-0.252761	-0.267719	0.883391	0.384639	0.369351	-0.274618	0.887786
0.890000	0.379455	-0.252814	-0.267492	0.883540	0.384456	0.369255	-0.274540	0.887851
0.889907	0.379612	-0.252903	-0.267587	0.883476	0.384535	0.369408	-0.274527	0.887791
0.889631	0.380337	-0.252787	-0.268284	0.883203	0.384675	0.369568	-0.274400	0.887763
0.889475	0.381021	-0.252305	-0.268905	0.882799	0.385170	0.369492	-0.274753	0.887686
0.889418	0.381243	-0.252169	-0.268940	0.882550	0.385715	0.369603	-0.275244	0.887488
0.889440	0.381088	-0.252325	-0.268701	0.882583	0.385808	0.369724	-0.275353	0.887403
0.889479	0.380774	-0.252662	-0.268358	0.882764	0.385631	0.369879	-0.275207	0.887384
0.889481	0.380577	-0.252953	-0.268224	0.882963	0.385269	0.369973	-0.274841	0.887458
0.889660	0.380285	-0.252762	-0.268141	0.883143	0.384913	0.369602	-0.274666	0.887667
0.889717	0.379429	-0.253844	-0.267413	0.883838	0.383825	0.369991	-0.273614	0.887830
0.889703	0.378870	-0.254728	-0.266908	0.884324	0.383055	0.370390	-0.272816	0.887909
