0.975084	-0.080414	-0.206750	0.156404	0.910138	0.383648	0.157321	-0.406425	0.900038
0.975003	-0.080394	-0.207138	0.156542	0.910132	0.383607	0.157683	-0.406444	0.899966
0.974860	-0.080583	-0.207737	0.156912	0.910208	0.383275	0.158198	-0.406236	0.899970
0.974757	-0.080629	-0.208199	0.157080	0.910347	0.382877	0.158662	-0.405916	0.900033
0.974676	-0.080529	-0.208619	0.157105	0.910482	0.382545	0.159138	-0.405632	0.900077
0.974616	-0.080130	-0.209052	0.156903	0.910544	0.382480	0.159703	-0.405572	0.900004
0.974640	-0.079341	-0.209243	0.156291	0.910544	0.382731	0.160159	-0.405727	0.899853
0.974681	-0.079199	-0.209106	0.156089	0.910607	0.382664	0.160106	-0.405614	0.899913
0.974722	-0.078999	-0.208989	0.155862	0.910623	0.382718	0.160075	-0.405617	0.899917
0.974743	-0.078560	-0.209054	0.155497	0.910644	0.382816	0.160299	-0.405655	0.899860
0.974744	-0.078514	-0.209070	0.155467	0.910632	0.382856	0.160327	-0.405690	0.899839
0.974723	-0.078532	-0.209159	0.155517	0.910637	0.382826	0.160404	-0.405677	0.899832
0.974825	-0.078381	-0.208739	0.155196	0.910698	0.382809	0.160093	-0.405568	0.899936
0.974886	-0.078419	-0.208440	0.155107	0.910709	0.382820	0.159808	-0.405537	0.900001
0.974762	-0.078846	-0.208858	0.155615	0.910780	0.382445	0.160069	-0.405294	0.900063
0.974700	-0.079113	-0.209050	0.155872	0.910909	0.382033	0.160202	-0.404952	0.900194
0.974761	-0.079103	-0.208767	0.155753	0.910908	0.382083	0.159944	-0.404956	0.900238
0.974925	-0.078511	-0.208222	0.155004	0.910959	0.382267	0.159670	-0.404957	0.900286
0.975006	-0.078321	-0.207915	0.154659	0.911107	0.382053	0.159510	-0.404660	0.900448
0.975005	-0.078741	-0.207761	0.154975	0.911082	0.381985	0.159209	-0.404635	0.900512
0.975066	-0.078860	-0.207429	0.154999	0.910951	0.382287	0.158811	-0.404907	0.900461
0.975086	-0.079074	-0.207257	0.155098	0.911005	0.382119	0.158596	-0.404744	0.900572
0.975064	-0.079385	-0.207238	0.155370	0.910984	0.382058	0.158461	-0.404730	0.900602
0.975105	-0.079394	-0.207045	0.155301	0.910987	0.382079	0.158280	-0.404721	0.900638
0.975124	-0.079469	-0.206923	0.155311	0.911006	0.382030	0.158148	-0.404664	0.900687
