0.921319	0.280938	-0.268784	-0.171945	0.914432	0.366401	0.348721	-0.291356	0.890789
0.921281	0.280974	-0.268876	-0.171909	0.914395	0.366509	0.348839	-0.291435	0.890717
0.921225	0.281025	-0.269016	-0.171921	0.914401	0.366490	0.348982	-0.291370	0.890683
0.921206	0.281108	-0.268992	-0.172038	0.914406	0.366420	0.348972	-0.291272	0.890718
0.921169	0.281183	-0.269042	-0.172097	0.914396	0.366418	0.349042	-0.291232	0.890704
0.921152	0.281387	-0.268888	-0.172364	0.914361	0.366381	0.348956	-0.291145	0.890766
0.921076	0.281414	-0.269119	-0.172331	0.914382	0.366345	0.349172	-0.291054	0.890711
0.921077	0.281482	-0.269046	-0.172400	0.914345	0.366403	0.349137	-0.291101	0.890710
0.921096	0.281627	-0.268826	-0.172596	0.914289	0.366451	0.348987	-0.291138	0.890756
0.920831	0.281549	-0.269817	-0.172373	0.914511	0.366001	0.349798	-0.290516	0.890641
0.920508	0.281641	-0.270820	-0.172312	0.914698	0.365563	0.350676	-0.289838	0.890517
0.920205	0.281992	-0.271482	-0.172478	0.914699	0.365483	0.351388	-0.289494	0.890348
0.919944	0.282770	-0.271560	-0.173174	0.914514	0.365615	0.351730	-0.289318	0.890270
0.919625	0.283606	-0.271768	-0.174003	0.914423	0.365451	0.352155	-0.288789	0.890274
0.919262	0.283915	-0.272671	-0.174005	0.914407	0.365488	0.353100	-0.288533	0.889983
0.919108	0.283908	-0.273196	-0.173990	0.914573	0.365081	0.353507	-0.288015	0.889989
0.918859	0.284040	-0.273897	-0.174033	0.914702	0.364736	0.354134	-0.287474	0.889915
0.918686	0.284267	-0.274241	-0.174004	0.914563	0.365098	0.354596	-0.287692	0.889660
0.918683	0.283948	-0.274583	-0.173514	0.914594	0.365254	0.354845	-0.287909	0.889490
0.918661	0.283703	-0.274908	-0.173275	0.914749	0.364980	0.355018	-0.287658	0.889503
0.918624	0.283853	-0.274876	-0.173523	0.914790	0.364758	0.354991	-0.287378	0.889604
0.918646	0.283975	-0.274678	-0.173867	0.914883	0.364362	0.354768	-0.286962	0.889827
