0.993934	-0.095348	0.054817	0.041086	0.784230	0.619108	-0.102020	-0.613100	0.783390
0.993934	-0.095348	0.054817	0.041086	0.784230	0.619108	-0.102020	-0.613100	0.783390
0.993934	-0.095348	0.054817	0.041086	0.784230	0.619108	-0.102020	-0.613100	0.783390
0.993881	-0.096139	0.054381	0.042001	0.784305	0.618951	-0.102157	-0.612880	0.783544
0.993802	-0.097125	0.054080	0.042972	0.784299	0.618893	-0.102525	-0.612733	0.783612
0.993721	-0.098143	0.053732	0.043979	0.784175	0.618979	-0.102883	-0.612729	0.783567
0.993646	-0.099021	0.053494	0.044844	0.784280	0.618784	-0.103227	-0.612453	0.783738
0.993557	-0.099876	0.053561	0.045531	0.784555	0.618385	-0.103783	-0.611962	0.784048
0.993497	-0.100393	0.053721	0.045869	0.784710	0.618163	-0.104214	-0.611679	0.784212
0.993497	-0.100393	0.053721	0.045869	0.784710	0.618163	-0.104214	-0.611679	0.784212
0.993497	-0.100393	0.053721	0.045869	0.784710	0.618163	-0.104214	-0.611679	0.784212
0.993438	-0.100920	0.053823	0.046251	0.784849	0.617958	-0.104607	-0.611414	0.784366
0.993438	-0.100920	0.053823	0.046251	0.784849	0.617958	-0.104607	-0.611414	0.784366
0.993438	-0.100920	0.053823	0.046251	0.784849	0.617958	-0.104607	-0.611414	0.784366
0.993345	-0.101949	0.053588	0.047218	0.784850	0.617885	-0.105051	-0.611242	0.784441
0.993265	-0.102789	0.053469	0.047967	0.784878	0.617792	-0.105469	-0.611066	0.784522
0.993177	-0.103581	0.053575	0.048532	0.784866	0.617762	-0.106037	-0.610947	0.784538
0.993037	-0.104666	0.054056	0.049086	0.784785	0.617821	-0.107087	-0.610866	0.784459
0.992923	-0.105461	0.054598	0.049367	0.784695	0.617914	-0.108009	-0.610846	0.784348
0.992924	-0.105318	0.054868	0.049090	0.784725	0.617897	-0.108132	-0.610832	0.784342
0.993018	-0.104532	0.054667	0.048590	0.784737	0.617922	-0.107492	-0.610951	0.784337
0.993102	-0.103852	0.054428	0.048222	0.784892	0.617754	-0.106875	-0.610868	0.784486
0.993102	-0.103852	0.054428	0.048222	0.784892	0.617754	-0.106875	-0.610868	0.784486
0.993102	-0.103852	0.054428	0.048222	0.784892	0.617754	-0.106875	-0.610868	0.784486
0.993155	-0.103425	0.054272	0.047935	0.784640	0.618096	-0.106511	-0.611264	0.784227
