0.952014	-0.296332	0.076525	0.186497	0.759948	0.622654	-0.242667	-0.578504	0.778747
0.952014	-0.296332	0.076525	0.186497	0.759948	0.622654	-0.242667	-0.578504	0.778747
0.952014	-0.296332	0.076525	0.186497	0.759948	0.622654	-0.242667	-0.578504	0.778747
0.952014	-0.296332	0.076525	0.186497	0.759948	0.622654	-0.242667	-0.578504	0.778747
0.952014	-0.296332	0.076525	0.186497	0.759948	0.622654	-0.242667	-0.578504	0.778747
0.952014	-0.296332	0.076525	0.186497	0.759948	0.622654	-0.242667	-0.578504	0.778747
0.952014	-0.296332	0.076525	0.186497	0.759948	0.622654	-0.242667	-0.578504	0.778747
0.951724	-0.297022	0.077456	0.186452	0.759842	0.622797	-0.243839	-0.578289	0.778540
0.951724	-0.297022	0.077456	0.186452	0.759842	0.622797	-0.243839	-0.578289	0.778540
0.951724	-0.297022	0.077456	0.186452	0.759842	0.622797	-0.243839	-0.578289	0.778540
0.952122	-0.296022	0.076389	0.186380	0.760109	0.622493	-0.242335	-0.578451	0.778889
0.952662	-0.294528	0.075427	0.185976	0.760785	0.621787	-0.240518	-0.578325	0.779546
0.952923	-0.293799	0.074965	0.185843	0.761283	0.621217	-0.239583	-0.578041	0.780044
0.952923	-0.293799	0.074965	0.185843	0.761283	0.621217	-0.239583	-0.578041	0.780044
0.952923	-0.293799	0.074965	0.185843	0.761283	0.621217	-0.239583	-0.578041	0.780044
0.952608	-0.294804	0.075016	0.186612	0.761081	0.621234	-0.240236	-0.577794	0.780026
0.952362	-0.295551	0.075211	0.187076	0.760921	0.621290	-0.240852	-0.577623	0.779963
0.952362	-0.295551	0.075211	0.187076	0.760921	0.621290	-0.240852	-0.577623	0.779963
0.952362	-0.295551	0.075211	0.187076	0.760921	0.621290	-0.240852	-0.577623	0.779963
0.952362	-0.295551	0.075211	0.187076	0.760921	0.621290	-0.240852	-0.577623	0.779963
0.952362	-0.295551	0.075211	0.187076	0.760921	0.621290	-0.240852	-0.577623	0.779963
0.952199	-0.296266	0.074452	0.188070	0.760607	0.621374	-0.240721	-0.577670	0.779968
0.952199	-0.296266	0.074452	0.188070	0.760607	0.621374	-0.240721	-0.577670	0.779968
0.952181	-0.296309	0.074513	0.187863	0.760117	0.622037	-0.240954	-0.578293	0.779435
0.952181	-0.296309	0.074513	0.187863	0.760117	0.622037	-0.240954	-0.578293	0.779435
