0.869332	-0.489916	0.065148	0.348890	0.701696	0.621208	-0.350054	-0.517307	0.780933
0.869237	-0.490196	0.064302	0.349322	0.700992	0.621759	-0.349859	-0.517994	0.780564
0.869303	-0.490149	0.063771	0.349526	0.700807	0.621853	-0.349492	-0.518289	0.780533
0.869303	-0.490149	0.063771	0.349526	0.700807	0.621853	-0.349492	-0.518289	0.780533
0.869303	-0.490149	0.063771	0.349526	0.700807	0.621853	-0.349492	-0.518289	0.780533
0.869303	-0.490149	0.063771	0.349526	0.700807	0.621853	-0.349492	-0.518289	0.780533
0.869303	-0.490149	0.063771	0.349526	0.700807	0.621853	-0.349492	-0.518289	0.780533
0.869303	-0.490149	0.063771	0.349526	0.700807	0.621853	-0.349492	-0.518289	0.780533
0.869303	-0.490149	0.063771	0.349526	0.700807	0.621853	-0.349492	-0.518289	0.780533
0.869303	-0.490149	0.063771	0.349526	0.700807	0.621853	-0.349492	-0.518289	0.780533
0.869303	-0.490149	0.063771	0.349526	0.700807	0.621853	-0.349492	-0.518289	0.780533
0.869303	-0.490149	0.063771	0.349526	0.700807	0.621853	-0.349492	-0.518289	0.780533
0.869129	-0.490491	0.063504	0.349770	0.700340	0.622242	-0.349678	-0.518597	0.780245
0.869129	-0.490491	0.063504	0.349770	0.700340	0.622242	-0.349678	-0.518597	0.780245
0.869129	-0.490491	0.063504	0.349770	0.700340	0.622242	-0.349678	-0.518597	0.780245
0.869161	-0.490345	0.064196	0.349249	0.700535	0.622315	-0.350121	-0.518471	0.780130
0.869161	-0.490345	0.064196	0.349249	0.700535	0.622315	-0.350121	-0.518471	0.780130
0.869161	-0.490345	0.064196	0.349249	0.700535	0.622315	-0.350121	-0.518471	0.780130
0.869161	-0.490345	0.064196	0.349249	0.700535	0.622315	-0.350121	-0.518471	0.780130
0.869072	-0.490394	0.065018	0.348986	0.700937	0.622009	-0.350603	-0.517880	0.780306
0.868968	-0.490526	0.065408	0.348820	0.700893	0.622152	-0.351026	-0.517815	0.780159
0.868968	-0.490526	0.065408	0.348820	0.700893	0.622152	-0.351026	-0.517815	0.780159
0.868968	-0.490526	0.065408	0.348820	0.700893	0.622152	-0.351026	-0.517815	0.780159
0.868968	-0.490526	0.065408	0.348820	0.700893	0.622152	-0.351026	-0.517815	0.780159
0.868968	-0.490526	0.065408	0.348820	0.700893	0.622152	-0.351026	-0.517815	0.780159
