0.916932	-0.388647	0.090497	0.252299	0.740335	0.623097	-0.309163	-0.548505	0.776892
0.916680	-0.389228	0.090552	0.252861	0.740407	0.622783	-0.309450	-0.547996	0.777137
0.916680	-0.389228	0.090552	0.252861	0.740407	0.622783	-0.309450	-0.547996	0.777137
0.916690	-0.389320	0.090059	0.253416	0.740639	0.622282	-0.308967	-0.547617	0.777596
0.916690	-0.389320	0.090059	0.253416	0.740639	0.622282	-0.308967	-0.547617	0.777596
0.916690	-0.389320	0.090059	0.253416	0.740639	0.622282	-0.308967	-0.547617	0.777596
0.916463	-0.389965	0.089573	0.254588	0.741028	0.621340	-0.308677	-0.546631	0.778405
0.916325	-0.390349	0.089304	0.255173	0.741086	0.621029	-0.308600	-0.546277	0.778683
0.916325	-0.390349	0.089304	0.255173	0.741086	0.621029	-0.308600	-0.546277	0.778683
0.916342	-0.390417	0.088833	0.255653	0.741254	0.620632	-0.308153	-0.546001	0.779054
0.916342	-0.390417	0.088833	0.255653	0.741254	0.620632	-0.308153	-0.546001	0.779054
0.916055	-0.390871	0.089790	0.255675	0.741663	0.620134	-0.308987	-0.545120	0.779341
0.915530	-0.391883	0.090734	0.255933	0.741517	0.620202	-0.310327	-0.544592	0.779177
0.914810	-0.393316	0.091789	0.256313	0.741002	0.620661	-0.312132	-0.544260	0.778688
0.914322	-0.394217	0.092784	0.256285	0.740604	0.621147	-0.313583	-0.544149	0.778182
0.914442	-0.393935	0.092793	0.255962	0.740531	0.621368	-0.313495	-0.544453	0.778005
0.914939	-0.392883	0.092357	0.255452	0.740905	0.621131	-0.312460	-0.544704	0.778245
0.915541	-0.391591	0.091875	0.254797	0.741376	0.620838	-0.311229	-0.544993	0.778537
0.915875	-0.390872	0.091607	0.254367	0.741525	0.620836	-0.310596	-0.545307	0.778569
0.915875	-0.390872	0.091607	0.254367	0.741525	0.620836	-0.310596	-0.545307	0.778569
0.916043	-0.390400	0.091940	0.253945	0.741982	0.620463	-0.310447	-0.545023	0.778828
0.916043	-0.390400	0.091940	0.253945	0.741982	0.620463	-0.310447	-0.545023	0.778828
0.916043	-0.390400	0.091940	0.253945	0.741982	0.620463	-0.310447	-0.545023	0.778828
0.916137	-0.390163	0.092006	0.253546	0.741762	0.620890	-0.310495	-0.545492	0.778480
0.916137	-0.390163	0.092006	0.253546	0.741762	0.620890	-0.310495	-0.545492	0.778480
0.915965	-0.390665	0.091588	0.254248	0.741645	0.620742	-0.310428	-0.545292	0.778647
