0.813971	-0.577420	0.063538	0.422815	0.663902	0.616816	-0.398345	-0.475206	0.784539
0.813971	-0.577420	0.063538	0.422815	0.663902	0.616816	-0.398345	-0.475206	0.784539
0.813971	-0.577420	0.063538	0.422815	0.663902	0.616816	-0.398345	-0.475206	0.784539
0.813615	-0.577885	0.063872	0.423092	0.663841	0.616692	-0.398777	-0.474726	0.784609
0.813193	-0.578434	0.064270	0.423392	0.663737	0.616598	-0.399319	-0.474202	0.784650
0.812855	-0.578881	0.064528	0.423642	0.663600	0.616573	-0.399743	-0.473847	0.784649
0.812855	-0.578881	0.064528	0.423642	0.663600	0.616573	-0.399743	-0.473847	0.784649
0.812855	-0.578881	0.064528	0.423642	0.663600	0.616573	-0.399743	-0.473847	0.784649
0.812860	-0.578798	0.065205	0.423365	0.664003	0.616329	-0.400026	-0.473384	0.784784
0.812860	-0.578798	0.065205	0.423365	0.664003	0.616329	-0.400026	-0.473384	0.784784
0.813778	-0.577545	0.064866	0.422580	0.664633	0.616189	-0.398989	-0.474030	0.784922
0.813778	-0.577545	0.064866	0.422580	0.664633	0.616189	-0.398989	-0.474030	0.784922
0.813778	-0.577545	0.064866	0.422580	0.664633	0.616189	-0.398989	-0.474030	0.784922
0.814381	-0.576717	0.064659	0.422153	0.665174	0.615898	-0.398208	-0.474280	0.785168
0.814381	-0.576717	0.064659	0.422153	0.665174	0.615898	-0.398208	-0.474280	0.785168
0.814381	-0.576717	0.064659	0.422153	0.665174	0.615898	-0.398208	-0.474280	0.785168
0.814381	-0.576717	0.064659	0.422153	0.665174	0.615898	-0.398208	-0.474280	0.785168
0.814381	-0.576717	0.064659	0.422153	0.665174	0.615898	-0.398208	-0.474280	0.785168
0.814381	-0.576717	0.064659	0.422153	0.665174	0.615898	-0.398208	-0.474280	0.785168
0.814381	-0.576717	0.064659	0.422153	0.665174	0.615898	-0.398208	-0.474280	0.785168
0.814381	-0.576717	0.064659	0.422153	0.665174	0.615898	-0.398208	-0.474280	0.785168
0.814381	-0.576717	0.064659	0.422153	0.665174	0.615898	-0.398208	-0.474280	0.785168
0.814381	-0.576717	0.064659	0.422153	0.665174	0.615898	-0.398208	-0.474280	0.785168
0.814381	-0.576717	0.064659	0.422153	0.665174	0.615898	-0.398208	-0.474280	0.785168
0.814381	-0.576717	0.064659	0.422153	0.665174	0.615898	-0.398208	-0.474280	0.785168
0.814381	-0.576717	0.064659	0.422153	0.665174	0.615898	-0.398208	-0.474280	0.785168
