0.992741	-0.108415	0.052074	0.053752	0.787248	0.614290	-0.107594	-0.607031	0.787361
0.992793	-0.107751	0.052453	0.053016	0.787429	0.614121	-0.107475	-0.606915	0.787467
0.992871	-0.106938	0.052637	0.052235	0.787343	0.614299	-0.107136	-0.607170	0.787316
0.992871	-0.106938	0.052637	0.052235	0.787343	0.614299	-0.107136	-0.607170	0.787316
0.992871	-0.106938	0.052637	0.052235	0.787343	0.614299	-0.107136	-0.607170	0.787316
0.992871	-0.106938	0.052637	0.052235	0.787343	0.614299	-0.107136	-0.607170	0.787316
0.992871	-0.106938	0.052637	0.052235	0.787343	0.614299	-0.107136	-0.607170	0.787316
0.992871	-0.106938	0.052637	0.052235	0.787343	0.614299	-0.107136	-0.607170	0.787316
0.992871	-0.106938	0.052637	0.052235	0.787343	0.614299	-0.107136	-0.607170	0.787316
0.992871	-0.106938	0.052637	0.052235	0.787343	0.614299	-0.107136	-0.607170	0.787316
0.992871	-0.106938	0.052637	0.052235	0.787343	0.614299	-0.107136	-0.607170	0.787316
0.992871	-0.106938	0.052637	0.052235	0.787343	0.614299	-0.107136	-0.607170	0.787316
0.992871	-0.106938	0.052637	0.052235	0.787343	0.614299	-0.107136	-0.607170	0.787316
0.992826	-0.107288	0.052781	0.052363	0.786987	0.614744	-0.107493	-0.607570	0.786959
0.992826	-0.107288	0.052781	0.052363	0.786987	0.614744	-0.107493	-0.607570	0.786959
0.992826	-0.107288	0.052781	0.052363	0.786987	0.614744	-0.107493	-0.607570	0.786959
0.992826	-0.107288	0.052781	0.052363	0.786987	0.614744	-0.107493	-0.607570	0.786959
0.992826	-0.107288	0.052781	0.052363	0.786987	0.614744	-0.107493	-0.607570	0.786959
0.992826	-0.107288	0.052781	0.052363	0.786987	0.614744	-0.107493	-0.607570	0.786959
0.992826	-0.107288	0.052781	0.052363	0.786987	0.614744	-0.107493	-0.607570	0.786959
0.992826	-0.107288	0.052781	0.052363	0.786987	0.614744	-0.107493	-0.607570	0.786959
0.992826	-0.107288	0.052781	0.052363	0.786987	0.614744	-0.107493	-0.607570	0.786959
0.992703	-0.108198	0.053229	0.052763	0.786689	0.615091	-0.108427	-0.607795	0.786657
0.992551	-0.109298	0.053823	0.053227	0.786412	0.615405	-0.109589	-0.607956	0.786371
