0.869470	-0.488917	0.070581	0.345973	0.704688	0.619449	-0.352597	-0.514174	0.781857
0.869720	-0.488483	0.070511	0.345522	0.704645	0.619750	-0.352422	-0.514646	0.781625
0.869720	-0.488483	0.070511	0.345522	0.704645	0.619750	-0.352422	-0.514646	0.781625
0.869720	-0.488483	0.070511	0.345522	0.704645	0.619750	-0.352422	-0.514646	0.781625
0.869720	-0.488483	0.070511	0.345522	0.704645	0.619750	-0.352422	-0.514646	0.781625
0.869506	-0.488913	0.070169	0.345934	0.704210	0.620015	-0.352547	-0.514833	0.781446
0.869506	-0.488913	0.070169	0.345934	0.704210	0.620015	-0.352547	-0.514833	0.781446
0.869506	-0.488913	0.070169	0.345934	0.704210	0.620015	-0.352547	-0.514833	0.781446
0.869404	-0.489124	0.069963	0.346171	0.704007	0.620112	-0.352566	-0.514909	0.781387
0.869404	-0.489124	0.069963	0.346171	0.704007	0.620112	-0.352566	-0.514909	0.781387
0.869404	-0.489124	0.069963	0.346171	0.704007	0.620112	-0.352566	-0.514909	0.781387
0.869404	-0.489124	0.069963	0.346171	0.704007	0.620112	-0.352566	-0.514909	0.781387
0.869404	-0.489124	0.069963	0.346171	0.704007	0.620112	-0.352566	-0.514909	0.781387
0.869404	-0.489124	0.069963	0.346171	0.704007	0.620112	-0.352566	-0.514909	0.781387
0.869171	-0.489525	0.070054	0.346517	0.703974	0.619957	-0.352801	-0.514573	0.781503
0.869171	-0.489525	0.070054	0.346517	0.703974	0.619957	-0.352801	-0.514573	0.781503
0.869171	-0.489525	0.070054	0.346517	0.703974	0.619957	-0.352801	-0.514573	0.781503
0.869039	-0.489674	0.070640	0.346326	0.704069	0.619955	-0.353311	-0.514301	0.781451
0.869039	-0.489674	0.070640	0.346326	0.704069	0.619955	-0.353311	-0.514301	0.781451
0.869039	-0.489674	0.070640	0.346326	0.704069	0.619955	-0.353311	-0.514301	0.781451
0.869039	-0.489674	0.070640	0.346326	0.704069	0.619955	-0.353311	-0.514301	0.781451
0.868731	-0.490186	0.070883	0.346577	0.703880	0.620030	-0.353823	-0.514072	0.781370
0.868731	-0.490186	0.070883	0.346577	0.703880	0.620030	-0.353823	-0.514072	0.781370
0.868731	-0.490186	0.070883	0.346577	0.703880	0.620030	-0.353823	-0.514072	0.781370
0.868731	-0.490186	0.070883	0.346577	0.703880	0.620030	-0.353823	-0.514072	0.781370
