0.835679	-0.548764	0.022346	0.417503	0.661172	0.623332	-0.356836	-0.511576	0.781638
0.835679	-0.548764	0.022346	0.417503	0.661172	0.623332	-0.356836	-0.511576	0.781638
0.835679	-0.548764	0.022346	0.417503	0.661172	0.623332	-0.356836	-0.511576	0.781638
0.836163	-0.547998	0.023028	0.416694	0.661992	0.623003	-0.356648	-0.511336	0.781881
0.836891	-0.546852	0.023800	0.415698	0.663261	0.622319	-0.356102	-0.510919	0.782402
0.837256	-0.546267	0.024394	0.415037	0.663900	0.622079	-0.356016	-0.510714	0.782575
0.837256	-0.546267	0.024394	0.415037	0.663900	0.622079	-0.356016	-0.510714	0.782575
0.837624	-0.545698	0.024515	0.414384	0.664022	0.622383	-0.355912	-0.511164	0.782329
0.838185	-0.544842	0.024341	0.413777	0.664363	0.622423	-0.355294	-0.511634	0.782302
0.838757	-0.543970	0.024176	0.413195	0.664773	0.622372	-0.354623	-0.512029	0.782348
0.839131	-0.543400	0.023990	0.412740	0.664849	0.622593	-0.354266	-0.512536	0.782178
0.839131	-0.543400	0.023990	0.412740	0.664849	0.622593	-0.354266	-0.512536	0.782178
0.839131	-0.543400	0.023990	0.412740	0.664849	0.622593	-0.354266	-0.512536	0.782178
0.838699	-0.544074	0.023818	0.413171	0.664183	0.623017	-0.354787	-0.512683	0.781846
0.838279	-0.544724	0.023753	0.413587	0.663652	0.623307	-0.355293	-0.512681	0.781616
0.837934	-0.545254	0.023737	0.413934	0.663268	0.623486	-0.355703	-0.512615	0.781474
0.837934	-0.545254	0.023737	0.413934	0.663268	0.623486	-0.355703	-0.512615	0.781474
0.837934	-0.545254	0.023737	0.413934	0.663268	0.623486	-0.355703	-0.512615	0.781474
0.837696	-0.545611	0.023957	0.414035	0.663064	0.623636	-0.356147	-0.512498	0.781348
0.837696	-0.545611	0.023957	0.414035	0.663064	0.623636	-0.356147	-0.512498	0.781348
0.837696	-0.545611	0.023957	0.414035	0.663064	0.623636	-0.356147	-0.512498	0.781348
0.837696	-0.545611	0.023957	0.414035	0.663064	0.623636	-0.356147	-0.512498	0.781348
0.837696	-0.545611	0.023957	0.414035	0.663064	0.623636	-0.356147	-0.512498	0.781348
0.837696	-0.545611	0.023957	0.414035	0.663064	0.623636	-0.356147	-0.512498	0.781348
0.837696	-0.545611	0.023957	0.414035	0.663064	0.623636	-0.356147	-0.512498	0.781348
