0.997080	-0.043454	0.062798	-0.004838	0.784725	0.619825	-0.076214	-0.618319	0.782223
0.997033	-0.043706	0.063358	-0.004978	0.784807	0.619720	-0.076810	-0.618197	0.782261
0.997003	-0.043628	0.063883	-0.005329	0.785101	0.619345	-0.077175	-0.617829	0.782516
0.996942	-0.043416	0.064977	-0.006146	0.785331	0.619046	-0.077905	-0.617552	0.782662
0.996856	-0.043573	0.066180	-0.006793	0.785153	0.619264	-0.078945	-0.617767	0.782389
0.996770	-0.044025	0.067161	-0.007062	0.785031	0.619417	-0.079993	-0.617891	0.782184
0.996691	-0.045024	0.067669	-0.006592	0.785040	0.619411	-0.081011	-0.617807	0.782145
0.996623	-0.046745	0.067515	-0.005184	0.784718	0.619832	-0.081954	-0.618088	0.781825
0.996581	-0.048893	0.066600	-0.003051	0.783772	0.621041	-0.082563	-0.619121	0.780943
0.996582	-0.051263	0.064787	-0.000230	0.782482	0.622674	-0.082614	-0.620560	0.779795
0.996608	-0.052801	0.063130	0.001917	0.781750	0.623589	-0.082278	-0.621352	0.779200
0.996670	-0.053203	0.061791	0.003067	0.781731	0.623609	-0.081482	-0.621343	0.779291
0.996737	-0.052782	0.061066	0.003249	0.782179	0.623045	-0.080650	-0.620814	0.779799
0.996809	-0.051952	0.060596	0.002981	0.782879	0.622167	-0.079762	-0.620001	0.780536
0.996851	-0.051571	0.060245	0.002940	0.783192	0.621773	-0.079249	-0.619638	0.780877
0.996851	-0.051571	0.060245	0.002940	0.783192	0.621773	-0.079249	-0.619638	0.780877
0.996899	-0.050909	0.060000	0.002545	0.782970	0.622055	-0.078646	-0.619973	0.780671
0.996926	-0.049967	0.060342	0.001564	0.782751	0.622333	-0.078328	-0.620326	0.780423
0.996911	-0.049258	0.061167	0.000500	0.782818	0.622250	-0.078533	-0.620298	0.780425
0.996887	-0.048775	0.061951	-0.000364	0.782852	0.622207	-0.078846	-0.620293	0.780397
0.996857	-0.047920	0.063092	-0.001696	0.783251	0.621704	-0.079209	-0.619856	0.780707
0.996867	-0.047097	0.063540	-0.002605	0.783385	0.621532	-0.079048	-0.619750	0.780808
0.996901	-0.047435	0.062758	-0.001936	0.782722	0.622368	-0.078645	-0.620561	0.780205
0.996931	-0.051204	0.059225	0.002965	0.780627	0.624990	-0.078235	-0.622896	0.778383
0.997009	-0.052883	0.056357	0.005989	0.779899	0.625877	-0.077051	-0.623668	0.777883
0.997000	-0.053256	0.056161	0.006449	0.780268	0.625412	-0.077128	-0.623174	0.778271
0.997025	-0.051860	0.057024	0.004895	0.780925	0.624606	-0.076923	-0.622468	0.778856
