0.982081	-0.180469	0.054291	0.108994	0.778914	0.617586	-0.153743	-0.600603	0.784627
0.982081	-0.180469	0.054291	0.108994	0.778914	0.617586	-0.153743	-0.600603	0.784627
0.982131	-0.180072	0.054703	0.108476	0.779178	0.617344	-0.153790	-0.600379	0.784789
0.982131	-0.180072	0.054703	0.108476	0.779178	0.617344	-0.153790	-0.600379	0.784789
0.982131	-0.180072	0.054703	0.108476	0.779178	0.617344	-0.153790	-0.600379	0.784789
0.982131	-0.180072	0.054703	0.108476	0.779178	0.617344	-0.153790	-0.600379	0.784789
0.982118	-0.179961	0.055309	0.108027	0.779267	0.617311	-0.154192	-0.600297	0.784773
0.982118	-0.179961	0.055309	0.108027	0.779267	0.617311	-0.154192	-0.600297	0.784773
0.982118	-0.179961	0.055309	0.108027	0.779267	0.617311	-0.154192	-0.600297	0.784773
0.982118	-0.179961	0.055309	0.108027	0.779267	0.617311	-0.154192	-0.600297	0.784773
0.982121	-0.179761	0.055898	0.107561	0.779534	0.617055	-0.154496	-0.600010	0.784932
0.982051	-0.179879	0.056748	0.107185	0.779770	0.616823	-0.155203	-0.599669	0.785054
0.981915	-0.180694	0.056506	0.108084	0.780065	0.616292	-0.155439	-0.599039	0.785488
0.981938	-0.180950	0.055265	0.109381	0.781257	0.614551	-0.154379	-0.597406	0.786939
0.982083	-0.180746	0.053330	0.110896	0.783104	0.611924	-0.152366	-0.595046	0.789117
0.982321	-0.180001	0.051426	0.111957	0.785041	0.609242	-0.150036	-0.592714	0.791315
0.982562	-0.179202	0.049590	0.112804	0.786523	0.607172	-0.147810	-0.590990	0.793022
0.982712	-0.178672	0.048516	0.113276	0.787521	0.605788	-0.146445	-0.589819	0.794146
0.982755	-0.178547	0.048102	0.113497	0.787801	0.605383	-0.145984	-0.589483	0.794480
0.982749	-0.178628	0.047930	0.113604	0.787535	0.605708	-0.145943	-0.589814	0.794242
0.982749	-0.178628	0.047930	0.113604	0.787535	0.605708	-0.145943	-0.589814	0.794242
0.982708	-0.178819	0.048058	0.113519	0.786867	0.606592	-0.146285	-0.590647	0.793559
0.982664	-0.178923	0.048556	0.113157	0.786305	0.607388	-0.146855	-0.591364	0.792920
0.982592	-0.179094	0.049385	0.112648	0.785747	0.608204	-0.147730	-0.592053	0.792243
