0.994230	0.021797	0.105033	-0.083849	0.768612	0.634197	-0.066906	-0.639344	0.766004
0.994230	0.021797	0.105033	-0.083849	0.768612	0.634197	-0.066906	-0.639344	0.766004
0.994230	0.021797	0.105033	-0.083849	0.768612	0.634197	-0.066906	-0.639344	0.766004
0.994230	0.021797	0.105033	-0.083849	0.768612	0.634197	-0.066906	-0.639344	0.766004
0.994230	0.021797	0.105033	-0.083849	0.768612	0.634197	-0.066906	-0.639344	0.766004
0.994230	0.021797	0.105033	-0.083849	0.768612	0.634197	-0.066906	-0.639344	0.766004
0.994230	0.021797	0.105033	-0.083849	0.768612	0.634197	-0.066906	-0.639344	0.766004
0.994230	0.021797	0.105033	-0.083849	0.768612	0.634197	-0.066906	-0.639344	0.766004
0.994185	0.021669	0.105483	-0.084051	0.768482	0.634327	-0.067317	-0.639504	0.765835
0.994185	0.021669	0.105483	-0.084051	0.768482	0.634327	-0.067317	-0.639504	0.765835
0.994185	0.021669	0.105483	-0.084051	0.768482	0.634327	-0.067317	-0.639504	0.765835
0.994185	0.021669	0.105483	-0.084051	0.768482	0.634327	-0.067317	-0.639504	0.765835
0.994185	0.021669	0.105483	-0.084051	0.768482	0.634327	-0.067317	-0.639504	0.765835
0.994156	0.021177	0.105853	-0.083923	0.768378	0.634471	-0.067898	-0.639646	0.765665
0.994156	0.021177	0.105853	-0.083923	0.768378	0.634471	-0.067898	-0.639646	0.765665
0.994103	0.021041	0.106376	-0.084162	0.768293	0.634542	-0.068377	-0.639753	0.765533
0.994103	0.021041	0.106376	-0.084162	0.768293	0.634542	-0.068377	-0.639753	0.765533
0.994103	0.021041	0.106376	-0.084162	0.768293	0.634542	-0.068377	-0.639753	0.765533
0.994103	0.021041	0.106376	-0.084162	0.768293	0.634542	-0.068377	-0.639753	0.765533
0.994106	0.020383	0.106477	-0.083731	0.768235	0.634669	-0.068863	-0.639843	0.765414
0.994106	0.020383	0.106477	-0.083731	0.768235	0.634669	-0.068863	-0.639843	0.765414
0.994127	0.019989	0.106360	-0.083383	0.767972	0.635032	-0.068988	-0.640171	0.765128
0.994127	0.019989	0.106360	-0.083383	0.767972	0.635032	-0.068988	-0.640171	0.765128
0.994127	0.019989	0.106360	-0.083383	0.767972	0.635032	-0.068988	-0.640171	0.765128
0.994127	0.019989	0.106360	-0.083383	0.767972	0.635032	-0.068988	-0.640171	0.765128
0.994127	0.019989	0.106360	-0.083383	0.767972	0.635032	-0.068988	-0.640171	0.765128
