0.927326	-0.362396	0.093466	0.228811	0.746609	0.624677	-0.296163	-0.557893	0.775270
0.927466	-0.362216	0.092772	0.229114	0.746617	0.624556	-0.295489	-0.557999	0.775450
0.927409	-0.362510	0.092193	0.229847	0.746745	0.624133	-0.295099	-0.557636	0.775860
0.927368	-0.362767	0.091588	0.230493	0.746743	0.623898	-0.294722	-0.557473	0.776121
0.927368	-0.362767	0.091588	0.230493	0.746743	0.623898	-0.294722	-0.557473	0.776121
0.927254	-0.363139	0.091269	0.231033	0.746699	0.623751	-0.294658	-0.557289	0.776276
0.927254	-0.363139	0.091269	0.231033	0.746699	0.623751	-0.294658	-0.557289	0.776276
0.927254	-0.363139	0.091269	0.231033	0.746699	0.623751	-0.294658	-0.557289	0.776276
0.927254	-0.363139	0.091269	0.231033	0.746699	0.623751	-0.294658	-0.557289	0.776276
0.927254	-0.363139	0.091269	0.231033	0.746699	0.623751	-0.294658	-0.557289	0.776276
0.926996	-0.363674	0.091761	0.231171	0.746635	0.623775	-0.295363	-0.557025	0.776199
0.926996	-0.363674	0.091761	0.231171	0.746635	0.623775	-0.295363	-0.557025	0.776199
0.926996	-0.363674	0.091761	0.231171	0.746635	0.623775	-0.295363	-0.557025	0.776199
0.926996	-0.363674	0.091761	0.231171	0.746635	0.623775	-0.295363	-0.557025	0.776199
0.927159	-0.363227	0.091879	0.230709	0.746706	0.623861	-0.295210	-0.557222	0.776116
0.927159	-0.363227	0.091879	0.230709	0.746706	0.623861	-0.295210	-0.557222	0.776116
0.927159	-0.363227	0.091879	0.230709	0.746706	0.623861	-0.295210	-0.557222	0.776116
0.927159	-0.363227	0.091879	0.230709	0.746706	0.623861	-0.295210	-0.557222	0.776116
0.927159	-0.363227	0.091879	0.230709	0.746706	0.623861	-0.295210	-0.557222	0.776116
0.927159	-0.363227	0.091879	0.230709	0.746706	0.623861	-0.295210	-0.557222	0.776116
0.927159	-0.363227	0.091879	0.230709	0.746706	0.623861	-0.295210	-0.557222	0.776116
0.926751	-0.364165	0.092286	0.231223	0.746532	0.623879	-0.296090	-0.556842	0.776053
0.926382	-0.365064	0.092440	0.231714	0.746066	0.624255	-0.296859	-0.556878	0.775733
0.926382	-0.365064	0.092440	0.231714	0.746066	0.624255	-0.296859	-0.556878	0.775733
0.926837	-0.364139	0.091521	0.231480	0.746093	0.624309	-0.295619	-0.557448	0.775797
