0.934458	-0.344314	0.090754	0.215292	0.749350	0.626198	-0.283615	-0.565617	0.774364
0.934458	-0.344314	0.090754	0.215292	0.749350	0.626198	-0.283615	-0.565617	0.774364
0.934643	-0.343668	0.091301	0.214574	0.749830	0.625870	-0.283551	-0.565374	0.774565
0.934643	-0.343668	0.091301	0.214574	0.749830	0.625870	-0.283551	-0.565374	0.774565
0.934875	-0.343102	0.091046	0.214282	0.749942	0.625836	-0.283005	-0.565569	0.774623
0.934875	-0.343102	0.091046	0.214282	0.749942	0.625836	-0.283005	-0.565569	0.774623
0.935133	-0.342497	0.090672	0.214057	0.750099	0.625724	-0.282322	-0.565727	0.774756
0.935133	-0.342497	0.090672	0.214057	0.750099	0.625724	-0.282322	-0.565727	0.774756
0.935133	-0.342497	0.090672	0.214057	0.750099	0.625724	-0.282322	-0.565727	0.774756
0.935022	-0.342920	0.090223	0.214509	0.749627	0.626135	-0.282348	-0.566096	0.774477
0.935022	-0.342920	0.090223	0.214509	0.749627	0.626135	-0.282348	-0.566096	0.774477
0.934795	-0.343571	0.090092	0.214884	0.749009	0.626745	-0.282811	-0.566519	0.773998
0.934776	-0.343704	0.089788	0.215147	0.748881	0.626809	-0.282677	-0.566608	0.773983
0.934654	-0.343992	0.089949	0.215362	0.749000	0.626592	-0.282914	-0.566275	0.774139
0.934654	-0.343992	0.089949	0.215362	0.749000	0.626592	-0.282914	-0.566275	0.774139
0.934654	-0.343992	0.089949	0.215362	0.749000	0.626592	-0.282914	-0.566275	0.774139
0.934654	-0.343992	0.089949	0.215362	0.749000	0.626592	-0.282914	-0.566275	0.774139
0.934486	-0.344249	0.090707	0.215035	0.748892	0.626834	-0.283717	-0.566262	0.773855
0.934486	-0.344249	0.090707	0.215035	0.748892	0.626834	-0.283717	-0.566262	0.773855
0.934486	-0.344249	0.090707	0.215035	0.748892	0.626834	-0.283717	-0.566262	0.773855
0.934486	-0.344249	0.090707	0.215035	0.748892	0.626834	-0.283717	-0.566262	0.773855
0.934486	-0.344249	0.090707	0.215035	0.748892	0.626834	-0.283717	-0.566262	0.773855
0.934486	-0.344249	0.090707	0.215035	0.748892	0.626834	-0.283717	-0.566262	0.773855
0.934190	-0.344919	0.091214	0.215189	0.748654	0.627066	-0.284575	-0.566170	0.773608
