0.985514	-0.155100	0.068605	0.082133	0.790394	0.607067	-0.148381	-0.592639	0.791683
0.985317	-0.156189	0.068963	0.082770	0.790245	0.607176	-0.149332	-0.592553	0.791569
0.985453	-0.155902	0.067652	0.083315	0.790141	0.607236	-0.148124	-0.592766	0.791636
0.985894	-0.154275	0.064896	0.083671	0.790124	0.607210	-0.144953	-0.593215	0.791887
0.986140	-0.153478	0.063029	0.084100	0.789852	0.607504	-0.143022	-0.593783	0.791812
0.986221	-0.153305	0.062175	0.084430	0.789625	0.607753	-0.142266	-0.594130	0.791688
0.986301	-0.152763	0.062244	0.084057	0.790104	0.607183	-0.141934	-0.593633	0.792121
0.986417	-0.151745	0.062892	0.082951	0.790643	0.606632	-0.141778	-0.593175	0.792491
0.986417	-0.151745	0.062892	0.082951	0.790643	0.606632	-0.141778	-0.593175	0.792491
0.986417	-0.151745	0.062892	0.082951	0.790643	0.606632	-0.141778	-0.593175	0.792491
0.986359	-0.151857	0.063525	0.082705	0.790858	0.606386	-0.142323	-0.592860	0.792629
0.986359	-0.151857	0.063525	0.082705	0.790858	0.606386	-0.142323	-0.592860	0.792629
0.986359	-0.151857	0.063525	0.082705	0.790858	0.606386	-0.142323	-0.592860	0.792629
0.986359	-0.151857	0.063525	0.082705	0.790858	0.606386	-0.142323	-0.592860	0.792629
0.986359	-0.151857	0.063525	0.082705	0.790858	0.606386	-0.142323	-0.592860	0.792629
0.986266	-0.152345	0.063805	0.082941	0.790886	0.606317	-0.142832	-0.592698	0.792659
0.986266	-0.152345	0.063805	0.082941	0.790886	0.606317	-0.142832	-0.592698	0.792659
0.986266	-0.152345	0.063805	0.082941	0.790886	0.606317	-0.142832	-0.592698	0.792659
0.986164	-0.152819	0.064247	0.083014	0.790701	0.606548	-0.143492	-0.592822	0.792447
0.985913	-0.154628	0.063758	0.084590	0.789827	0.607469	-0.144289	-0.593518	0.791781
0.985575	-0.156936	0.063346	0.086558	0.789077	0.608165	-0.145428	-0.593909	0.791279
0.985417	-0.157991	0.063186	0.087476	0.788877	0.608293	-0.145951	-0.593895	0.791194
0.985417	-0.157991	0.063186	0.087476	0.788877	0.608293	-0.145951	-0.593895	0.791194
0.985417	-0.157991	0.063186	0.087476	0.788877	0.608293	-0.145951	-0.593895	0.791194
0.985399	-0.158018	0.063390	0.087445	0.789176	0.607911	-0.146086	-0.593492	0.791471
