0.990963	-0.115149	0.068802	0.047661	0.781706	0.621824	-0.125386	-0.612925	0.780129
0.990963	-0.115149	0.068802	0.047661	0.781706	0.621824	-0.125386	-0.612925	0.780129
0.991123	-0.114176	0.068109	0.047326	0.781739	0.621807	-0.124239	-0.613064	0.780203
0.991241	-0.113299	0.067858	0.046853	0.782090	0.621402	-0.123476	-0.612780	0.780548
0.991241	-0.113299	0.067858	0.046853	0.782090	0.621402	-0.123476	-0.612780	0.780548
0.991407	-0.111764	0.067981	0.045579	0.782231	0.621319	-0.122618	-0.612881	0.780603
0.991486	-0.110832	0.068356	0.044634	0.782398	0.621177	-0.122328	-0.612837	0.780684
0.991590	-0.109938	0.068292	0.044012	0.782657	0.620896	-0.121709	-0.612668	0.780913
0.991590	-0.109938	0.068292	0.044012	0.782657	0.620896	-0.121709	-0.612668	0.780913
0.991636	-0.109309	0.068626	0.043254	0.782420	0.621247	-0.121603	-0.613083	0.780604
0.991636	-0.109309	0.068626	0.043254	0.782420	0.621247	-0.121603	-0.613083	0.780604
0.991636	-0.109309	0.068626	0.043254	0.782420	0.621247	-0.121603	-0.613083	0.780604
0.991636	-0.109309	0.068626	0.043254	0.782420	0.621247	-0.121603	-0.613083	0.780604
0.991636	-0.109309	0.068626	0.043254	0.782420	0.621247	-0.121603	-0.613083	0.780604
0.991636	-0.109309	0.068626	0.043254	0.782420	0.621247	-0.121603	-0.613083	0.780604
0.991496	-0.110408	0.068896	0.043963	0.782428	0.621188	-0.122490	-0.612876	0.780627
0.991457	-0.110861	0.068721	0.044478	0.782645	0.620877	-0.122615	-0.612516	0.780890
0.991457	-0.110861	0.068721	0.044478	0.782645	0.620877	-0.122615	-0.612516	0.780890
0.991457	-0.110861	0.068721	0.044478	0.782645	0.620877	-0.122615	-0.612516	0.780890
0.991457	-0.110861	0.068721	0.044478	0.782645	0.620877	-0.122615	-0.612516	0.780890
0.991329	-0.111944	0.068808	0.045424	0.783319	0.619958	-0.123299	-0.611457	0.781612
0.991198	-0.112880	0.069166	0.045989	0.783521	0.619661	-0.124140	-0.611026	0.781816
0.991158	-0.112821	0.069842	0.045590	0.783870	0.619249	-0.124611	-0.610589	0.782082
0.991158	-0.112821	0.069842	0.045590	0.783870	0.619249	-0.124611	-0.610589	0.782082
