0.721407	-0.669722	-0.176196	0.691722	0.709016	0.137173	0.033058	-0.220837	0.974750
0.721461	-0.669658	-0.176217	0.691664	0.709072	0.137178	0.033089	-0.220852	0.974746
0.721027	-0.670107	-0.176284	0.692126	0.708594	0.137318	0.032896	-0.221021	0.974714
0.721349	-0.669779	-0.176217	0.691794	0.708884	0.137495	0.032826	-0.221087	0.974701
0.721633	-0.669499	-0.176116	0.691497	0.709167	0.137529	0.032820	-0.221029	0.974715
0.721627	-0.669510	-0.176101	0.691502	0.709181	0.137435	0.032873	-0.220951	0.974731
0.721603	-0.669567	-0.175980	0.691529	0.709162	0.137393	0.032804	-0.220838	0.974759
0.721789	-0.669349	-0.176047	0.691329	0.709364	0.137361	0.032939	-0.220852	0.974751
0.721650	-0.669484	-0.176104	0.691475	0.709215	0.137390	0.032915	-0.220920	0.974736
0.721565	-0.669554	-0.176183	0.691563	0.709123	0.137424	0.032922	-0.221002	0.974717
0.721413	-0.669680	-0.176329	0.691717	0.708986	0.137354	0.033032	-0.221059	0.974701
0.721376	-0.669729	-0.176296	0.691753	0.708979	0.137212	0.033096	-0.220934	0.974727
0.721515	-0.669594	-0.176239	0.691606	0.709127	0.137182	0.033119	-0.220867	0.974742
0.721789	-0.669318	-0.176165	0.691328	0.709347	0.137448	0.032966	-0.220996	0.974717
0.721839	-0.669248	-0.176227	0.691284	0.709327	0.137777	0.032796	-0.221276	0.974660
0.721702	-0.669267	-0.176716	0.691413	0.709190	0.137830	0.033081	-0.221656	0.974564
0.721647	-0.669232	-0.177070	0.691445	0.709237	0.137429	0.033613	-0.221609	0.974556
0.721883	-0.668907	-0.177338	0.691175	0.709553	0.137156	0.034086	-0.221582	0.974546
0.722177	-0.668628	-0.177191	0.690885	0.709747	0.137616	0.033747	-0.221801	0.974508
0.722306	-0.668559	-0.176923	0.690758	0.709864	0.137644	0.033568	-0.221632	0.974552
0.722019	-0.668894	-0.176829	0.691070	0.709538	0.137761	0.033319	-0.221667	0.974553
0.721662	-0.669370	-0.176488	0.691464	0.709139	0.137838	0.032890	-0.221508	0.974604
