0.983465	-0.002764	-0.181080	0.040946	0.977385	0.207464	0.176411	-0.211448	0.961337
0.983510	-0.002744	-0.180831	0.040976	0.977263	0.208033	0.176149	-0.212012	0.961261
0.983538	-0.003113	-0.180675	0.041317	0.977238	0.208082	0.175915	-0.212121	0.961280
0.983542	-0.002908	-0.180656	0.041144	0.977205	0.208272	0.175932	-0.212278	0.961242
0.983544	-0.002522	-0.180653	0.040797	0.977178	0.208470	0.176005	-0.212409	0.961200
0.983576	-0.002550	-0.180479	0.040823	0.977133	0.208673	0.175819	-0.212613	0.961188
0.983579	-0.002538	-0.180460	0.040824	0.977114	0.208764	0.175800	-0.212703	0.961172
0.983535	-0.002467	-0.180702	0.040808	0.977113	0.208772	0.176051	-0.212709	0.961125
0.983487	-0.002238	-0.180966	0.040818	0.976903	0.209750	0.176317	-0.213673	0.960862
0.983460	-0.001778	-0.181115	0.040491	0.976803	0.210278	0.176539	-0.214133	0.960719
0.983424	-0.002091	-0.181309	0.040780	0.976868	0.209921	0.176676	-0.213835	0.960760
0.983375	-0.002634	-0.181569	0.041362	0.976859	0.209847	0.176814	-0.213868	0.960727
0.983258	-0.003155	-0.182193	0.041969	0.976890	0.209582	0.177322	-0.213719	0.960667
0.983265	-0.002995	-0.182157	0.041829	0.976865	0.209728	0.177315	-0.213838	0.960642
0.983283	-0.002447	-0.182068	0.041298	0.976849	0.209906	0.177340	-0.213916	0.960620
0.983334	-0.002358	-0.181791	0.041174	0.976824	0.210045	0.177082	-0.214029	0.960642
0.983331	-0.002506	-0.181809	0.041315	0.976830	0.209990	0.177070	-0.214001	0.960651
0.983261	-0.002383	-0.182188	0.041274	0.976835	0.209977	0.177467	-0.213982	0.960582
