0.733563	-0.657429	-0.172259	0.678772	0.721391	0.137345	0.033972	-0.217676	0.975430
0.733632	-0.657348	-0.172271	0.678691	0.721493	0.137210	0.034098	-0.217580	0.975447
0.733208	-0.657706	-0.172709	0.679130	0.721126	0.136964	0.034464	-0.217715	0.975404
0.733417	-0.657533	-0.172483	0.678913	0.721317	0.137040	0.034307	-0.217608	0.975433
0.733299	-0.657683	-0.172412	0.679039	0.721235	0.136845	0.034348	-0.217422	0.975473
0.733194	-0.657843	-0.172250	0.679156	0.721142	0.136750	0.034257	-0.217249	0.975515
0.733306	-0.657763	-0.172074	0.679037	0.721269	0.136674	0.034212	-0.217068	0.975557
0.733456	-0.657665	-0.171812	0.678883	0.721418	0.136653	0.034077	-0.216869	0.975606
0.733499	-0.657636	-0.171741	0.678843	0.721427	0.136801	0.033933	-0.216928	0.975598
0.733505	-0.657595	-0.171872	0.678838	0.721398	0.136983	0.033909	-0.217151	0.975549
0.733266	-0.657776	-0.172197	0.679086	0.721171	0.136947	0.034104	-0.217355	0.975497
0.733045	-0.658001	-0.172278	0.679313	0.721024	0.136595	0.034337	-0.217161	0.975532
0.733019	-0.658014	-0.172339	0.679329	0.721063	0.136308	0.034575	-0.216991	0.975561
0.733190	-0.657829	-0.172316	0.679146	0.721215	0.136418	0.034537	-0.217048	0.975550
0.733345	-0.657660	-0.172302	0.678985	0.721319	0.136667	0.034405	-0.217214	0.975517
0.733365	-0.657627	-0.172344	0.678972	0.721278	0.136948	0.034247	-0.217450	0.975471
0.733369	-0.657671	-0.172162	0.678984	0.721221	0.137192	0.033940	-0.217507	0.975468
0.733289	-0.657749	-0.172201	0.679059	0.721205	0.136901	0.034146	-0.217323	0.975502
0.733015	-0.658009	-0.172377	0.679343	0.720988	0.136634	0.034376	-0.217258	0.975509
0.732720	-0.658278	-0.172602	0.679664	0.720648	0.136832	0.034311	-0.217571	0.975441
0.732816	-0.658154	-0.172670	0.679566	0.720695	0.137072	0.034228	-0.217789	0.975396
