0.967390	-0.175683	-0.182462	0.213308	0.953519	0.212840	0.136589	-0.244820	0.959899
0.967431	-0.175359	-0.182556	0.213000	0.953607	0.212755	0.136778	-0.244710	0.959900
0.967526	-0.174918	-0.182473	0.212572	0.953660	0.212946	0.136769	-0.244820	0.959874
0.967569	-0.174649	-0.182505	0.212330	0.953691	0.213049	0.136845	-0.244891	0.959845
0.967454	-0.174892	-0.182883	0.212641	0.953658	0.212887	0.137176	-0.244847	0.959809
0.967373	-0.175197	-0.183016	0.212967	0.953598	0.212827	0.137238	-0.244859	0.959797
0.967304	-0.175260	-0.183324	0.213062	0.953645	0.212521	0.137580	-0.244631	0.959806
0.967253	-0.175485	-0.183378	0.213312	0.953567	0.212621	0.137551	-0.244774	0.959773
0.967301	-0.175359	-0.183246	0.213161	0.953591	0.212665	0.137449	-0.244772	0.959789
0.967446	-0.174606	-0.183198	0.212386	0.953796	0.212520	0.137627	-0.244510	0.959830
0.967510	-0.174105	-0.183334	0.211800	0.954122	0.211642	0.138075	-0.243596	0.959998
0.967471	-0.173712	-0.183911	0.211496	0.954284	0.211217	0.138813	-0.243242	0.959981
0.967519	-0.173586	-0.183779	0.211345	0.954307	0.211261	0.138710	-0.243240	0.959997
0.967636	-0.173055	-0.183662	0.210809	0.954399	0.211381	0.138707	-0.243257	0.959993
0.967797	-0.172685	-0.183165	0.210419	0.954332	0.212071	0.138179	-0.243783	0.959936
0.967928	-0.172772	-0.182387	0.210356	0.954274	0.212396	0.137351	-0.243950	0.960012
0.967896	-0.173240	-0.182115	0.210685	0.954303	0.211940	0.137076	-0.243504	0.960164
0.967855	-0.174163	-0.181450	0.211404	0.954182	0.211767	0.136255	-0.243319	0.960328
0.967893	-0.174093	-0.181312	0.211287	0.954228	0.211676	0.136161	-0.243189	0.960375
0.967951	-0.173777	-0.181306	0.211041	0.954178	0.212147	0.136132	-0.243611	0.960272
0.968010	-0.173616	-0.181145	0.210888	0.954141	0.212467	0.135950	-0.243871	0.960231
0.967944	-0.173888	-0.181236	0.211141	0.954144	0.212200	0.136026	-0.243664	0.960273
