0.981134	-0.065087	-0.182044	0.104131	0.971278	0.213953	0.162890	-0.228873	0.959731
0.981146	-0.064568	-0.182161	0.103647	0.971327	0.213964	0.163123	-0.228810	0.959707
0.981212	-0.064110	-0.181967	0.103137	0.971396	0.213901	0.163049	-0.228650	0.959758
0.981272	-0.063910	-0.181715	0.102868	0.971439	0.213832	0.162859	-0.228520	0.959821
0.981389	-0.063759	-0.181136	0.102573	0.971482	0.213781	0.162340	-0.228382	0.959941
0.981355	-0.064033	-0.181226	0.102823	0.971511	0.213526	0.162391	-0.228179	0.959981
0.981298	-0.064221	-0.181464	0.103092	0.971448	0.213686	0.162559	-0.228397	0.959901
0.981362	-0.064200	-0.181124	0.103032	0.971400	0.213930	0.162210	-0.228605	0.959910
0.981365	-0.063998	-0.181181	0.102824	0.971451	0.213801	0.162326	-0.228446	0.959928
0.981359	-0.064156	-0.181161	0.102923	0.971509	0.213487	0.162303	-0.228153	0.960002
0.981563	-0.063958	-0.180120	0.102408	0.971660	0.213047	0.161389	-0.227565	0.960296
0.981651	-0.063945	-0.179646	0.102145	0.971869	0.212219	0.161022	-0.226675	0.960568
0.981684	-0.064411	-0.179299	0.102502	0.971861	0.212082	0.160593	-0.226576	0.960663
0.981773	-0.064881	-0.178642	0.102801	0.971847	0.212005	0.159857	-0.226505	0.960802
0.981744	-0.064716	-0.178857	0.102676	0.971876	0.211929	0.160112	-0.226424	0.960779
0.981748	-0.064750	-0.178826	0.102709	0.971862	0.211977	0.160068	-0.226475	0.960774
0.981799	-0.064035	-0.178804	0.102042	0.971874	0.212247	0.160184	-0.226630	0.960719
0.981906	-0.063681	-0.178340	0.101581	0.971926	0.212230	0.159819	-0.226505	0.960809
0.982025	-0.063708	-0.177676	0.101495	0.971878	0.212490	0.159142	-0.226704	0.960874
0.981998	-0.064016	-0.177713	0.101855	0.971779	0.212771	0.159077	-0.227042	0.960805
