0.775372	-0.605531	-0.179250	0.629848	0.762078	0.150093	0.045717	-0.229278	0.972287
0.775486	-0.605394	-0.179217	0.629715	0.762150	0.150286	0.045608	-0.229401	0.972263
0.775498	-0.605372	-0.179240	0.629707	0.762120	0.150473	0.045510	-0.229561	0.972230
0.775142	-0.605674	-0.179761	0.630095	0.761925	0.149835	0.046213	-0.229409	0.972232
0.774980	-0.605879	-0.179769	0.630288	0.761804	0.149639	0.046286	-0.229274	0.972261
0.775035	-0.605806	-0.179777	0.630208	0.761916	0.149408	0.046463	-0.229093	0.972295
0.775178	-0.605635	-0.179735	0.630026	0.762082	0.149323	0.046538	-0.228989	0.972316
0.775244	-0.605560	-0.179705	0.629970	0.762027	0.149841	0.046202	-0.229372	0.972242
0.775283	-0.605473	-0.179833	0.629914	0.762074	0.149840	0.046322	-0.229448	0.972218
0.775331	-0.605411	-0.179830	0.629837	0.762201	0.149516	0.046548	-0.229188	0.972269
0.775288	-0.605436	-0.179932	0.629894	0.762118	0.149698	0.046497	-0.229397	0.972222
0.775338	-0.605425	-0.179753	0.629849	0.762126	0.149845	0.046275	-0.229398	0.972232
0.775143	-0.605655	-0.179821	0.630063	0.762062	0.149272	0.046627	-0.229006	0.972308
0.774847	-0.606049	-0.179768	0.630433	0.761777	0.149164	0.046542	-0.228911	0.972334
0.774790	-0.606091	-0.179875	0.630514	0.761647	0.149486	0.046399	-0.229234	0.972265
0.775007	-0.605839	-0.179787	0.630256	0.761821	0.149687	0.046279	-0.229320	0.972250
0.775009	-0.605871	-0.179672	0.630256	0.761839	0.149596	0.046245	-0.229178	0.972285
0.775013	-0.605933	-0.179442	0.630256	0.761875	0.149415	0.046177	-0.228892	0.972356
0.775128	-0.605771	-0.179496	0.630107	0.762006	0.149372	0.046292	-0.228885	0.972352
0.775005	-0.605939	-0.179458	0.630276	0.761812	0.149648	0.046036	-0.229086	0.972317
0.774872	-0.606004	-0.179813	0.630417	0.761716	0.149539	0.046346	-0.229231	0.972268
0.774736	-0.606169	-0.179840	0.630579	0.761612	0.149391	0.046412	-0.229142	0.972286
