0.645075	-0.745125	-0.169314	0.764096	0.630729	0.135414	0.005891	-0.216724	0.976215
0.644965	-0.745209	-0.169361	0.764188	0.630653	0.135253	0.006016	-0.216657	0.976229
0.645420	-0.744807	-0.169397	0.763804	0.631085	0.135411	0.006049	-0.216783	0.976201
0.645495	-0.744757	-0.169332	0.763741	0.631136	0.135522	0.005940	-0.216804	0.976197
0.645249	-0.744921	-0.169549	0.763947	0.630930	0.135323	0.006169	-0.216843	0.976187
0.645145	-0.745056	-0.169351	0.764037	0.630779	0.135514	0.005857	-0.216817	0.976195
0.645298	-0.744944	-0.169261	0.763908	0.630960	0.135406	0.005927	-0.216677	0.976225
0.644932	-0.745214	-0.169464	0.764216	0.630613	0.135284	0.006051	-0.216756	0.976207
0.644756	-0.745369	-0.169454	0.764366	0.630396	0.135445	0.005866	-0.216854	0.976186
0.645117	-0.745080	-0.169352	0.764062	0.630741	0.135557	0.005817	-0.216846	0.976189
0.645333	-0.744909	-0.169279	0.763878	0.630985	0.135457	0.005910	-0.216723	0.976215
0.645176	-0.745080	-0.169125	0.764012	0.630834	0.135402	0.005805	-0.216572	0.976250
0.645239	-0.745022	-0.169142	0.763958	0.630898	0.135410	0.005828	-0.216589	0.976245
0.645082	-0.745193	-0.168988	0.764092	0.630748	0.135355	0.005723	-0.216437	0.976280
0.644532	-0.745786	-0.168468	0.764557	0.630260	0.134998	0.005499	-0.215814	0.976419
0.643933	-0.746447	-0.167829	0.765067	0.629606	0.135161	0.004776	-0.215435	0.976506
0.643478	-0.746911	-0.167510	0.765454	0.629023	0.135686	0.004022	-0.215532	0.976488
0.643304	-0.747054	-0.167539	0.765599	0.628882	0.135517	0.004124	-0.215447	0.976507
0.644033	-0.746540	-0.167033	0.764992	0.629333	0.136847	0.002958	-0.215913	0.976408
0.644592	-0.746064	-0.167001	0.764521	0.629856	0.137074	0.002921	-0.216033	0.976382
0.644929	-0.745677	-0.167430	0.764234	0.630284	0.136707	0.003589	-0.216121	0.976360
