0.922162	-0.345698	-0.173526	0.375292	0.908267	0.184951	0.093671	-0.235677	0.967307
0.922239	-0.345574	-0.173362	0.375169	0.908238	0.185342	0.093404	-0.235969	0.967261
0.922163	-0.345790	-0.173335	0.375400	0.908090	0.185600	0.093225	-0.236223	0.967216
0.922113	-0.345846	-0.173487	0.375508	0.908011	0.185768	0.093281	-0.236445	0.967157
0.922129	-0.345929	-0.173236	0.375554	0.907939	0.186029	0.092935	-0.236602	0.967152
0.922188	-0.345850	-0.173081	0.375441	0.907982	0.186047	0.092810	-0.236552	0.967176
0.922091	-0.345912	-0.173474	0.375547	0.908042	0.185537	0.093342	-0.236229	0.967204
0.922104	-0.345942	-0.173347	0.375568	0.907988	0.185760	0.093135	-0.236394	0.967184
0.922250	-0.345498	-0.173456	0.375162	0.908143	0.185820	0.093322	-0.236446	0.967153
0.922432	-0.345114	-0.173252	0.374738	0.908313	0.185845	0.093229	-0.236353	0.967184
0.922388	-0.345256	-0.173203	0.374843	0.908316	0.185617	0.093238	-0.236135	0.967237
0.922335	-0.345503	-0.172991	0.375036	0.908237	0.185617	0.092986	-0.236079	0.967275
0.922340	-0.345492	-0.172989	0.375033	0.908219	0.185710	0.092951	-0.236165	0.967257
0.922256	-0.345593	-0.173232	0.375186	0.908166	0.185659	0.093161	-0.236219	0.967224
0.921700	-0.346926	-0.173528	0.376493	0.907790	0.184851	0.093397	-0.235709	0.967325
0.921600	-0.347199	-0.173512	0.376737	0.907732	0.184642	0.093395	-0.235534	0.967368
0.921648	-0.347280	-0.173095	0.376712	0.907751	0.184596	0.093020	-0.235340	0.967452
0.921791	-0.347100	-0.172696	0.376446	0.907847	0.184666	0.092684	-0.235234	0.967509
0.921905	-0.346890	-0.172508	0.376195	0.907951	0.184665	0.092570	-0.235141	0.967543
0.921939	-0.346772	-0.172561	0.376095	0.907985	0.184707	0.092631	-0.235187	0.967526
0.921907	-0.346846	-0.172583	0.376220	0.907834	0.185192	0.092444	-0.235659	0.967429
0.921946	-0.346789	-0.172490	0.376172	0.907790	0.185505	0.092253	-0.235912	0.967386
