0.977622	-0.107511	-0.180823	0.147360	0.963409	0.223891	0.150136	-0.245527	0.957693
0.977445	-0.106891	-0.182142	0.146938	0.963684	0.222986	0.151692	-0.244720	0.957654
0.977297	-0.106445	-0.183191	0.146822	0.963616	0.223355	0.152751	-0.245181	0.957368
0.977184	-0.105604	-0.184279	0.146323	0.963612	0.223701	0.153950	-0.245561	0.957078
0.977163	-0.104765	-0.184868	0.145712	0.963609	0.224113	0.154662	-0.245932	0.956868
0.977224	-0.103685	-0.185155	0.144679	0.963822	0.223865	0.155245	-0.245554	0.956871
0.977366	-0.103326	-0.184608	0.144097	0.964038	0.223311	0.154895	-0.244858	0.957106
0.977423	-0.102930	-0.184523	0.143628	0.964188	0.222964	0.154966	-0.244433	0.957203
0.977460	-0.101850	-0.184931	0.142756	0.964188	0.223522	0.155543	-0.244884	0.956995
0.977513	-0.101192	-0.185011	0.142282	0.964037	0.224472	0.155643	-0.245748	0.956757
0.977567	-0.101656	-0.184470	0.142737	0.963777	0.225302	0.154885	-0.246578	0.956666
0.977457	-0.102112	-0.184800	0.143409	0.963476	0.226159	0.154957	-0.247563	0.956400
0.977434	-0.102033	-0.184967	0.143504	0.963274	0.226960	0.155016	-0.248382	0.956178
0.977465	-0.101404	-0.185148	0.142846	0.963494	0.226440	0.155427	-0.247785	0.956266
0.977518	-0.100897	-0.185143	0.142202	0.963796	0.225559	0.155682	-0.246815	0.956475
0.977430	-0.101635	-0.185203	0.142870	0.963805	0.225098	0.155622	-0.246478	0.956572
0.977464	-0.101642	-0.185019	0.142893	0.963710	0.225488	0.155386	-0.246845	0.956516
0.977583	-0.101564	-0.184437	0.142704	0.963686	0.225710	0.154815	-0.246970	0.956576
0.977679	-0.101880	-0.183753	0.142855	0.963644	0.225794	0.154068	-0.247004	0.956688
0.977712	-0.102404	-0.183281	0.143234	0.963613	0.225685	0.153501	-0.246907	0.956804
0.977690	-0.102518	-0.183335	0.143343	0.963622	0.225577	0.153539	-0.246824	0.956819
0.977629	-0.102209	-0.183835	0.143215	0.963569	0.225884	0.154050	-0.247158	0.956651
