0.675049	-0.717465	-0.171910	0.737636	0.660836	0.138523	0.014219	-0.220317	0.975325
0.675023	-0.717460	-0.172031	0.737660	0.660783	0.138650	0.014199	-0.220492	0.975285
0.675109	-0.717387	-0.172001	0.737586	0.660804	0.138944	0.013983	-0.220668	0.975249
0.675286	-0.717247	-0.171887	0.737428	0.660924	0.139210	0.013756	-0.220761	0.975231
0.675238	-0.717317	-0.171785	0.737475	0.660852	0.139306	0.013598	-0.220752	0.975235
0.675118	-0.717316	-0.172261	0.737578	0.660758	0.139203	0.013970	-0.221034	0.975166
0.674883	-0.717456	-0.172598	0.737788	0.660546	0.139096	0.014213	-0.221214	0.975122
0.674712	-0.717585	-0.172729	0.737941	0.660412	0.138922	0.014384	-0.221197	0.975123
0.674945	-0.717353	-0.172785	0.737725	0.660668	0.138855	0.014545	-0.221187	0.975123
0.675408	-0.716943	-0.172679	0.737306	0.661041	0.139299	0.014278	-0.221401	0.975078
0.675738	-0.716646	-0.172620	0.737007	0.661305	0.139628	0.014091	-0.221574	0.975042
0.675522	-0.716784	-0.172891	0.737204	0.661067	0.139716	0.014146	-0.221837	0.974981
0.675562	-0.716737	-0.172927	0.737169	0.661076	0.139858	0.014076	-0.221959	0.974954
0.675499	-0.716736	-0.173180	0.737220	0.661075	0.139595	0.014432	-0.221968	0.974947
0.675045	-0.717074	-0.173546	0.737630	0.660656	0.139410	0.014687	-0.222121	0.974908
0.674968	-0.717089	-0.173788	0.737703	0.660513	0.139706	0.014607	-0.222500	0.974823
0.675459	-0.716611	-0.173850	0.737251	0.660984	0.139859	0.014688	-0.222640	0.974790
0.675770	-0.716334	-0.173785	0.736961	0.661367	0.139579	0.014950	-0.222396	0.974842
0.675759	-0.716282	-0.174038	0.736962	0.661440	0.139230	0.015388	-0.222345	0.974847
0.675913	-0.716094	-0.174214	0.736819	0.661568	0.139375	0.015449	-0.222570	0.974794
0.675923	-0.716176	-0.173840	0.736820	0.661511	0.139642	0.014989	-0.222476	0.974823
0.675960	-0.716185	-0.173660	0.736799	0.661382	0.140362	0.014330	-0.222831	0.974752
