0.563592	-0.811945	-0.152021	0.825958	0.551097	0.118683	-0.012586	-0.192451	0.981226
0.563526	-0.811988	-0.152031	0.826001	0.551015	0.118764	-0.012663	-0.192505	0.981214
0.563610	-0.811881	-0.152295	0.825945	0.551063	0.118931	-0.012634	-0.192818	0.981153
0.563528	-0.811926	-0.152357	0.826002	0.551003	0.118812	-0.012517	-0.192801	0.981158
0.563481	-0.811967	-0.152314	0.826036	0.550984	0.118668	-0.012432	-0.192684	0.981182
0.563646	-0.811876	-0.152186	0.825925	0.551190	0.118481	-0.012308	-0.192476	0.981225
0.563832	-0.811757	-0.152132	0.825797	0.551363	0.118571	-0.012371	-0.192484	0.981222
0.563881	-0.811733	-0.152075	0.825761	0.551382	0.118730	-0.012526	-0.192527	0.981212
0.563687	-0.811862	-0.152105	0.825895	0.551220	0.118547	-0.012401	-0.192446	0.981229
0.563463	-0.812030	-0.152040	0.826048	0.551018	0.118420	-0.012384	-0.192318	0.981255
0.563507	-0.812034	-0.151858	0.826016	0.551049	0.118502	-0.012546	-0.192213	0.981273
0.563293	-0.812130	-0.152141	0.826169	0.550908	0.118090	-0.012088	-0.192213	0.981279
0.563040	-0.812372	-0.151782	0.826333	0.550580	0.118472	-0.012675	-0.192127	0.981288
0.563739	-0.811936	-0.151521	0.825853	0.551253	0.118688	-0.012841	-0.192043	0.981303
0.563913	-0.811792	-0.151645	0.825731	0.551351	0.119081	-0.013059	-0.192369	0.981236
0.564012	-0.811665	-0.151955	0.825668	0.551462	0.119008	-0.012797	-0.192586	0.981197
0.564197	-0.811448	-0.152425	0.825550	0.551706	0.118692	-0.012218	-0.192800	0.981162
0.564319	-0.811390	-0.152283	0.825458	0.551712	0.119302	-0.012784	-0.193028	0.981110
0.564191	-0.811494	-0.152204	0.825542	0.551548	0.119479	-0.013008	-0.193060	0.981101
0.563966	-0.811662	-0.152139	0.825696	0.551346	0.119351	-0.012992	-0.192931	0.981126
0.563696	-0.811809	-0.152357	0.825884	0.551112	0.119128	-0.012743	-0.192981	0.981120
0.563548	-0.811941	-0.152203	0.825990	0.551067	0.118602	-0.012424	-0.192556	0.981207
