0.770760	-0.611406	-0.179194	0.635760	0.756463	0.153533	0.041683	-0.232261	0.971760
0.770893	-0.611259	-0.179126	0.635588	0.756663	0.153262	0.041855	-0.231999	0.971815
0.771030	-0.611069	-0.179185	0.635412	0.756828	0.153175	0.042012	-0.231959	0.971818
0.771063	-0.611019	-0.179215	0.635375	0.756830	0.153316	0.041956	-0.232085	0.971790
0.771001	-0.611103	-0.179197	0.635459	0.756732	0.153453	0.041828	-0.232185	0.971772
0.771111	-0.611035	-0.178951	0.635346	0.756778	0.153699	0.041510	-0.232215	0.971778
0.771034	-0.611027	-0.179313	0.635408	0.756795	0.153359	0.041997	-0.232181	0.971765
0.770658	-0.611469	-0.179422	0.635854	0.756481	0.153054	0.042142	-0.232039	0.971793
0.770726	-0.611400	-0.179366	0.635781	0.756504	0.153246	0.041996	-0.232149	0.971773
0.771166	-0.610905	-0.179158	0.635251	0.756934	0.153324	0.041945	-0.232048	0.971799
0.771235	-0.610810	-0.179188	0.635163	0.757016	0.153280	0.042023	-0.232028	0.971801
0.771489	-0.610384	-0.179544	0.634834	0.757263	0.153425	0.042314	-0.232346	0.971712
0.771748	-0.609864	-0.180200	0.634471	0.757596	0.153282	0.043037	-0.232627	0.971613
0.772133	-0.609316	-0.180402	0.633985	0.757980	0.153392	0.043277	-0.232811	0.971559
0.772399	-0.608921	-0.180596	0.633621	0.758386	0.152888	0.043865	-0.232520	0.971602
0.772411	-0.608898	-0.180620	0.633613	0.758355	0.153075	0.043767	-0.232680	0.971568
0.772189	-0.609163	-0.180680	0.633917	0.757962	0.153760	0.043284	-0.233268	0.971449
0.771959	-0.609570	-0.180285	0.634245	0.757594	0.154224	0.042572	-0.233399	0.971449
0.771899	-0.609737	-0.179979	0.634359	0.757393	0.154741	0.041963	-0.233616	0.971423
0.771573	-0.610196	-0.179824	0.634776	0.757028	0.154820	0.041661	-0.233603	0.971439
0.771216	-0.610578	-0.180056	0.635195	0.756729	0.154561	0.041882	-0.233570	0.971437
0.771076	-0.610628	-0.180486	0.635326	0.756709	0.154122	0.042464	-0.233507	0.971427
0.771297	-0.610358	-0.180454	0.635037	0.757024	0.153762	0.042758	-0.233192	0.971490
