0.832398	-0.528187	-0.167729	0.551626	0.818721	0.159390	0.053136	-0.225200	0.972863
0.832604	-0.527882	-0.167664	0.551323	0.818880	0.159617	0.053038	-0.225335	0.972837
0.832386	-0.527935	-0.168578	0.551533	0.818917	0.158702	0.054267	-0.225078	0.972828
0.832097	-0.528139	-0.169363	0.551917	0.818644	0.158773	0.054793	-0.225589	0.972680
0.832230	-0.527892	-0.169477	0.551734	0.818649	0.159382	0.054606	-0.226149	0.972561
0.833064	-0.526619	-0.169341	0.550518	0.819235	0.160573	0.054169	-0.226993	0.972389
0.832944	-0.526736	-0.169566	0.550651	0.819263	0.159971	0.054657	-0.226619	0.972449
0.832757	-0.526970	-0.169759	0.550921	0.819099	0.159887	0.054794	-0.226671	0.972429
0.832466	-0.527355	-0.169990	0.551350	0.818816	0.159854	0.054891	-0.226797	0.972394
0.832190	-0.527821	-0.169896	0.551774	0.818575	0.159626	0.054819	-0.226583	0.972448
0.832107	-0.527973	-0.169833	0.551904	0.818506	0.159533	0.054780	-0.226480	0.972474
0.832177	-0.527951	-0.169556	0.551823	0.818543	0.159620	0.054518	-0.226397	0.972508
0.832261	-0.527868	-0.169401	0.551714	0.818590	0.159755	0.054340	-0.226419	0.972513
0.832183	-0.528009	-0.169345	0.551840	0.818505	0.159756	0.054257	-0.226398	0.972523
0.832021	-0.528302	-0.169227	0.552096	0.818350	0.159665	0.054135	-0.226274	0.972558
0.831991	-0.528462	-0.168877	0.552175	0.818289	0.159707	0.053791	-0.226124	0.972612
0.831961	-0.528555	-0.168735	0.552216	0.818325	0.159376	0.053841	-0.225773	0.972691
0.831482	-0.529314	-0.168713	0.552938	0.817908	0.159015	0.053823	-0.225506	0.972754
0.831734	-0.529000	-0.168454	0.552572	0.818149	0.159049	0.053683	-0.225370	0.972793
0.831903	-0.528769	-0.168351	0.552315	0.818342	0.158948	0.053722	-0.225212	0.972828
0.831782	-0.528952	-0.168368	0.552487	0.818271	0.158717	0.053816	-0.225039	0.972862
