0.734192	-0.656164	-0.174386	0.678076	0.721622	0.139550	0.034273	-0.220703	0.974739
0.733984	-0.656337	-0.174612	0.678294	0.721432	0.139474	0.034429	-0.220810	0.974709
0.733782	-0.656530	-0.174735	0.678508	0.721244	0.139403	0.034505	-0.220851	0.974697
0.733776	-0.656541	-0.174721	0.678513	0.721258	0.139309	0.034557	-0.220772	0.974713
0.733948	-0.656386	-0.174580	0.678330	0.721426	0.139331	0.034491	-0.220685	0.974735
0.733990	-0.656326	-0.174626	0.678290	0.721418	0.139567	0.034377	-0.220888	0.974693
0.733967	-0.656353	-0.174622	0.678317	0.721384	0.139612	0.034335	-0.220920	0.974687
0.733961	-0.656364	-0.174608	0.678321	0.721398	0.139519	0.034387	-0.220842	0.974703
0.734093	-0.656252	-0.174473	0.678188	0.721483	0.139724	0.034185	-0.220896	0.974698
0.734045	-0.656207	-0.174844	0.678216	0.721516	0.139421	0.034664	-0.220923	0.974675
0.733752	-0.656537	-0.174835	0.678539	0.721208	0.139442	0.034543	-0.220948	0.974674
0.733735	-0.656553	-0.174845	0.678562	0.721160	0.139581	0.034449	-0.221058	0.974652
0.734122	-0.656184	-0.174609	0.678156	0.721487	0.139861	0.034203	-0.221087	0.974654
0.734253	-0.656041	-0.174591	0.678022	0.721556	0.140154	0.034030	-0.221286	0.974615
0.734135	-0.656200	-0.174493	0.678172	0.721325	0.140617	0.033593	-0.221568	0.974566
0.734222	-0.656172	-0.174233	0.678094	0.721358	0.140825	0.033279	-0.221543	0.974583
0.734370	-0.655975	-0.174350	0.677912	0.721609	0.140411	0.033706	-0.221307	0.974622
0.734428	-0.655900	-0.174385	0.677850	0.721649	0.140508	0.033686	-0.221400	0.974601
0.734411	-0.655885	-0.174513	0.677871	0.721584	0.140734	0.033620	-0.221654	0.974546
0.734516	-0.655725	-0.174674	0.677754	0.721676	0.140829	0.033713	-0.221827	0.974503
0.734710	-0.655506	-0.174681	0.677519	0.722012	0.140237	0.034195	-0.221383	0.974587
0.734740	-0.655468	-0.174699	0.677487	0.722032	0.140286	0.034185	-0.221430	0.974577
0.734597	-0.655585	-0.174858	0.677639	0.721885	0.140312	0.034241	-0.221564	0.974545
