0.860437	-0.477598	-0.177621	0.505053	0.845588	0.172925	0.067606	-0.238499	0.968787
0.860319	-0.477805	-0.177631	0.505253	0.845485	0.172841	0.067600	-0.238447	0.968800
0.860329	-0.477826	-0.177527	0.505248	0.845489	0.172836	0.067511	-0.238391	0.968820
0.860387	-0.477704	-0.177577	0.505127	0.845600	0.172647	0.067685	-0.238242	0.968844
0.860239	-0.477893	-0.177787	0.505345	0.845524	0.172384	0.067942	-0.238135	0.968853
0.860216	-0.478025	-0.177540	0.505425	0.845448	0.172518	0.067633	-0.238136	0.968874
0.860234	-0.478070	-0.177330	0.505395	0.845535	0.172181	0.067624	-0.237738	0.968972
0.859449	-0.479900	-0.176191	0.506892	0.844720	0.171781	0.066395	-0.236947	0.969251
0.859224	-0.480332	-0.176109	0.507307	0.844439	0.171935	0.066127	-0.237072	0.969239
0.859200	-0.480425	-0.175975	0.507366	0.844405	0.171933	0.065993	-0.237008	0.969264
0.859211	-0.480403	-0.175984	0.507359	0.844371	0.172119	0.065910	-0.237174	0.969229
0.859265	-0.480289	-0.176031	0.507261	0.844420	0.172164	0.065956	-0.237228	0.969212
0.859383	-0.480081	-0.176021	0.507061	0.844523	0.172248	0.065961	-0.237281	0.969199
0.859491	-0.479853	-0.176115	0.506866	0.844623	0.172337	0.066054	-0.237389	0.969166
0.859618	-0.479627	-0.176113	0.506638	0.844771	0.172280	0.066145	-0.237321	0.969177
0.859799	-0.479368	-0.175932	0.506336	0.844965	0.172213	0.066102	-0.237150	0.969222
0.859740	-0.479451	-0.175994	0.506436	0.844895	0.172267	0.066103	-0.237234	0.969201
0.859564	-0.479741	-0.176066	0.506736	0.844721	0.172236	0.066098	-0.237267	0.969193
0.859431	-0.479979	-0.176063	0.506967	0.844590	0.172199	0.066050	-0.237252	0.969200
0.859584	-0.479821	-0.175745	0.506747	0.844688	0.172364	0.065746	-0.237220	0.969229
0.859548	-0.479774	-0.176052	0.506746	0.844772	0.171956	0.066224	-0.237018	0.969246
0.859416	-0.479969	-0.176163	0.506975	0.844603	0.172110	0.066180	-0.237224	0.969198
