0.836346	-0.521083	-0.170288	0.545284	0.822746	0.160478	0.056481	-0.227071	0.972239
0.836159	-0.521359	-0.170363	0.545558	0.822618	0.160205	0.056620	-0.226900	0.972271
0.835814	-0.521783	-0.170755	0.546024	0.822442	0.159521	0.057200	-0.226566	0.972315
0.835583	-0.522134	-0.170813	0.546401	0.822135	0.159813	0.056988	-0.226869	0.972257
0.835621	-0.522060	-0.170850	0.546356	0.822101	0.160141	0.056853	-0.227162	0.972196
0.835840	-0.521766	-0.170679	0.546026	0.822322	0.160129	0.056803	-0.227038	0.972228
0.835997	-0.521695	-0.170127	0.545818	0.822501	0.159924	0.056498	-0.226555	0.972358
0.835997	-0.521695	-0.170127	0.545818	0.822501	0.159924	0.056498	-0.226555	0.972358
0.835849	-0.521967	-0.170021	0.546066	0.822317	0.160021	0.056285	-0.226597	0.972361
0.835650	-0.522262	-0.170092	0.546365	0.822144	0.159889	0.056336	-0.226544	0.972370
0.835376	-0.522660	-0.170216	0.546769	0.821928	0.159620	0.056478	-0.226411	0.972393
0.835144	-0.523017	-0.170256	0.547109	0.821772	0.159253	0.056620	-0.226148	0.972446
0.835173	-0.523038	-0.170053	0.547075	0.821824	0.159107	0.056534	-0.225914	0.972506
0.835422	-0.522723	-0.169795	0.546707	0.822062	0.159140	0.056396	-0.225777	0.972545
0.835561	-0.522539	-0.169679	0.546505	0.822179	0.159226	0.056304	-0.225773	0.972551
0.835437	-0.522732	-0.169698	0.546699	0.822050	0.159231	0.056265	-0.225801	0.972547
0.835450	-0.522671	-0.169819	0.546670	0.822059	0.159280	0.056350	-0.225906	0.972518
0.835515	-0.522482	-0.170081	0.546531	0.822197	0.159048	0.056740	-0.225842	0.972510
0.835275	-0.522712	-0.170553	0.546833	0.822101	0.158503	0.057360	-0.225657	0.972517
0.835310	-0.522605	-0.170709	0.546807	0.821973	0.159257	0.057090	-0.226374	0.972366
0.835518	-0.522329	-0.170534	0.546504	0.822149	0.159387	0.056952	-0.226368	0.972376
0.835414	-0.522523	-0.170453	0.546667	0.822068	0.159248	0.056914	-0.226219	0.972412
0.835334	-0.522706	-0.170280	0.546797	0.822018	0.159059	0.056832	-0.225976	0.972474
