0.870250	-0.463505	-0.166817	0.488803	0.854524	0.175670	0.061125	-0.234417	0.970212
0.870190	-0.463557	-0.166985	0.488904	0.854435	0.175825	0.061173	-0.234641	0.970155
0.870244	-0.463277	-0.167481	0.488777	0.854407	0.176310	0.061417	-0.235294	0.969982
0.870579	-0.462781	-0.167109	0.488257	0.854522	0.177194	0.060796	-0.235854	0.969885
0.870758	-0.462549	-0.166823	0.487971	0.854653	0.177349	0.060543	-0.235833	0.969906
0.870620	-0.462729	-0.167037	0.488169	0.854641	0.176859	0.060919	-0.235519	0.969958
0.870593	-0.462709	-0.167236	0.488206	0.854589	0.177011	0.061013	-0.235750	0.969896
0.870646	-0.462593	-0.167282	0.488126	0.854557	0.177382	0.060896	-0.236092	0.969821
0.870477	-0.462845	-0.167464	0.488407	0.854430	0.177222	0.061060	-0.236058	0.969819
0.870308	-0.463137	-0.167534	0.488709	0.854263	0.177196	0.061052	-0.236090	0.969811
0.870214	-0.463182	-0.167898	0.488832	0.854216	0.177082	0.061400	-0.236173	0.969769
0.870229	-0.463109	-0.168023	0.488800	0.854205	0.177226	0.061451	-0.236357	0.969721
0.870220	-0.463047	-0.168239	0.488803	0.854162	0.177424	0.061547	-0.236634	0.969648
0.870141	-0.463141	-0.168390	0.488939	0.854062	0.177533	0.061593	-0.236811	0.969601
0.870038	-0.463288	-0.168520	0.489112	0.853969	0.177503	0.061676	-0.236859	0.969584
0.870013	-0.463465	-0.168162	0.489175	0.854013	0.177115	0.061526	-0.236353	0.969717
0.870153	-0.463559	-0.167176	0.488949	0.854416	0.175791	0.061348	-0.234705	0.970129
0.870118	-0.463715	-0.166922	0.489018	0.854455	0.175408	0.061288	-0.234253	0.970242
0.870069	-0.463902	-0.166655	0.489117	0.854467	0.175072	0.061185	-0.233839	0.970348
0.870083	-0.463993	-0.166330	0.489132	0.854452	0.175103	0.060874	-0.233711	0.970399
0.869917	-0.464358	-0.166180	0.489435	0.854344	0.174786	0.060811	-0.233383	0.970482
0.869781	-0.464699	-0.165940	0.489736	0.854094	0.175164	0.060329	-0.233621	0.970454
