0.982710	-0.026688	-0.183220	0.067016	0.973733	0.217609	0.172600	-0.226125	0.958685
0.982745	-0.026976	-0.182986	0.067283	0.973670	0.217809	0.172292	-0.226362	0.958684
0.982778	-0.026722	-0.182846	0.067069	0.973597	0.218199	0.172188	-0.226705	0.958622
0.982748	-0.026241	-0.183077	0.066628	0.973650	0.218099	0.172530	-0.226535	0.958601
0.982713	-0.025919	-0.183314	0.066407	0.973611	0.218339	0.172818	-0.226737	0.958501
0.982680	-0.025912	-0.183488	0.066460	0.973585	0.218439	0.172981	-0.226850	0.958445
0.982653	-0.025871	-0.183642	0.066435	0.973612	0.218326	0.173147	-0.226739	0.958441
0.982583	-0.025927	-0.184006	0.066571	0.973608	0.218301	0.173489	-0.226749	0.958377
0.982549	-0.025458	-0.184253	0.066129	0.973681	0.218111	0.173851	-0.226489	0.958373
0.982542	-0.025380	-0.184304	0.066063	0.973686	0.218106	0.173919	-0.226474	0.958364
0.982502	-0.025534	-0.184491	0.066133	0.973838	0.217407	0.174113	-0.225804	0.958487
0.982503	-0.025671	-0.184472	0.066152	0.973974	0.216790	0.174105	-0.225200	0.958631
0.982530	-0.025418	-0.184362	0.065858	0.974016	0.216693	0.174064	-0.225050	0.958673
0.982531	-0.025272	-0.184374	0.065638	0.974126	0.216263	0.174138	-0.224587	0.958768
0.982563	-0.025574	-0.184165	0.065702	0.974350	0.215231	0.173937	-0.223578	0.959041
0.982658	-0.025965	-0.183602	0.065974	0.974315	0.215308	0.173296	-0.223687	0.959131
0.982837	-0.025914	-0.182648	0.065640	0.974415	0.214957	0.172405	-0.223256	0.959392
0.982898	-0.026006	-0.182304	0.065646	0.974422	0.214925	0.172052	-0.223217	0.959465
0.982903	-0.026265	-0.182240	0.065887	0.974406	0.214921	0.171931	-0.223254	0.959478
0.982942	-0.026213	-0.182036	0.065881	0.974292	0.215443	0.171708	-0.223761	0.959400
