0.753885	-0.632325	-0.178390	0.656013	0.739392	0.151481	0.036114	-0.231225	0.972230
0.753708	-0.632593	-0.178187	0.656223	0.739235	0.151336	0.035988	-0.230994	0.972289
0.753604	-0.632710	-0.178211	0.656332	0.739207	0.151002	0.036195	-0.230761	0.972337
0.753469	-0.632948	-0.177936	0.656501	0.739057	0.151002	0.035928	-0.230591	0.972387
0.753347	-0.633107	-0.177886	0.656647	0.738919	0.151042	0.035818	-0.230595	0.972390
0.753204	-0.633238	-0.178030	0.656806	0.738790	0.150979	0.035921	-0.230649	0.972374
0.753113	-0.633364	-0.177963	0.656906	0.738750	0.150742	0.035996	-0.230431	0.972423
0.753308	-0.633199	-0.177725	0.656688	0.738948	0.150719	0.035895	-0.230248	0.972470
0.753371	-0.633143	-0.177657	0.656620	0.738988	0.150819	0.035797	-0.230276	0.972467
0.753222	-0.633284	-0.177788	0.656783	0.738875	0.150663	0.035951	-0.230251	0.972467
0.752986	-0.633566	-0.177784	0.657057	0.738645	0.150600	0.035904	-0.230213	0.972478
0.753179	-0.633426	-0.177463	0.656853	0.738782	0.150812	0.035578	-0.230156	0.972503
0.753147	-0.633394	-0.177713	0.656860	0.738883	0.150288	0.036118	-0.229922	0.972539
0.752733	-0.633855	-0.177822	0.657328	0.738521	0.150020	0.036234	-0.229812	0.972560
0.752525	-0.634099	-0.177835	0.657569	0.738310	0.150004	0.036180	-0.229821	0.972560
0.752869	-0.633705	-0.177781	0.657174	0.738647	0.150078	0.036212	-0.229822	0.972559
0.753141	-0.633405	-0.177700	0.656865	0.738898	0.150194	0.036169	-0.229843	0.972556
0.752983	-0.633583	-0.177736	0.657047	0.738739	0.150182	0.036148	-0.229865	0.972551
0.753070	-0.633529	-0.177556	0.656952	0.738830	0.150148	0.036061	-0.229718	0.972589
0.753158	-0.633420	-0.177576	0.656842	0.738965	0.149967	0.036230	-0.229588	0.972613
0.753098	-0.633491	-0.177574	0.656920	0.738849	0.150196	0.036053	-0.229764	0.972578
0.752973	-0.633588	-0.177757	0.657065	0.738675	0.150413	0.036005	-0.230055	0.972511
