0.994878	-0.009658	0.100620	-0.010504	0.980158	0.197938	-0.100535	-0.197981	0.975037
0.994905	-0.008868	0.100424	-0.011136	0.980363	0.196889	-0.100198	-0.197004	0.975269
0.994964	-0.008548	0.099864	-0.011300	0.980439	0.196501	-0.099590	-0.196640	0.975405
0.994993	-0.008973	0.099544	-0.010799	0.980480	0.196320	-0.099362	-0.196412	0.975474
0.995030	-0.009822	0.099089	-0.009799	0.980633	0.195607	-0.099092	-0.195605	0.975664
0.995055	-0.010809	0.098731	-0.008766	0.980625	0.195700	-0.098933	-0.195598	0.975681
0.995062	-0.011005	0.098639	-0.008579	0.980579	0.195939	-0.098879	-0.195817	0.975643
0.995052	-0.010838	0.098764	-0.008789	0.980536	0.196144	-0.098968	-0.196041	0.975589
0.995063	-0.010643	0.098670	-0.008974	0.980512	0.196256	-0.098836	-0.196173	0.975576
0.995063	-0.009996	0.098741	-0.009672	0.980412	0.196722	-0.098774	-0.196706	0.975474
0.995073	-0.008973	0.098734	-0.010753	0.980252	0.197459	-0.098556	-0.197548	0.975326
0.995074	-0.007832	0.098826	-0.011929	0.980172	0.197788	-0.098416	-0.197993	0.975250
0.995013	-0.006460	0.099540	-0.013436	0.980126	0.197922	-0.098841	-0.198273	0.975150
0.994995	-0.005811	0.099754	-0.014112	0.980129	0.197860	-0.098921	-0.198277	0.975141
0.995016	-0.005849	0.099539	-0.014045	0.980103	0.197994	-0.098717	-0.198405	0.975136
0.995052	-0.005785	0.099183	-0.014094	0.979988	0.198558	-0.098347	-0.198974	0.975058
0.995270	-0.006165	0.096956	-0.013483	0.979561	0.200694	-0.096211	-0.201052	0.974844
0.995364	-0.005354	0.096028	-0.014213	0.979297	0.201928	-0.095121	-0.202357	0.974681
0.995333	-0.004859	0.096380	-0.014674	0.979499	0.200914	-0.095381	-0.201391	0.974856
0.995277	-0.005998	0.096895	-0.013690	0.979444	0.201249	-0.096110	-0.201625	0.974736
0.995287	-0.006457	0.096757	-0.013297	0.979269	0.202128	-0.096056	-0.202462	0.974568
0.995262	-0.007532	0.096933	-0.012373	0.979077	0.203114	-0.096435	-0.203351	0.974345
0.995523	-0.006771	0.094272	-0.012891	0.978382	0.206404	-0.093632	-0.206696	0.973915
0.995511	-0.011083	0.093998	-0.008801	0.977977	0.208527	-0.094239	-0.208418	0.973489
