0.996732	-0.078241	0.020118	0.079466	0.904732	-0.418503	0.014543	0.418734	0.907993
0.996748	-0.078036	0.020100	0.079267	0.904589	-0.418849	0.014503	0.419080	0.907833
0.996738	-0.078077	0.020413	0.079432	0.904466	-0.419085	0.014258	0.419340	0.907717
0.996706	-0.078357	0.020905	0.079888	0.904298	-0.419360	0.013955	0.419649	0.907579
0.996666	-0.078662	0.021644	0.080473	0.904195	-0.419470	0.013425	0.419813	0.907511
0.996675	-0.078482	0.021890	0.080414	0.904212	-0.419445	0.013125	0.419810	0.907517
0.996672	-0.078549	0.021796	0.080437	0.904293	-0.419265	0.013223	0.419623	0.907602
0.996677	-0.078366	0.022209	0.080444	0.904243	-0.419373	0.012782	0.419766	0.907542
0.996689	-0.078120	0.022565	0.080371	0.904274	-0.419320	0.012352	0.419745	0.907558
0.996714	-0.077795	0.022566	0.080075	0.904262	-0.419403	0.012222	0.419831	0.907520
0.996744	-0.077531	0.022123	0.079644	0.904145	-0.419736	0.012540	0.420131	0.907377
0.996721	-0.077933	0.021743	0.079841	0.903864	-0.420304	0.013103	0.420662	0.907123
0.996719	-0.078029	0.021510	0.079831	0.903859	-0.420316	0.013355	0.420654	0.907123
0.996759	-0.077763	0.020581	0.079195	0.903815	-0.420531	0.014100	0.420798	0.907045
0.996827	-0.077215	0.019327	0.078169	0.903871	-0.420603	0.015008	0.420780	0.907039
0.996903	-0.076575	0.017934	0.077000	0.903875	-0.420810	0.016014	0.420888	0.906971
0.996972	-0.075466	0.018775	0.076334	0.903532	-0.421668	0.014857	0.421824	0.906556
0.997017	-0.074807	0.019007	0.075808	0.902793	-0.423342	0.014510	0.423520	0.905771
0.996971	-0.075659	0.018040	0.076180	0.903015	-0.422802	0.015699	0.422895	0.906043
0.996914	-0.076334	0.018306	0.076913	0.903202	-0.422268	0.015700	0.422373	0.906286
0.996914	-0.076315	0.018393	0.076933	0.903228	-0.422209	0.015608	0.422321	0.906312
0.996929	-0.076121	0.018406	0.076772	0.903502	-0.421651	0.015466	0.421769	0.906571
0.996894	-0.076389	0.019170	0.077343	0.903615	-0.421305	0.014861	0.421479	0.906716
0.996830	-0.076969	0.020119	0.078269	0.903542	-0.421291	0.014248	0.421531	0.906702
0.996803	-0.077107	0.020918	0.078736	0.903655	-0.420962	0.013557	0.421263	0.906837
