0.958795	-0.283970	0.008611	0.227083	0.747805	-0.623875	0.170722	0.600124	0.781477
0.958257	-0.285642	0.012310	0.230564	0.746591	-0.624053	0.169065	0.600842	0.781285
0.957838	-0.286851	0.016190	0.233923	0.745907	-0.623621	0.166811	0.601115	0.781559
0.956994	-0.289337	0.021141	0.238808	0.744297	-0.623693	0.164722	0.601918	0.781384
0.956434	-0.291083	0.022443	0.240882	0.743372	-0.623999	0.164952	0.602220	0.781103
0.956694	-0.290199	0.022817	0.240460	0.743672	-0.623804	0.164059	0.602276	0.781248
0.957196	-0.288450	0.023900	0.239772	0.743985	-0.623695	0.162124	0.602729	0.781302
0.957555	-0.287221	0.024327	0.239183	0.744622	-0.623161	0.160870	0.602530	0.781715
0.957641	-0.286975	0.023868	0.238913	0.745508	-0.622204	0.160763	0.601551	0.782491
0.957459	-0.287714	0.022205	0.238668	0.746290	-0.621360	0.162203	0.600226	0.783211
0.957502	-0.287745	0.019824	0.237304	0.746860	-0.621197	0.163941	0.599502	0.783403
0.957764	-0.287113	0.015929	0.234543	0.747950	-0.620935	0.166364	0.598446	0.783700
0.957963	-0.286617	0.012511	0.232188	0.748955	-0.620608	0.168507	0.597425	0.784021
0.958298	-0.285571	0.010684	0.230346	0.749769	-0.620312	0.169132	0.596905	0.784282
0.958656	-0.284387	0.010116	0.229086	0.750176	-0.620287	0.168813	0.596960	0.784310
0.958882	-0.283635	0.009805	0.228242	0.750161	-0.620616	0.168674	0.597336	0.784053
0.958825	-0.283841	0.009449	0.228230	0.750313	-0.620436	0.169016	0.597046	0.784200
0.958680	-0.284309	0.010088	0.229140	0.750663	-0.619677	0.168607	0.596383	0.784792
0.958674	-0.284350	0.009448	0.229044	0.751660	-0.618503	0.168770	0.595107	0.785725
0.958893	-0.283654	0.008034	0.227902	0.752939	-0.617369	0.169070	0.593821	0.786633
0.959251	-0.282480	0.006485	0.226006	0.753296	-0.617630	0.169583	0.593928	0.786442
0.959591	-0.281350	0.005125	0.224426	0.754201	-0.617102	0.169756	0.593316	0.786867
0.959890	-0.280343	0.004400	0.223476	0.755512	-0.615841	0.169322	0.592123	0.787858
0.960295	-0.278960	0.003824	0.222027	0.755867	-0.615930	0.168929	0.592323	0.787792
0.960445	-0.278447	0.003521	0.221445	0.756039	-0.615928	0.168842	0.592345	0.787794
