0.960112	-0.279484	0.008621	0.224338	0.751532	-0.620380	0.166907	0.597568	0.784254
0.960032	-0.279756	0.008699	0.224738	0.751956	-0.619721	0.166829	0.596907	0.784774
0.960140	-0.279403	0.008065	0.224117	0.752270	-0.619565	0.167042	0.596677	0.784904
0.960294	-0.278890	0.007403	0.223281	0.752366	-0.619750	0.167273	0.596796	0.784764
0.960360	-0.278681	0.006667	0.222689	0.752579	-0.619705	0.167683	0.596625	0.784807
0.960421	-0.278477	0.006421	0.222475	0.753001	-0.619269	0.167618	0.596187	0.785153
0.960444	-0.278406	0.006075	0.222230	0.753137	-0.619192	0.167811	0.596049	0.785216
0.960338	-0.278776	0.005859	0.222340	0.752909	-0.619429	0.168271	0.596164	0.785031
0.960283	-0.278957	0.006297	0.222667	0.752519	-0.619785	0.168155	0.596571	0.784746
0.960264	-0.279028	0.006082	0.222582	0.752499	-0.619841	0.168376	0.596565	0.784704
0.960320	-0.278840	0.005745	0.222262	0.752700	-0.619712	0.168477	0.596399	0.784808
0.960381	-0.278630	0.005800	0.222131	0.752741	-0.619708	0.168303	0.596444	0.784811
0.960487	-0.278260	0.006016	0.222021	0.752969	-0.619471	0.167844	0.596329	0.784997
0.960529	-0.278117	0.005886	0.221860	0.753126	-0.619338	0.167816	0.596198	0.785102
0.960529	-0.278119	0.005856	0.221804	0.752990	-0.619523	0.167892	0.596369	0.784957
0.960609	-0.277842	0.005866	0.221571	0.752973	-0.619627	0.167741	0.596519	0.784874
0.960653	-0.277686	0.005968	0.221480	0.752888	-0.619764	0.167607	0.596700	0.784766
0.960569	-0.277972	0.006199	0.221745	0.752439	-0.620214	0.167738	0.597133	0.784408
0.960389	-0.278592	0.006235	0.222153	0.751936	-0.620678	0.168228	0.597477	0.784041
0.960344	-0.278750	0.006104	0.222188	0.751885	-0.620727	0.168438	0.597467	0.784003
0.960424	-0.278471	0.006344	0.222086	0.751812	-0.620852	0.168120	0.597690	0.783902
0.960495	-0.278200	0.007374	0.222506	0.751753	-0.620772	0.167156	0.597889	0.783956
0.960551	-0.277979	0.008349	0.222898	0.751571	-0.620852	0.166309	0.598221	0.783883
0.960558	-0.277940	0.008802	0.223137	0.751498	-0.620855	0.165946	0.598332	0.783876
