0.993542	-0.113454	0.001415	0.105161	0.916086	-0.386946	0.042605	0.384596	0.922101
0.993520	-0.113648	0.001624	0.105426	0.916115	-0.386806	0.042472	0.384470	0.922160
0.993479	-0.113988	0.002646	0.106131	0.916027	-0.386821	0.041669	0.384579	0.922151
0.993390	-0.114733	0.003625	0.107188	0.915837	-0.386980	0.041079	0.384810	0.922081
0.993330	-0.115229	0.004287	0.107888	0.915641	-0.387250	0.040697	0.385130	0.921965
0.993278	-0.115655	0.004709	0.108444	0.915586	-0.387223	0.040473	0.385131	0.921974
0.993218	-0.116140	0.005416	0.109158	0.915445	-0.387357	0.040030	0.385321	0.921914
0.993185	-0.116400	0.005869	0.109575	0.915418	-0.387302	0.039709	0.385306	0.921934
0.993152	-0.116668	0.006101	0.109913	0.915400	-0.387249	0.039595	0.385268	0.921955
0.993167	-0.116538	0.006151	0.109821	0.915493	-0.387055	0.039475	0.385086	0.922036
0.993192	-0.116302	0.006513	0.109736	0.915439	-0.387206	0.039071	0.385285	0.921970
0.993244	-0.115862	0.006529	0.109327	0.915390	-0.387440	0.038913	0.385536	0.921872
0.993328	-0.115182	0.005621	0.108360	0.915591	-0.387237	0.039456	0.385262	0.921963
0.993433	-0.114327	0.004601	0.107182	0.915763	-0.387157	0.040049	0.385108	0.922002
0.993497	-0.113819	0.003070	0.106125	0.915895	-0.387136	0.041251	0.384944	0.922018
0.993547	-0.113389	0.002856	0.105626	0.915764	-0.387582	0.041332	0.385382	0.921831
0.993593	-0.112972	0.003137	0.105325	0.915561	-0.388143	0.040977	0.385986	0.921594
0.993489	-0.113879	0.003369	0.106197	0.914950	-0.389343	0.041255	0.387166	0.921087
0.993406	-0.114563	0.004448	0.107220	0.914597	-0.389892	0.040599	0.387798	0.920850
0.993409	-0.114502	0.005287	0.107494	0.914620	-0.389764	0.039793	0.387764	0.920900
0.993405	-0.114521	0.005567	0.107625	0.914644	-0.389671	0.039533	0.387700	0.920937
0.993314	-0.115289	0.006062	0.108520	0.914502	-0.389756	0.039391	0.387808	0.920898
0.993223	-0.116031	0.006674	0.109427	0.914261	-0.390067	0.039158	0.388153	0.920762
0.993189	-0.116317	0.006820	0.109747	0.914220	-0.390075	0.039137	0.388166	0.920758
0.993223	-0.116021	0.006903	0.109517	0.914342	-0.389853	0.038919	0.387967	0.920851
