0.999143	-0.038236	0.015825	0.041365	0.912057	-0.407972	0.001166	0.408278	0.912857
0.999148	-0.038114	0.015844	0.041262	0.912180	-0.407707	0.001087	0.408014	0.912975
0.999151	-0.037879	0.016182	0.041185	0.912331	-0.407377	0.000668	0.407697	0.913117
0.999151	-0.037698	0.016630	0.041203	0.912464	-0.407077	0.000172	0.407416	0.913243
0.999153	-0.037605	0.016694	0.041143	0.912532	-0.406931	0.000069	0.407274	0.913306
0.999152	-0.037642	0.016705	0.041182	0.912510	-0.406975	0.000075	0.407318	0.913286
0.999151	-0.037604	0.016842	0.041203	0.912375	-0.407277	-0.000051	0.407625	0.913149
0.999151	-0.037604	0.016842	0.041203	0.912375	-0.407277	-0.000051	0.407625	0.913149
0.999144	-0.037838	0.016709	0.041363	0.912345	-0.407329	0.000168	0.407671	0.913129
0.999136	-0.038205	0.016374	0.041561	0.912382	-0.407224	0.000618	0.407552	0.913182
0.999127	-0.038542	0.016142	0.041775	0.912318	-0.407345	0.000973	0.407664	0.913132
0.999133	-0.038308	0.016276	0.041615	0.912349	-0.407294	0.000753	0.407618	0.913152
0.999157	-0.037691	0.016292	0.041059	0.912374	-0.407294	0.000487	0.407619	0.913152
0.999215	-0.036528	0.015342	0.039610	0.912547	-0.407048	0.000869	0.407336	0.913278
0.999245	-0.035792	0.015134	0.038852	0.912388	-0.407479	0.000776	0.407759	0.913089
0.999255	-0.035550	0.015039	0.038592	0.911984	-0.408407	0.000804	0.408683	0.912676
0.999267	-0.035735	0.013755	0.038237	0.912173	-0.408017	0.002033	0.408244	0.912871
0.999265	-0.035781	0.013790	0.038294	0.912464	-0.407361	0.001993	0.407589	0.913163
0.999257	-0.035787	0.014314	0.038514	0.912583	-0.407074	0.001505	0.407322	0.913283
0.999258	-0.035673	0.014504	0.038488	0.912860	-0.406454	0.001259	0.406711	0.913556
0.999258	-0.035559	0.014804	0.038506	0.912796	-0.406597	0.000945	0.406866	0.913488
0.999241	-0.035875	0.015161	0.038940	0.912564	-0.407075	0.000769	0.407356	0.913269
0.999238	-0.036121	0.014788	0.039012	0.912448	-0.407330	0.001219	0.407596	0.913161
0.999241	-0.036340	0.014017	0.038898	0.912422	-0.407397	0.002015	0.407634	0.913143
0.999273	-0.035983	0.012585	0.037989	0.912564	-0.407165	0.003167	0.407347	0.913268
