0.942060	-0.335355	-0.007743	0.252757	0.724827	-0.640890	0.220538	0.601800	0.767594
0.942089	-0.335275	-0.007725	0.252710	0.724856	-0.640875	0.220469	0.601809	0.767606
0.942162	-0.335076	-0.007463	0.252730	0.724895	-0.640824	0.220134	0.601874	0.767652
0.942285	-0.334736	-0.007125	0.252668	0.724901	-0.640841	0.219678	0.602055	0.767640
0.942302	-0.334693	-0.006921	0.252641	0.724553	-0.641245	0.219635	0.602498	0.767305
0.942200	-0.334981	-0.006796	0.252875	0.724275	-0.641467	0.219801	0.602672	0.767121
0.942247	-0.334862	-0.006091	0.253280	0.724352	-0.641221	0.219133	0.602646	0.767332
0.942493	-0.334172	-0.005999	0.252947	0.724910	-0.640720	0.218460	0.602357	0.767751
0.942710	-0.333553	-0.006381	0.252250	0.725182	-0.640687	0.218331	0.602373	0.767775
0.942842	-0.333170	-0.006840	0.251554	0.725038	-0.641125	0.218563	0.602759	0.767406
0.942979	-0.332784	-0.006810	0.251262	0.725098	-0.641171	0.218309	0.602899	0.767368
0.943013	-0.332683	-0.007037	0.251136	0.725419	-0.640857	0.218307	0.602569	0.767628
0.943087	-0.332480	-0.006620	0.251356	0.725729	-0.640420	0.217731	0.602308	0.767996
0.943210	-0.332147	-0.005800	0.251769	0.726130	-0.639803	0.216720	0.602009	0.768517
0.943214	-0.332145	-0.005185	0.252306	0.726468	-0.639207	0.216076	0.601601	0.769017
0.943233	-0.332101	-0.004445	0.252884	0.726791	-0.638611	0.215314	0.601235	0.769517
0.943265	-0.332024	-0.003381	0.253644	0.727088	-0.637971	0.214280	0.600919	0.770053
0.943347	-0.331797	-0.002569	0.254047	0.727230	-0.637649	0.213438	0.600872	0.770322
0.943595	-0.331098	-0.001808	0.254039	0.727467	-0.637381	0.212351	0.600970	0.770546
0.943845	-0.330387	-0.001221	0.253956	0.727852	-0.636976	0.211337	0.600896	0.770883
0.943908	-0.330209	-0.000640	0.254317	0.728203	-0.636431	0.210621	0.600569	0.771334
0.943800	-0.330517	-0.000194	0.254897	0.728238	-0.636158	0.210402	0.600356	0.771559
0.943633	-0.330993	0.000288	0.255577	0.728073	-0.636075	0.210327	0.600295	0.771627
0.943484	-0.331416	0.000723	0.256223	0.728038	-0.635854	0.210206	0.600104	0.771809
0.943302	-0.331933	0.000901	0.256857	0.728222	-0.635388	0.210250	0.599594	0.772193
