0.960813	-0.277189	-0.001917	0.216146	0.753515	-0.620883	0.173547	0.596138	0.783901
0.960449	-0.278443	-0.002723	0.216773	0.753791	-0.620329	0.174779	0.595204	0.784337
0.959954	-0.280144	-0.002707	0.218211	0.753720	-0.619911	0.175705	0.594495	0.784667
0.959585	-0.281407	-0.002448	0.219387	0.753491	-0.619774	0.176253	0.594189	0.784776
0.959534	-0.281580	-0.002641	0.219369	0.753356	-0.619945	0.176554	0.594279	0.784640
0.959786	-0.280717	-0.003051	0.218439	0.753590	-0.619989	0.176341	0.594390	0.784605
0.960022	-0.279908	-0.003022	0.217862	0.753909	-0.619804	0.175767	0.594367	0.784751
0.960124	-0.279563	-0.002433	0.217971	0.753989	-0.619669	0.175071	0.594429	0.784859
0.960013	-0.279945	-0.002450	0.218217	0.753756	-0.619866	0.175375	0.594545	0.784704
0.959835	-0.280553	-0.002585	0.218542	0.753396	-0.620189	0.175943	0.594714	0.784448
0.959713	-0.280973	-0.002464	0.218936	0.753256	-0.620219	0.176121	0.594692	0.784425
0.959635	-0.281239	-0.002473	0.219108	0.753088	-0.620363	0.176333	0.594780	0.784311
0.959617	-0.281301	-0.002124	0.219291	0.752766	-0.620689	0.176199	0.595158	0.784054
0.959545	-0.281554	-0.001307	0.219920	0.752376	-0.620940	0.175811	0.595532	0.783857
0.959569	-0.281474	-0.000727	0.220200	0.752287	-0.620948	0.175327	0.595682	0.783851
0.959591	-0.281397	-0.000611	0.220218	0.752310	-0.620913	0.175183	0.595688	0.783879
0.959705	-0.281008	-0.000462	0.220036	0.752491	-0.620759	0.174786	0.595644	0.784001
0.959865	-0.280461	-0.000181	0.219819	0.752722	-0.620556	0.174178	0.595610	0.784162
0.959973	-0.280094	0.000166	0.219836	0.753082	-0.620113	0.173564	0.595328	0.784513
0.959915	-0.280288	0.000923	0.220587	0.753414	-0.619442	0.172927	0.594815	0.785042
0.959776	-0.280765	0.001407	0.221384	0.753683	-0.618830	0.172685	0.594250	0.785524
0.959784	-0.280734	0.001731	0.221560	0.753663	-0.618792	0.172412	0.594290	0.785553
0.959911	-0.280296	0.002336	0.221555	0.753584	-0.618890	0.171712	0.594597	0.785474
0.959927	-0.280235	0.002781	0.221832	0.753734	-0.618608	0.171259	0.594436	0.785695
0.959851	-0.280494	0.003062	0.222248	0.753780	-0.618403	0.171151	0.594255	0.785855
