0.998052	-0.062141	0.005534	0.059237	0.916096	-0.396559	0.019573	0.396114	0.917993
0.998038	-0.062295	0.006279	0.059663	0.915845	-0.397076	0.018985	0.396671	0.917764
0.998051	-0.062053	0.006639	0.059585	0.915872	-0.397025	0.018556	0.396647	0.917784
0.998079	-0.061560	0.007038	0.059292	0.915930	-0.396935	0.017989	0.396589	0.917820
0.998104	-0.061142	0.007089	0.058926	0.915891	-0.397078	0.017785	0.396743	0.917757
0.998114	-0.060974	0.007116	0.058783	0.915912	-0.397052	0.017693	0.396721	0.917769
0.998124	-0.060808	0.007127	0.058632	0.915842	-0.397235	0.017627	0.396908	0.917689
0.998127	-0.060798	0.006807	0.058496	0.915846	-0.397246	0.017918	0.396900	0.917687
0.998123	-0.060909	0.006314	0.058403	0.915882	-0.397177	0.018409	0.396801	0.917720
0.998114	-0.061131	0.005685	0.058359	0.915916	-0.397105	0.019069	0.396687	0.917756
0.998102	-0.061342	0.005477	0.058477	0.916061	-0.396753	0.019320	0.396320	0.917909
0.998114	-0.061181	0.005125	0.058197	0.916242	-0.396376	0.019555	0.395927	0.918074
0.998150	-0.060699	0.003481	0.057115	0.916524	-0.395882	0.020839	0.395348	0.918295
0.998178	-0.060309	0.001957	0.056165	0.916764	-0.395460	0.022056	0.394850	0.918481
0.998145	-0.060863	0.001824	0.056610	0.916535	-0.395929	0.022425	0.395297	0.918279
0.998104	-0.061509	0.002371	0.057412	0.916343	-0.396256	0.022201	0.395640	0.918137
0.998093	-0.061658	0.002804	0.057724	0.916400	-0.396080	0.021852	0.395486	0.918212
0.998099	-0.061570	0.002846	0.057670	0.916590	-0.395647	0.021751	0.395059	0.918398
0.998075	-0.061939	0.003205	0.058161	0.916760	-0.395181	0.021539	0.394607	0.918598
0.998047	-0.062341	0.003974	0.058857	0.917140	-0.394195	0.020930	0.393659	0.919018
0.998049	-0.062284	0.004268	0.058950	0.917692	-0.392894	0.020555	0.392379	0.919574
0.998071	-0.061960	0.003918	0.058530	0.918014	-0.392204	0.020704	0.391677	0.919870
0.998067	-0.062027	0.003792	0.058537	0.917912	-0.392442	0.020861	0.391905	0.919769
0.998011	-0.062873	0.004531	0.059591	0.917583	-0.393052	0.020554	0.392541	0.919505
0.997956	-0.063680	0.005444	0.060681	0.917301	-0.393545	0.020068	0.393070	0.919289
