0.984685	-0.133027	-0.112693	0.131244	0.991080	-0.023126	0.114764	0.007981	0.993361
0.984714	-0.132726	-0.112790	0.130958	0.991122	-0.022970	0.114838	0.007848	0.993353
0.984809	-0.132146	-0.112647	0.130395	0.991200	-0.022797	0.114668	0.007763	0.993374
0.984897	-0.131749	-0.112339	0.130003	0.991252	-0.022757	0.114355	0.007808	0.993409
0.984902	-0.131784	-0.112258	0.130037	0.991247	-0.022777	0.114277	0.007835	0.993418
0.984896	-0.131830	-0.112254	0.130106	0.991243	-0.022583	0.114248	0.007637	0.993423
0.984948	-0.131724	-0.111920	0.130068	0.991261	-0.022007	0.113840	0.007118	0.993474
0.984855	-0.131450	-0.113052	0.129779	0.991298	-0.022048	0.114967	0.007042	0.993344
0.984748	-0.132247	-0.113062	0.130525	0.991189	-0.022535	0.115046	0.007434	0.993332
0.984724	-0.132180	-0.113348	0.130458	0.991198	-0.022509	0.115325	0.007378	0.993300
0.984815	-0.131824	-0.112970	0.130122	0.991246	-0.022341	0.114926	0.007301	0.993347
0.984874	-0.131729	-0.112566	0.130016	0.991258	-0.022455	0.114540	0.007480	0.993391
0.984950	-0.131562	-0.112091	0.129863	0.991280	-0.022353	0.114054	0.007460	0.993447
0.984954	-0.131384	-0.112265	0.129715	0.991306	-0.022073	0.114189	0.007179	0.993433
0.984959	-0.131604	-0.111964	0.129931	0.991276	-0.022145	0.113902	0.007264	0.993465
0.984947	-0.131786	-0.111857	0.130091	0.991250	-0.022357	0.113824	0.007469	0.993473
0.984928	-0.131598	-0.112243	0.129876	0.991274	-0.022550	0.114231	0.007632	0.993425
0.984871	-0.131550	-0.112796	0.129857	0.991283	-0.022257	0.114741	0.007273	0.993369
0.984855	-0.131744	-0.112710	0.130063	0.991258	-0.022175	0.114646	0.007180	0.993380
0.984872	-0.132076	-0.112176	0.130402	0.991214	-0.022160	0.114117	0.007197	0.993441
0.984881	-0.132099	-0.112071	0.130390	0.991208	-0.022476	0.114055	0.007523	0.993446
0.984864	-0.131952	-0.112387	0.130233	0.991227	-0.022541	0.114376	0.007563	0.993409
0.984895	-0.131432	-0.112729	0.129742	0.991298	-0.022233	0.114670	0.007271	0.993377
0.984983	-0.130898	-0.112581	0.129248	0.991371	-0.021867	0.114472	0.006988	0.993402
0.984993	-0.130328	-0.113149	0.128645	0.991445	-0.022076	0.115058	0.007189	0.993333
