0.976422	-0.193383	-0.095938	0.191295	0.981056	-0.030588	0.100035	0.011515	0.994917
0.976365	-0.193628	-0.096023	0.191558	0.981010	-0.030408	0.100088	0.011295	0.994915
0.976218	-0.194114	-0.096532	0.192042	0.980916	-0.030396	0.100590	0.011135	0.994866
0.976195	-0.194025	-0.096941	0.191982	0.980938	-0.030068	0.100927	0.010742	0.994836
0.976186	-0.193673	-0.097732	0.191646	0.981011	-0.029811	0.101650	0.010371	0.994766
0.976249	-0.192912	-0.098606	0.190843	0.981159	-0.030087	0.102552	0.010555	0.994672
0.976420	-0.191528	-0.099607	0.189407	0.981427	-0.030423	0.103584	0.010839	0.994562
0.976476	-0.191180	-0.099721	0.189051	0.981495	-0.030468	0.103700	0.010899	0.994549
0.976456	-0.191420	-0.099454	0.189335	0.981451	-0.030085	0.103368	0.010547	0.994587
0.976427	-0.191735	-0.099140	0.189689	0.981393	-0.029756	0.103001	0.010249	0.994628
0.976442	-0.192089	-0.098296	0.190035	0.981321	-0.029932	0.102210	0.010547	0.994707
0.976519	-0.192354	-0.097005	0.190311	0.981266	-0.029980	0.100955	0.010815	0.994832
0.976479	-0.192329	-0.097459	0.190277	0.981271	-0.030017	0.101407	0.010767	0.994787
0.976347	-0.193091	-0.097276	0.191016	0.981119	-0.030293	0.101289	0.010995	0.994796
0.976334	-0.193094	-0.097399	0.191017	0.981119	-0.030312	0.101413	0.010990	0.994784
0.976424	-0.192749	-0.097176	0.190703	0.981189	-0.030007	0.101132	0.010768	0.994815
0.976412	-0.192814	-0.097168	0.190740	0.981173	-0.030291	0.101179	0.011042	0.994807
0.976409	-0.192821	-0.097183	0.190762	0.981173	-0.030143	0.101166	0.010893	0.994810
0.976334	-0.193083	-0.097423	0.191069	0.981128	-0.029687	0.101317	0.010370	0.994800
0.976329	-0.193299	-0.097039	0.191277	0.981083	-0.029810	0.100966	0.010543	0.994834
0.976373	-0.193084	-0.097030	0.191016	0.981120	-0.030257	0.101040	0.011007	0.994821
0.976344	-0.193342	-0.096807	0.191259	0.981068	-0.030434	0.100859	0.011199	0.994838
0.976268	-0.193770	-0.096716	0.191696	0.980984	-0.030378	0.100763	0.011116	0.994848
0.976260	-0.193930	-0.096479	0.191890	0.980955	-0.030088	0.100476	0.010861	0.994880
