0.970182	-0.228372	-0.081198	0.226196	0.973446	-0.035186	0.087077	0.015770	0.996077
0.970152	-0.228430	-0.081396	0.226271	0.973437	-0.034948	0.087217	0.015488	0.996069
0.970188	-0.228360	-0.081163	0.226233	0.973458	-0.034624	0.086916	0.015230	0.996099
0.970272	-0.228027	-0.081094	0.225938	0.973541	-0.034193	0.086745	0.014854	0.996120
0.970282	-0.227972	-0.081127	0.225919	0.973561	-0.033763	0.086679	0.014431	0.996132
0.970214	-0.228324	-0.080951	0.226287	0.973480	-0.033627	0.086482	0.014307	0.996151
0.970206	-0.228417	-0.080779	0.226351	0.973453	-0.033989	0.086398	0.014692	0.996152
0.970166	-0.228530	-0.080943	0.226446	0.973424	-0.034181	0.086603	0.014832	0.996132
0.969955	-0.229358	-0.081128	0.227275	0.973231	-0.034165	0.086792	0.014701	0.996118
0.969758	-0.230077	-0.081448	0.227999	0.973065	-0.034083	0.087095	0.014482	0.996095
0.969728	-0.230232	-0.081367	0.228160	0.973028	-0.034039	0.087010	0.014444	0.996103
0.969833	-0.229908	-0.081032	0.227839	0.973104	-0.034043	0.086680	0.014554	0.996130
0.969981	-0.229354	-0.080827	0.227286	0.973233	-0.034040	0.086471	0.014647	0.996147
0.970072	-0.229051	-0.080600	0.227016	0.973308	-0.033687	0.086165	0.014381	0.996177
0.970068	-0.229378	-0.079716	0.227433	0.973241	-0.032801	0.085107	0.013689	0.996278
0.970033	-0.229521	-0.079723	0.227553	0.973204	-0.033072	0.085178	0.013940	0.996268
0.969751	-0.230984	-0.078930	0.228976	0.972848	-0.033729	0.084578	0.014636	0.996309
0.969730	-0.230836	-0.079612	0.228792	0.972880	-0.034026	0.085307	0.014781	0.996245
0.969819	-0.230342	-0.079958	0.228294	0.972999	-0.033995	0.085630	0.014715	0.996218
0.969906	-0.229872	-0.080252	0.227800	0.973107	-0.034212	0.085958	0.014901	0.996187
0.970081	-0.229052	-0.080492	0.226959	0.973297	-0.034374	0.086217	0.015077	0.996162
0.970086	-0.228876	-0.080926	0.226782	0.973341	-0.034298	0.086618	0.014919	0.996130
0.970035	-0.229100	-0.080901	0.226993	0.973286	-0.034473	0.086638	0.015076	0.996126
0.970130	-0.228590	-0.081210	0.226453	0.973402	-0.034737	0.086991	0.015309	0.996091
