0.996441	-0.013541	-0.083200	0.012395	0.999821	-0.014279	0.083378	0.013197	0.996431
0.996515	-0.013399	-0.082331	0.012199	0.999812	-0.015060	0.082518	0.014003	0.996491
0.996518	-0.012947	-0.082366	0.011692	0.999808	-0.015703	0.082553	0.014685	0.996478
0.996527	-0.013260	-0.082211	0.011969	0.999797	-0.016182	0.082409	0.015141	0.996484
0.996513	-0.013333	-0.082365	0.012028	0.999794	-0.016324	0.082566	0.015276	0.996468
0.996553	-0.013074	-0.081918	0.011806	0.999803	-0.015943	0.082110	0.014921	0.996512
0.996527	-0.012911	-0.082258	0.011667	0.999810	-0.015593	0.082444	0.014579	0.996489
0.996530	-0.012857	-0.082237	0.011648	0.999817	-0.015161	0.082417	0.014151	0.996498
0.996544	-0.012387	-0.082140	0.011223	0.999830	-0.014624	0.082307	0.013652	0.996513
0.996628	-0.011719	-0.081214	0.010574	0.999839	-0.014516	0.081371	0.013608	0.996591
0.996600	-0.012270	-0.081468	0.011080	0.999825	-0.015046	0.081639	0.014093	0.996562
0.996576	-0.014493	-0.081401	0.013273	0.999792	-0.015519	0.081608	0.014385	0.996561
0.996580	-0.015786	-0.081111	0.014578	0.999774	-0.015464	0.081336	0.014228	0.996585
0.996584	-0.015708	-0.081079	0.014499	0.999775	-0.015477	0.081304	0.014249	0.996587
0.996592	-0.015321	-0.081048	0.014105	0.999780	-0.015552	0.081268	0.014356	0.996589
0.996645	-0.014965	-0.080468	0.013819	0.999795	-0.014778	0.080673	0.013617	0.996648
0.996705	-0.014478	-0.079803	0.013379	0.999808	-0.014282	0.079995	0.013167	0.996708
0.996783	-0.014156	-0.078891	0.013024	0.999805	-0.014840	0.079086	0.013764	0.996773
0.996790	-0.013244	-0.078959	0.012111	0.999817	-0.014806	0.079141	0.013802	0.996768
0.996797	-0.012874	-0.078934	0.011758	0.999825	-0.014584	0.079108	0.013610	0.996773
0.996769	-0.013153	-0.079235	0.011984	0.999813	-0.015208	0.079420	0.014210	0.996740
0.996698	-0.013118	-0.080126	0.011905	0.999807	-0.015602	0.080316	0.014596	0.996663
0.996547	-0.012650	-0.082059	0.011426	0.999817	-0.015375	0.082239	0.014384	0.996509
0.996351	-0.012045	-0.084494	0.010804	0.999827	-0.015133	0.084661	0.014164	0.996309
