0.993450	-0.063506	-0.095000	0.061908	0.997888	-0.019680	0.096049	0.013670	0.995283
0.993447	-0.063553	-0.094991	0.061974	0.997888	-0.019486	0.096029	0.013471	0.995287
0.993483	-0.063248	-0.094823	0.061687	0.997909	-0.019308	0.095846	0.013333	0.995307
0.993516	-0.063090	-0.094581	0.061537	0.997919	-0.019243	0.095598	0.013298	0.995331
0.993521	-0.063158	-0.094479	0.061595	0.997913	-0.019368	0.095505	0.013424	0.995338
0.993592	-0.063479	-0.093517	0.061941	0.997894	-0.019259	0.094543	0.013343	0.995431
0.993507	-0.063510	-0.094397	0.061967	0.997894	-0.019184	0.095416	0.013210	0.995350
0.993488	-0.064247	-0.094097	0.062664	0.997841	-0.019680	0.095158	0.013655	0.995369
0.993493	-0.064314	-0.093994	0.062722	0.997835	-0.019805	0.095064	0.013780	0.995376
0.993549	-0.064189	-0.093488	0.062616	0.997844	-0.019673	0.094549	0.013692	0.995426
0.993555	-0.064519	-0.093202	0.062934	0.997820	-0.019843	0.094279	0.013849	0.995449
0.993561	-0.064683	-0.093024	0.063134	0.997815	-0.019501	0.094083	0.013502	0.995473
0.993518	-0.066011	-0.092542	0.064544	0.997738	-0.018762	0.093571	0.012668	0.995532
0.993448	-0.066382	-0.093025	0.064931	0.997717	-0.018551	0.094044	0.012389	0.995491
0.993422	-0.066302	-0.093365	0.064740	0.997708	-0.019664	0.094455	0.013490	0.995438
0.993466	-0.066696	-0.092608	0.065135	0.997680	-0.019779	0.093713	0.013617	0.995506
0.993510	-0.066026	-0.092624	0.064505	0.997730	-0.019319	0.093690	0.013219	0.995514
0.993615	-0.064761	-0.092385	0.063262	0.997815	-0.019061	0.093417	0.013095	0.995541
0.993744	-0.063744	-0.091704	0.062258	0.997880	-0.018974	0.092719	0.013146	0.995606
0.993840	-0.063113	-0.091102	0.061640	0.997920	-0.018895	0.092105	0.013163	0.995662
0.993849	-0.062432	-0.091470	0.060950	0.997962	-0.018911	0.092464	0.013219	0.995628
0.993795	-0.062851	-0.091772	0.061341	0.997932	-0.019188	0.092788	0.013440	0.995595
0.993726	-0.063060	-0.092373	0.061537	0.997919	-0.019238	0.093394	0.013433	0.995539
0.993669	-0.062831	-0.093135	0.061332	0.997939	-0.018870	0.094129	0.013039	0.995475
0.993596	-0.063193	-0.093670	0.061688	0.997917	-0.018885	0.094669	0.012986	0.995424
