0.971059	-0.232375	-0.055200	0.232004	0.972626	-0.013130	0.056740	-0.000057	0.998389
0.971054	-0.232253	-0.055795	0.231932	0.972655	-0.012256	0.057116	-0.001039	0.998367
0.971060	-0.232170	-0.056037	0.231873	0.972674	-0.011832	0.057253	-0.001504	0.998359
0.971122	-0.231945	-0.055889	0.231691	0.972727	-0.011074	0.056933	-0.002195	0.998376
0.971264	-0.231215	-0.056448	0.230993	0.972899	-0.010505	0.057347	-0.002836	0.998350
0.971171	-0.231500	-0.056880	0.231281	0.972830	-0.010484	0.057761	-0.002974	0.998326
0.971097	-0.231868	-0.056636	0.231635	0.972744	-0.010737	0.057582	-0.002693	0.998337
0.971194	-0.231572	-0.056188	0.231328	0.972815	-0.010906	0.057186	-0.002406	0.998361
0.971239	-0.231388	-0.056163	0.231120	0.972860	-0.011311	0.057256	-0.001995	0.998358
0.971224	-0.231436	-0.056219	0.231174	0.972848	-0.011199	0.057284	-0.002119	0.998356
0.971282	-0.231045	-0.056819	0.230806	0.972940	-0.010827	0.057783	-0.002598	0.998326
0.971317	-0.230892	-0.056845	0.230655	0.972976	-0.010789	0.057800	-0.002633	0.998325
0.971272	-0.231179	-0.056452	0.230927	0.972908	-0.011033	0.057474	-0.002321	0.998344
0.971266	-0.231262	-0.056211	0.230985	0.972890	-0.011456	0.057336	-0.001857	0.998353
0.971282	-0.231285	-0.055854	0.231001	0.972885	-0.011576	0.057016	-0.001659	0.998372
0.971292	-0.231333	-0.055475	0.231063	0.972873	-0.011315	0.056588	-0.001828	0.998396
0.971261	-0.231418	-0.055653	0.231184	0.972851	-0.010697	0.056618	-0.002476	0.998393
0.971390	-0.230834	-0.055822	0.230566	0.972991	-0.011292	0.056921	-0.001901	0.998377
0.971449	-0.230642	-0.055599	0.230348	0.973038	-0.011739	0.056808	-0.001403	0.998384
0.971538	-0.230212	-0.055825	0.229911	0.973140	-0.011830	0.057049	-0.001342	0.998370
0.971730	-0.229330	-0.056102	0.229071	0.973346	-0.011095	0.057151	-0.002070	0.998363
0.971953	-0.228201	-0.056852	0.227964	0.973611	-0.010715	0.057797	-0.002546	0.998325
0.971867	-0.228602	-0.056703	0.228343	0.973517	-0.011089	0.057737	-0.002171	0.998329
0.971744	-0.229212	-0.056348	0.228947	0.973374	-0.011199	0.057415	-0.002018	0.998348
0.971690	-0.229333	-0.056789	0.229064	0.973346	-0.011286	0.057863	-0.002042	0.998322
