0.970269	-0.232952	-0.065655	0.232356	0.972488	-0.016680	0.067734	0.000929	0.997703
0.970382	-0.232658	-0.065030	0.232058	0.972558	-0.016743	0.067141	0.001156	0.997743
0.970458	-0.232492	-0.064483	0.231896	0.972598	-0.016681	0.066594	0.001235	0.997779
0.970534	-0.232193	-0.064428	0.231613	0.972669	-0.016435	0.066483	0.001028	0.997787
0.970495	-0.232396	-0.064277	0.231828	0.972621	-0.016257	0.066295	0.000876	0.997800
0.970469	-0.232507	-0.064267	0.231934	0.972594	-0.016344	0.066306	0.000955	0.997799
0.970501	-0.232204	-0.064876	0.231624	0.972667	-0.016436	0.066919	0.000924	0.997758
0.970483	-0.232182	-0.065232	0.231609	0.972672	-0.016317	0.067237	0.000727	0.997737
0.970540	-0.231754	-0.065888	0.231164	0.972774	-0.016554	0.067930	0.000835	0.997690
0.970695	-0.231134	-0.065796	0.230550	0.972922	-0.016440	0.067814	0.000789	0.997698
0.970765	-0.230973	-0.065321	0.230397	0.972960	-0.016316	0.067323	0.000789	0.997731
0.970693	-0.231395	-0.064898	0.230824	0.972860	-0.016269	0.066901	0.000812	0.997759
0.970641	-0.231777	-0.064312	0.231214	0.972769	-0.016165	0.066307	0.000820	0.997799
0.970555	-0.231840	-0.065371	0.231272	0.972754	-0.016224	0.067352	0.000628	0.997729
0.970343	-0.232755	-0.065267	0.232168	0.972535	-0.016541	0.067324	0.000898	0.997731
0.970322	-0.232795	-0.065431	0.232204	0.972525	-0.016599	0.067497	0.000913	0.997719
0.970392	-0.232488	-0.065484	0.231902	0.972599	-0.016521	0.067530	0.000846	0.997717
0.970422	-0.232394	-0.065372	0.231792	0.972621	-0.016744	0.067474	0.001096	0.997720
0.970539	-0.231976	-0.065131	0.231393	0.972721	-0.016452	0.067171	0.000897	0.997741
0.970630	-0.231581	-0.065175	0.231034	0.972816	-0.015908	0.067087	0.000383	0.997747
0.970642	-0.231609	-0.064890	0.231059	0.972809	-0.015965	0.066824	0.000503	0.997765
0.970658	-0.231588	-0.064731	0.231019	0.972814	-0.016238	0.066731	0.000808	0.997771
0.970559	-0.231936	-0.064967	0.231357	0.972731	-0.016395	0.066998	0.000881	0.997753
0.970410	-0.232524	-0.065091	0.231946	0.972590	-0.016409	0.067123	0.000826	0.997744
