0.993371	-0.061400	-0.097181	0.060704	0.998105	-0.010112	0.097617	0.004146	0.995215
0.993421	-0.060947	-0.096956	0.060279	0.998133	-0.009810	0.097373	0.003901	0.995240
0.993387	-0.061204	-0.097137	0.060499	0.998116	-0.010182	0.097577	0.004238	0.995219
0.993394	-0.061331	-0.096988	0.060581	0.998106	-0.010660	0.097459	0.004714	0.995228
0.993366	-0.061292	-0.097297	0.060602	0.998112	-0.010032	0.097728	0.004069	0.995205
0.993387	-0.061683	-0.096833	0.061037	0.998089	-0.009623	0.097242	0.003649	0.995254
0.993387	-0.061716	-0.096812	0.061060	0.998087	-0.009726	0.097227	0.003750	0.995255
0.993361	-0.062105	-0.096835	0.061458	0.998063	-0.009654	0.097247	0.003638	0.995254
0.993320	-0.062340	-0.097107	0.061688	0.998048	-0.009707	0.097523	0.003651	0.995227
0.993319	-0.061360	-0.097732	0.060706	0.998109	-0.009652	0.098139	0.003655	0.995166
0.993366	-0.060482	-0.097808	0.059832	0.998163	-0.009567	0.098207	0.003652	0.995159
0.993401	-0.060277	-0.097574	0.059614	0.998174	-0.009696	0.097980	0.003815	0.995181
0.993418	-0.059632	-0.097797	0.058969	0.998213	-0.009653	0.098198	0.003823	0.995160
0.993448	-0.059186	-0.097762	0.058557	0.998241	-0.009293	0.098140	0.003507	0.995166
0.993371	-0.059700	-0.098232	0.059073	0.998211	-0.009273	0.098610	0.003409	0.995120
0.993316	-0.060427	-0.098347	0.059791	0.998167	-0.009404	0.098735	0.003461	0.995108
0.993329	-0.060318	-0.098279	0.059698	0.998174	-0.009234	0.098656	0.003306	0.995116
0.993346	-0.060497	-0.098003	0.059867	0.998163	-0.009361	0.098389	0.003431	0.995142
0.993336	-0.060722	-0.097961	0.060083	0.998149	-0.009462	0.098354	0.003513	0.995145
0.993316	-0.060670	-0.098198	0.060071	0.998153	-0.009050	0.098565	0.003091	0.995126
0.993327	-0.060674	-0.098079	0.060091	0.998153	-0.008892	0.098437	0.002939	0.995139
0.993355	-0.060515	-0.097896	0.059930	0.998163	-0.008906	0.098255	0.002980	0.995157
0.993351	-0.060433	-0.097985	0.059830	0.998167	-0.009077	0.098354	0.003154	0.995147
0.993355	-0.060614	-0.097834	0.060000	0.998156	-0.009213	0.098212	0.003282	0.995160
0.993380	-0.060675	-0.097543	0.060044	0.998152	-0.009397	0.097933	0.003478	0.995187
