0.984307	-0.148985	-0.094572	0.147953	0.988833	-0.017874	0.096179	0.003602	0.995358
0.984312	-0.148867	-0.094704	0.147901	0.988853	-0.017175	0.096205	0.002898	0.995357
0.984271	-0.148950	-0.094996	0.148057	0.988843	-0.016421	0.096382	0.002098	0.995342
0.984265	-0.148946	-0.095070	0.148119	0.988844	-0.015729	0.096352	0.001400	0.995346
0.984255	-0.148889	-0.095259	0.148095	0.988853	-0.015395	0.096490	0.001045	0.995333
0.984243	-0.149073	-0.095092	0.148267	0.988826	-0.015523	0.096344	0.001180	0.995347
0.984274	-0.149181	-0.094607	0.148388	0.988809	-0.015402	0.095846	0.001121	0.995396
0.984222	-0.148883	-0.095607	0.148055	0.988854	-0.015738	0.096885	0.001334	0.995295
0.984106	-0.149662	-0.095586	0.148762	0.988735	-0.016513	0.096981	0.002031	0.995284
0.984059	-0.149803	-0.095849	0.148860	0.988713	-0.016965	0.097309	0.002426	0.995251
0.984056	-0.150111	-0.095400	0.149188	0.988667	-0.016774	0.096837	0.002274	0.995298
0.983980	-0.151062	-0.094678	0.150147	0.988522	-0.016758	0.096122	0.002274	0.995367
0.983986	-0.151486	-0.093935	0.150610	0.988457	-0.016395	0.095334	0.001985	0.995443
0.983974	-0.151282	-0.094390	0.150437	0.988489	-0.016050	0.095731	0.001593	0.995406
0.983944	-0.151871	-0.093747	0.150998	0.988398	-0.016372	0.095146	0.001953	0.995461
0.983947	-0.152044	-0.093443	0.151148	0.988371	-0.016631	0.094885	0.002241	0.995486
0.983939	-0.152006	-0.093582	0.151104	0.988377	-0.016694	0.095032	0.002285	0.995472
0.983880	-0.152305	-0.093716	0.151372	0.988330	-0.017025	0.095215	0.002565	0.995453
0.983818	-0.152371	-0.094257	0.151381	0.988319	-0.017603	0.095838	0.003049	0.995392
0.983805	-0.152159	-0.094736	0.151104	0.988349	-0.018261	0.096411	0.003650	0.995335
0.983880	-0.151602	-0.094849	0.150510	0.988433	-0.018603	0.096572	0.004027	0.995318
0.984027	-0.150786	-0.094633	0.149704	0.988558	-0.018468	0.096335	0.004006	0.995341
0.984183	-0.149520	-0.095019	0.148442	0.988751	-0.018351	0.096694	0.003956	0.995306
0.984194	-0.149431	-0.095037	0.148330	0.988763	-0.018591	0.096747	0.004201	0.995300
0.984189	-0.149498	-0.094983	0.148378	0.988752	-0.018794	0.096724	0.004403	0.995302
