0.976489	-0.196479	-0.088681	0.194320	0.980402	-0.032438	0.093316	0.014443	0.995532
0.976522	-0.195751	-0.089927	0.193589	0.980552	-0.032251	0.094491	0.014085	0.995426
0.976358	-0.196430	-0.090221	0.194278	0.980420	-0.032132	0.094766	0.013845	0.995403
0.976290	-0.196540	-0.090717	0.194412	0.980404	-0.031818	0.095193	0.013427	0.995368
0.976318	-0.196342	-0.090851	0.194276	0.980453	-0.031134	0.095188	0.012747	0.995378
0.976286	-0.196328	-0.091215	0.194284	0.980460	-0.030860	0.095491	0.012407	0.995353
0.976311	-0.196260	-0.091100	0.194246	0.980477	-0.030558	0.095319	0.012138	0.995373
0.976318	-0.196193	-0.091163	0.194198	0.980493	-0.030358	0.095340	0.011935	0.995373
0.976378	-0.196054	-0.090822	0.194039	0.980517	-0.030590	0.095050	0.012245	0.995397
0.976449	-0.195727	-0.090767	0.193686	0.980578	-0.030866	0.095045	0.012559	0.995394
0.976427	-0.195901	-0.090626	0.193828	0.980539	-0.031219	0.094979	0.012917	0.995395
0.976389	-0.196138	-0.090519	0.194080	0.980493	-0.031084	0.094850	0.012782	0.995410
0.976443	-0.195952	-0.090342	0.193927	0.980534	-0.030757	0.094611	0.012513	0.995436
0.976527	-0.195657	-0.090078	0.193608	0.980588	-0.031031	0.094401	0.012863	0.995451
0.976608	-0.195527	-0.089481	0.193422	0.980603	-0.031705	0.093944	0.013655	0.995484
0.976697	-0.195453	-0.088668	0.193345	0.980614	-0.031851	0.093174	0.013966	0.995552
0.976706	-0.194925	-0.089726	0.192761	0.980715	-0.032265	0.094284	0.014218	0.995444
0.976613	-0.195547	-0.089375	0.193334	0.980582	-0.032872	0.094068	0.014824	0.995455
0.976661	-0.195237	-0.089529	0.193012	0.980643	-0.032954	0.094230	0.014905	0.995439
0.976752	-0.194875	-0.089328	0.192645	0.980713	-0.033028	0.094041	0.015052	0.995454
0.976745	-0.194829	-0.089504	0.192568	0.980718	-0.033324	0.094271	0.015314	0.995429
0.976811	-0.194526	-0.089443	0.192288	0.980781	-0.033075	0.094158	0.015109	0.995443
0.976787	-0.194559	-0.089632	0.192372	0.980784	-0.032505	0.094233	0.014507	0.995444
0.976754	-0.194859	-0.089338	0.192673	0.980723	-0.032551	0.093958	0.014581	0.995469
0.976796	-0.194685	-0.089259	0.192470	0.980752	-0.032868	0.093940	0.014926	0.995466
