0.986412	0.016359	-0.163472	-0.011626	0.999486	0.029868	0.163877	-0.027561	0.986096
0.986438	0.016025	-0.163352	-0.011324	0.999496	0.029670	0.163745	-0.027418	0.986122
0.986364	0.016086	-0.163793	-0.011329	0.999488	0.029932	0.164191	-0.027668	0.986040
0.986227	0.016436	-0.164580	-0.011580	0.999470	0.030422	0.164993	-0.028097	0.985895
0.986255	0.016327	-0.164419	-0.011475	0.999472	0.030411	0.164829	-0.028106	0.985922
0.986194	0.016472	-0.164774	-0.011632	0.999473	0.030296	0.165187	-0.027961	0.985866
0.986147	0.016549	-0.165046	-0.011768	0.999484	0.029903	0.165456	-0.027546	0.985832
0.986131	0.016361	-0.165159	-0.011601	0.999490	0.029744	0.165561	-0.027415	0.985818
0.986093	0.017107	-0.165309	-0.012300	0.999472	0.030057	0.165736	-0.027606	0.985784
0.986200	0.018298	-0.164543	-0.013548	0.999460	0.029943	0.165002	-0.027301	0.985915
0.986399	0.019893	-0.163159	-0.015636	0.999504	0.027336	0.163622	-0.024413	0.986221
0.986958	0.021244	-0.159570	-0.017529	0.999542	0.024652	0.160021	-0.021533	0.986879
0.987460	0.023620	-0.156095	-0.020186	0.999519	0.023551	0.156576	-0.020105	0.987461
0.987684	0.026425	-0.154217	-0.023081	0.999459	0.023434	0.154752	-0.019586	0.987759
0.987744	0.027949	-0.153562	-0.024625	0.999420	0.023505	0.154130	-0.019436	0.987859
0.987709	0.028146	-0.153747	-0.024655	0.999394	0.024566	0.154346	-0.020473	0.987805
0.987537	0.027408	-0.154983	-0.023687	0.999386	0.025806	0.155596	-0.021813	0.987580
0.987489	0.026292	-0.155481	-0.022480	0.999403	0.026224	0.156078	-0.022400	0.987491
0.987403	0.025602	-0.156139	-0.021800	0.999424	0.026013	0.156715	-0.022282	0.987393
0.987320	0.025100	-0.156743	-0.021299	0.999438	0.025884	0.157305	-0.022217	0.987300
0.987307	0.024452	-0.156929	-0.020629	0.999451	0.025944	0.157477	-0.022378	0.987269
0.987377	0.024189	-0.156527	-0.020309	0.999447	0.026337	0.157078	-0.022825	0.987322
0.987461	0.024576	-0.155941	-0.020686	0.999434	0.026521	0.156505	-0.022963	0.987410
0.987494	0.024874	-0.155684	-0.020930	0.999418	0.026924	0.156263	-0.023329	0.987440
0.987369	0.024183	-0.156584	-0.020267	0.999442	0.026555	0.157138	-0.023046	0.987308
