0.993824	-0.070737	-0.085495	0.069593	0.997442	-0.016292	0.086429	0.010241	0.996205
0.993855	-0.070801	-0.085082	0.069659	0.997437	-0.016315	0.086019	0.010288	0.996240
0.993833	-0.070906	-0.085257	0.069802	0.997435	-0.015869	0.086164	0.009820	0.996233
0.993812	-0.071184	-0.085270	0.070095	0.997417	-0.015705	0.086168	0.009631	0.996234
0.993779	-0.071193	-0.085646	0.070097	0.997416	-0.015738	0.086545	0.009637	0.996201
0.993727	-0.071465	-0.086021	0.070352	0.997395	-0.015904	0.086934	0.009753	0.996166
0.993713	-0.071574	-0.086088	0.070446	0.997386	-0.016073	0.087013	0.009908	0.996158
0.993744	-0.071210	-0.086029	0.070121	0.997416	-0.015623	0.086920	0.009493	0.996170
0.993783	-0.070776	-0.085948	0.069737	0.997452	-0.015038	0.086794	0.008950	0.996186
0.993832	-0.070453	-0.085640	0.069406	0.997473	-0.015146	0.086491	0.009108	0.996211
0.993890	-0.070234	-0.085148	0.069169	0.997486	-0.015401	0.086016	0.009417	0.996249
0.993911	-0.070236	-0.084904	0.069188	0.997487	-0.015231	0.085761	0.009264	0.996273
0.993869	-0.069986	-0.085591	0.068930	0.997505	-0.015232	0.086443	0.009239	0.996214
0.993774	-0.070606	-0.086186	0.069528	0.997460	-0.015460	0.087059	0.009372	0.996159
0.993742	-0.071134	-0.086126	0.070042	0.997421	-0.015647	0.087016	0.009516	0.996161
0.993761	-0.070864	-0.086119	0.069769	0.997440	-0.015662	0.087009	0.009556	0.996162
0.993807	-0.070901	-0.085560	0.069772	0.997433	-0.016118	0.086483	0.010049	0.996203
0.993846	-0.071068	-0.084962	0.069931	0.997419	-0.016289	0.085901	0.010247	0.996251
0.993810	-0.071158	-0.085309	0.070023	0.997413	-0.016229	0.086243	0.010155	0.996222
0.993787	-0.071848	-0.085003	0.070726	0.997365	-0.016141	0.085938	0.010029	0.996250
0.993723	-0.072864	-0.084886	0.071778	0.997296	-0.015785	0.085807	0.009593	0.996266
0.993667	-0.073341	-0.085127	0.072266	0.997263	-0.015641	0.086041	0.009390	0.996247
0.993669	-0.073903	-0.084614	0.072833	0.997221	-0.015668	0.085537	0.009406	0.996291
0.993732	-0.073152	-0.084528	0.072178	0.997286	-0.014518	0.085361	0.008326	0.996315
0.993803	-0.071769	-0.084879	0.070840	0.997391	-0.013900	0.085655	0.007801	0.996294
