0.976425	-0.194944	-0.092684	0.192113	0.980612	-0.038623	0.098416	0.019907	0.994946
0.976306	-0.195382	-0.093014	0.192539	0.980526	-0.038705	0.098765	0.019879	0.994912
0.976219	-0.195772	-0.093112	0.192919	0.980447	-0.038796	0.098887	0.019910	0.994899
0.976236	-0.195569	-0.093356	0.192763	0.980499	-0.038278	0.099022	0.019373	0.994897
0.976243	-0.195467	-0.093505	0.192679	0.980523	-0.038060	0.099123	0.019140	0.994891
0.976327	-0.195335	-0.092897	0.192576	0.980551	-0.037878	0.098489	0.019092	0.994955
0.976375	-0.195049	-0.092994	0.192339	0.980617	-0.037353	0.098477	0.018584	0.994966
0.976351	-0.195316	-0.092679	0.192627	0.980566	-0.037217	0.098146	0.018484	0.995000
0.976337	-0.195424	-0.092600	0.192721	0.980542	-0.037370	0.098101	0.018640	0.995002
0.976279	-0.195695	-0.092637	0.192987	0.980487	-0.037436	0.098156	0.018671	0.994996
0.976211	-0.195867	-0.093000	0.193157	0.980455	-0.037387	0.098505	0.018534	0.994964
0.976229	-0.195761	-0.093025	0.193074	0.980481	-0.037151	0.098482	0.018307	0.994970
0.976342	-0.195252	-0.092918	0.192567	0.980582	-0.037118	0.098361	0.018347	0.994982
0.976470	-0.194766	-0.092587	0.192075	0.980674	-0.037231	0.098049	0.018571	0.995008
0.976630	-0.194396	-0.091679	0.191752	0.980749	-0.036899	0.097087	0.018457	0.995105
0.976617	-0.194036	-0.092566	0.191369	0.980822	-0.036956	0.097962	0.018378	0.995020
0.976508	-0.194816	-0.092084	0.192114	0.980658	-0.037440	0.097597	0.018870	0.995047
0.976530	-0.194626	-0.092246	0.191917	0.980696	-0.037464	0.097756	0.018881	0.995031
0.976486	-0.194990	-0.091942	0.192257	0.980617	-0.037794	0.097529	0.019228	0.995047
0.976430	-0.195246	-0.092000	0.192469	0.980558	-0.038237	0.097677	0.019629	0.995025
0.976404	-0.195270	-0.092226	0.192521	0.980561	-0.037897	0.097833	0.019247	0.995017
0.976395	-0.195352	-0.092142	0.192623	0.980548	-0.037720	0.097719	0.019081	0.995031
0.976439	-0.195362	-0.091654	0.192617	0.980539	-0.037976	0.097289	0.019427	0.995067
0.976458	-0.195378	-0.091413	0.192610	0.980529	-0.038269	0.097110	0.019761	0.995077
0.976372	-0.196028	-0.090948	0.193279	0.980400	-0.038186	0.096651	0.019705	0.995123
