0.994276	0.000874	-0.106839	-0.001347	0.999990	-0.004358	0.106834	0.004477	0.994267
0.994330	0.001598	-0.106323	-0.002041	0.999990	-0.004061	0.106316	0.004255	0.994323
0.994359	0.002570	-0.106040	-0.002957	0.999990	-0.003492	0.106029	0.003786	0.994356
0.994365	0.002399	-0.105983	-0.002734	0.999992	-0.003016	0.105975	0.003289	0.994363
0.994387	0.002054	-0.105787	-0.002366	0.999993	-0.002830	0.105780	0.003065	0.994385
0.994354	0.002747	-0.106078	-0.003014	0.999993	-0.002352	0.106071	0.002659	0.994355
0.994346	0.002854	-0.106147	-0.003014	0.999995	-0.001348	0.106143	0.001660	0.994349
0.994320	0.002209	-0.106408	-0.002292	0.999997	-0.000654	0.106406	0.000894	0.994322
0.994238	0.001912	-0.107173	-0.001964	0.999998	-0.000383	0.107172	0.000592	0.994240
0.994227	0.001563	-0.107287	-0.001603	0.999999	-0.000288	0.107286	0.000458	0.994228
0.994217	0.001500	-0.107377	-0.001578	0.999999	-0.000648	0.107376	0.000814	0.994218
0.994159	0.001763	-0.107915	-0.001872	0.999998	-0.000911	0.107913	0.001108	0.994160
0.994075	0.002060	-0.108675	-0.002106	0.999998	-0.000311	0.108675	0.000538	0.994077
0.994018	0.002688	-0.109180	-0.002726	0.999996	-0.000199	0.109179	0.000496	0.994022
0.994048	0.003391	-0.108891	-0.003462	0.999994	-0.000461	0.108889	0.000835	0.994054
0.994090	0.004090	-0.108479	-0.004176	0.999991	-0.000569	0.108476	0.001018	0.994099
0.994161	0.005016	-0.107786	-0.005098	0.999987	-0.000483	0.107783	0.001030	0.994174
0.994149	0.005280	-0.107891	-0.005366	0.999985	-0.000501	0.107887	0.001077	0.994163
0.994220	0.005079	-0.107241	-0.005186	0.999986	-0.000722	0.107236	0.001274	0.994233
0.994192	0.005405	-0.107481	-0.005586	0.999983	-0.001384	0.107472	0.001976	0.994206
0.994140	0.005268	-0.107975	-0.005521	0.999983	-0.002046	0.107962	0.002630	0.994152
0.994135	0.004669	-0.108042	-0.004947	0.999985	-0.002305	0.108030	0.002826	0.994144
0.994061	0.004461	-0.108732	-0.004644	0.999988	-0.001423	0.108725	0.001919	0.994070
0.994032	0.004470	-0.108999	-0.004594	0.999989	-0.000888	0.108994	0.001383	0.994041
0.994013	0.004429	-0.109170	-0.004557	0.999989	-0.000926	0.109165	0.001418	0.994023
