0.991919	-0.012664	-0.126238	0.010483	0.999784	-0.017922	0.126438	0.016454	0.991838
0.992001	-0.012525	-0.125611	0.010352	0.999785	-0.017943	0.125808	0.016499	0.991917
0.992060	-0.012615	-0.125130	0.010423	0.999781	-0.018153	0.125332	0.016705	0.991974
0.992059	-0.012571	-0.125141	0.010355	0.999778	-0.018346	0.125344	0.016904	0.991969
0.992036	-0.012950	-0.125287	0.010705	0.999770	-0.018582	0.125499	0.017093	0.991947
0.992023	-0.013593	-0.125324	0.011323	0.999759	-0.018802	0.125550	0.017233	0.991938
0.991980	-0.013723	-0.125648	0.011463	0.999760	-0.018690	0.125874	0.017100	0.991899
0.991958	-0.013634	-0.125831	0.011446	0.999771	-0.018092	0.126049	0.016506	0.991887
0.991891	-0.012798	-0.126446	0.010668	0.999790	-0.017507	0.126644	0.016016	0.991819
0.991878	-0.011703	-0.126651	0.009568	0.999802	-0.017456	0.126830	0.016102	0.991794
0.991957	-0.011297	-0.126069	0.009154	0.999804	-0.017564	0.126242	0.016269	0.991866
0.992048	-0.011104	-0.125367	0.009071	0.999818	-0.016781	0.125531	0.015510	0.991969
0.992162	-0.011098	-0.124467	0.009187	0.999831	-0.015915	0.124622	0.014647	0.992096
0.992196	-0.011401	-0.124166	0.009534	0.999833	-0.015622	0.124323	0.014316	0.992139
0.992192	-0.012594	-0.124084	0.010644	0.999810	-0.016361	0.124266	0.014912	0.992137
0.992150	-0.013463	-0.124330	0.011456	0.999792	-0.016847	0.124531	0.015291	0.992098
0.992225	-0.013276	-0.123751	0.011373	0.999806	-0.016071	0.123940	0.014538	0.992183
0.992327	-0.012823	-0.122977	0.011052	0.999825	-0.015071	0.123149	0.013597	0.992295
0.992391	-0.012744	-0.122466	0.011036	0.999832	-0.014611	0.122631	0.013149	0.992365
0.992311	-0.012881	-0.123095	0.011169	0.999831	-0.014591	0.123262	0.013104	0.992288
0.992240	-0.013477	-0.123603	0.011785	0.999827	-0.014407	0.123776	0.012838	0.992227
0.992269	-0.014691	-0.123235	0.013043	0.999815	-0.014167	0.123421	0.012450	0.992276
0.992400	-0.016530	-0.121935	0.014977	0.999795	-0.013643	0.122135	0.011713	0.992444
0.992387	-0.017851	-0.121855	0.016411	0.999783	-0.012813	0.122057	0.010715	0.992465
