0.373688	-0.907995	0.189479	0.855259	0.416362	0.308503	-0.359011	0.046770	0.932161
0.374180	-0.907817	0.189360	0.855162	0.416769	0.308223	-0.358729	0.046602	0.932278
0.375181	-0.907514	0.188834	0.854982	0.417497	0.307738	-0.358114	0.045993	0.932544
0.375311	-0.907441	0.188923	0.854985	0.417642	0.307534	-0.357971	0.046106	0.932594
0.375425	-0.907331	0.189227	0.854922	0.417853	0.307421	-0.358002	0.046361	0.932569
0.375391	-0.907320	0.189345	0.854948	0.417860	0.307338	-0.357974	0.046508	0.932573
0.375358	-0.907280	0.189601	0.855079	0.417901	0.306919	-0.357696	0.046919	0.932659
0.374806	-0.907442	0.189919	0.855118	0.417516	0.307332	-0.358180	0.047213	0.932458
0.374416	-0.907637	0.189756	0.855188	0.417108	0.307692	-0.358422	0.047072	0.932372
0.374393	-0.907572	0.190113	0.855312	0.417192	0.307234	-0.358151	0.047580	0.932451
0.374376	-0.907541	0.190294	0.855220	0.417250	0.307410	-0.358388	0.047656	0.932356
0.373736	-0.907804	0.190296	0.855459	0.416656	0.307552	-0.358485	0.047847	0.932308
0.373709	-0.907857	0.190098	0.855558	0.416552	0.307416	-0.358275	0.047756	0.932394
0.373441	-0.907982	0.190027	0.855716	0.416270	0.307359	-0.358179	0.047829	0.932427
