0.980322	-0.065546	0.186207	0.004209	0.949993	0.312241	-0.197361	-0.305313	0.931575
0.980336	-0.065662	0.186089	0.004375	0.950017	0.312169	-0.197286	-0.305216	0.931623
0.980356	-0.065538	0.186029	0.004286	0.950036	0.312110	-0.197189	-0.305182	0.931655
0.980381	-0.065376	0.185954	0.004158	0.950044	0.312088	-0.197068	-0.305192	0.931677
0.980411	-0.065177	0.185866	0.003989	0.950040	0.312103	-0.196922	-0.305248	0.931690
0.980393	-0.065092	0.185988	0.003879	0.950056	0.312055	-0.197012	-0.305215	0.931681
0.980418	-0.065032	0.185878	0.003858	0.950060	0.312044	-0.196888	-0.305217	0.931707
0.980412	-0.064995	0.185923	0.003861	0.950143	0.311790	-0.196918	-0.304965	0.931783
0.980408	-0.064877	0.185988	0.003843	0.950325	0.311236	-0.196941	-0.304423	0.931955
0.980573	-0.065519	0.184891	0.004584	0.949965	0.312324	-0.196103	-0.305409	0.931810
0.980625	-0.064859	0.184844	0.003950	0.949953	0.312368	-0.195853	-0.305586	0.931804
0.980700	-0.064144	0.184696	0.003280	0.949917	0.312486	-0.195490	-0.305849	0.931794
0.980666	-0.064307	0.184823	0.003261	0.949703	0.313135	-0.195664	-0.306478	0.931551
0.980577	-0.064879	0.185093	0.003695	0.949648	0.313296	-0.196099	-0.306526	0.931443
0.980505	-0.065257	0.185342	0.003989	0.949657	0.313265	-0.196454	-0.306419	0.931404
0.980497	-0.065632	0.185254	0.004405	0.949696	0.313141	-0.196487	-0.306218	0.931463
0.980478	-0.066156	0.185163	0.004939	0.949687	0.313160	-0.196564	-0.306132	0.931475
0.980489	-0.066081	0.185135	0.004859	0.949664	0.313234	-0.196515	-0.306222	0.931456
0.980506	-0.065962	0.185084	0.004755	0.949656	0.313259	-0.196429	-0.306273	0.931457
0.980538	-0.065960	0.184915	0.004816	0.949671	0.313212	-0.196268	-0.306226	0.931506
0.980543	-0.065746	0.184968	0.004633	0.949735	0.313021	-0.196250	-0.306074	0.931560
