0.844753	-0.503184	0.182204	0.435966	0.844520	0.310997	-0.310364	-0.183281	0.932782
0.844889	-0.502946	0.182229	0.435757	0.844665	0.310898	-0.310287	-0.183267	0.932810
0.844936	-0.502908	0.182117	0.435693	0.844645	0.311042	-0.310250	-0.183463	0.932784
0.844916	-0.503071	0.181763	0.435732	0.844410	0.311623	-0.310251	-0.184096	0.932659
0.844828	-0.503227	0.181737	0.435921	0.844344	0.311539	-0.310224	-0.183974	0.932692
0.844920	-0.503016	0.181893	0.435818	0.844550	0.311122	-0.310117	-0.183601	0.932801
0.845150	-0.502632	0.181888	0.435504	0.844789	0.310915	-0.309933	-0.183556	0.932871
0.845166	-0.502589	0.181928	0.435377	0.844770	0.311145	-0.310065	-0.183762	0.932787
0.845101	-0.502713	0.181889	0.435524	0.844711	0.311098	-0.310037	-0.183693	0.932810
0.845153	-0.502686	0.181722	0.435546	0.844717	0.311051	-0.309865	-0.183737	0.932858
0.845162	-0.502718	0.181594	0.435673	0.844729	0.310840	-0.309663	-0.183595	0.932953
0.845209	-0.502675	0.181492	0.435630	0.844730	0.310898	-0.309592	-0.183711	0.932954
0.845180	-0.502702	0.181552	0.435566	0.844675	0.311139	-0.309762	-0.183891	0.932862
0.845180	-0.502702	0.181552	0.435566	0.844675	0.311139	-0.309762	-0.183891	0.932862
0.845189	-0.502734	0.181424	0.435693	0.844687	0.310928	-0.309560	-0.183748	0.932957
0.845214	-0.502690	0.181428	0.435694	0.844736	0.310793	-0.309491	-0.183639	0.933001
0.844348	-0.504365	0.180808	0.437372	0.843738	0.311145	-0.309486	-0.183634	0.933004
0.844421	-0.504311	0.180618	0.437330	0.843732	0.311222	-0.309346	-0.183813	0.933015
0.844463	-0.504192	0.180755	0.437204	0.843819	0.311162	-0.309411	-0.183738	0.933009
0.844286	-0.504301	0.181278	0.437204	0.843812	0.311181	-0.309893	-0.183470	0.932901
0.843575	-0.505124	0.182295	0.437921	0.843545	0.310898	-0.310816	-0.182435	0.932797
