0.976343	-0.117280	0.181658	0.056409	0.949184	0.309627	-0.208740	-0.292055	0.933344
0.976325	-0.117297	0.181745	0.056406	0.949195	0.309592	-0.208826	-0.292011	0.933339
0.976365	-0.117322	0.181512	0.056495	0.949180	0.309623	-0.208613	-0.292051	0.933374
0.976339	-0.117536	0.181516	0.056724	0.949199	0.309521	-0.208674	-0.291901	0.933407
0.976323	-0.117547	0.181595	0.056737	0.949237	0.309401	-0.208746	-0.291772	0.933431
0.976333	-0.117413	0.181627	0.056573	0.949211	0.309514	-0.208743	-0.291914	0.933388
0.976361	-0.117194	0.181615	0.056360	0.949218	0.309530	-0.208668	-0.291978	0.933385
0.976444	-0.116857	0.181387	0.056103	0.949236	0.309521	-0.208348	-0.292053	0.933432
0.976513	-0.116456	0.181274	0.055825	0.949365	0.309175	-0.208101	-0.291793	0.933569
0.976492	-0.116430	0.181404	0.055844	0.949486	0.308801	-0.208195	-0.291412	0.933667
0.976425	-0.116863	0.181485	0.056331	0.949590	0.308393	-0.208376	-0.290900	0.933786
0.976466	-0.117458	0.180882	0.056935	0.949325	0.309097	-0.208021	-0.291524	0.933671
0.976343	-0.117855	0.181283	0.057259	0.949392	0.308830	-0.208506	-0.291144	0.933681
0.976260	-0.117969	0.181661	0.057257	0.949394	0.308823	-0.208899	-0.291090	0.933610
0.976281	-0.117543	0.181820	0.056737	0.949343	0.309078	-0.208940	-0.291431	0.933495
0.976245	-0.117783	0.181862	0.056886	0.949228	0.309402	-0.209070	-0.291707	0.933379
0.976144	-0.118360	0.182028	0.057399	0.949200	0.309393	-0.209401	-0.291564	0.933350
0.976202	-0.118300	0.181752	0.057439	0.949219	0.309328	-0.209116	-0.291527	0.933425
0.976243	-0.118256	0.181563	0.057476	0.949249	0.309228	-0.208917	-0.291446	0.933495
0.976265	-0.118229	0.181461	0.057511	0.949291	0.309093	-0.208803	-0.291321	0.933559
0.976293	-0.118101	0.181397	0.057438	0.949343	0.308949	-0.208695	-0.291205	0.933620
0.976323	-0.118084	0.181245	0.057395	0.949239	0.309274	-0.208565	-0.291549	0.933542
0.976291	-0.118223	0.181324	0.057435	0.949135	0.309588	-0.208702	-0.291834	0.933422
