0.433154	-0.881595	0.187529	0.824196	0.471633	0.313470	-0.364799	0.018780	0.930897
0.433004	-0.881654	0.187599	0.824164	0.471522	0.313720	-0.365050	0.018771	0.930799
0.432811	-0.881737	0.187653	0.824141	0.471368	0.314012	-0.365330	0.018745	0.930689
0.432677	-0.881725	0.188021	0.824682	0.471348	0.312617	-0.364266	0.019795	0.931085
0.432600	-0.881790	0.187894	0.824536	0.471241	0.313164	-0.364689	0.019451	0.930926
0.432382	-0.881984	0.187486	0.824409	0.470905	0.314003	-0.365234	0.018796	0.930726
0.432190	-0.882052	0.187605	0.824439	0.470772	0.314126	-0.365395	0.018907	0.930661
0.432314	-0.881988	0.187621	0.824384	0.470893	0.314086	-0.365370	0.018888	0.930671
0.432438	-0.881931	0.187605	0.824304	0.471004	0.314131	-0.365404	0.018801	0.930659
0.432513	-0.881908	0.187538	0.824294	0.471049	0.314090	-0.365338	0.018738	0.930686
0.432563	-0.881859	0.187653	0.824276	0.471136	0.314007	-0.365320	0.018850	0.930691
0.432713	-0.881821	0.187486	0.824230	0.471215	0.314010	-0.365247	0.018656	0.930724
0.432548	-0.881895	0.187519	0.824345	0.471071	0.313922	-0.365181	0.018794	0.930747
0.432582	-0.881882	0.187500	0.824397	0.471092	0.313754	-0.365024	0.018850	0.930807
0.432814	-0.881811	0.187301	0.824280	0.471238	0.313843	-0.365013	0.018552	0.930817
0.432889	-0.881809	0.187136	0.824192	0.471251	0.314055	-0.365124	0.018285	0.930779
0.432956	-0.881812	0.186969	0.824190	0.471253	0.314056	-0.365048	0.018125	0.930812
0.433107	-0.881753	0.186899	0.824222	0.471364	0.313806	-0.364796	0.018135	0.930911
0.433389	-0.881625	0.186847	0.824113	0.471607	0.313727	-0.364708	0.018017	0.930948
0.433430	-0.881608	0.186831	0.824078	0.471640	0.313770	-0.364739	0.017966	0.930936
0.433146	-0.881771	0.186720	0.824056	0.471344	0.314270	-0.365124	0.017743	0.930790
