0.880138	-0.437225	0.184909	0.369035	0.875180	0.312847	-0.298613	-0.207110	0.931631
0.880058	-0.437365	0.184960	0.369184	0.875140	0.312783	-0.298666	-0.206983	0.931642
0.880064	-0.437419	0.184800	0.369228	0.875071	0.312925	-0.298592	-0.207161	0.931626
0.880103	-0.437357	0.184765	0.369122	0.875057	0.313087	-0.298611	-0.207348	0.931579
0.880059	-0.437441	0.184774	0.369145	0.874982	0.313271	-0.298712	-0.207489	0.931515
0.880056	-0.437414	0.184854	0.369123	0.875017	0.313200	-0.298748	-0.207399	0.931523
0.880194	-0.437097	0.184946	0.368887	0.875228	0.312889	-0.298633	-0.207178	0.931609
0.879878	-0.437837	0.184697	0.369424	0.874718	0.313680	-0.298898	-0.207769	0.931392
0.879899	-0.437760	0.184782	0.369422	0.874823	0.313387	-0.298840	-0.207486	0.931474
0.880240	-0.437121	0.184670	0.369118	0.875293	0.312433	-0.298211	-0.206851	0.931817
0.880305	-0.437037	0.184560	0.369054	0.875316	0.312444	-0.298098	-0.206933	0.931835
0.880081	-0.437434	0.184685	0.369417	0.875156	0.312462	-0.298310	-0.206766	0.931804
0.879767	-0.437929	0.185007	0.369842	0.874982	0.312447	-0.298707	-0.206457	0.931745
0.879573	-0.438292	0.185069	0.370288	0.874903	0.312141	-0.298727	-0.206022	0.931835
0.879604	-0.438138	0.185287	0.370159	0.875038	0.311916	-0.298796	-0.205777	0.931867
0.879806	-0.437627	0.185536	0.369605	0.875282	0.311888	-0.298887	-0.205826	0.931827
0.879827	-0.437512	0.185709	0.369330	0.875262	0.312268	-0.299165	-0.206154	0.931665
0.879839	-0.437506	0.185663	0.369184	0.875156	0.312739	-0.299309	-0.206616	0.931517
0.879810	-0.437655	0.185452	0.369334	0.875043	0.312877	-0.299210	-0.206779	0.931513
0.879887	-0.437564	0.185301	0.369416	0.875164	0.312441	-0.298881	-0.206460	0.931689
0.880031	-0.437268	0.185319	0.369223	0.875363	0.312114	-0.298699	-0.206246	0.931795
0.880073	-0.437228	0.185211	0.369159	0.875337	0.312261	-0.298651	-0.206440	0.931767
