0.946869	-0.266196	0.180496	0.201208	0.928109	0.313256	-0.250907	-0.260295	0.932358
0.946883	-0.265982	0.180738	0.200814	0.928046	0.313694	-0.251170	-0.260736	0.932164
0.946804	-0.266294	0.180692	0.201137	0.927982	0.313676	-0.251209	-0.260645	0.932179
0.946766	-0.266445	0.180671	0.201402	0.928065	0.313262	-0.251142	-0.260198	0.932322
0.946787	-0.266382	0.180652	0.201451	0.928186	0.312870	-0.251021	-0.259828	0.932458
0.946743	-0.266506	0.180697	0.201522	0.928122	0.313016	-0.251130	-0.259931	0.932400
0.946681	-0.266862	0.180497	0.201762	0.927866	0.313620	-0.251171	-0.260480	0.932236
0.946644	-0.266876	0.180670	0.201814	0.927961	0.313304	-0.251268	-0.260126	0.932308
0.946695	-0.266551	0.180882	0.201633	0.928245	0.312577	-0.251221	-0.259443	0.932511
0.946810	-0.266183	0.180825	0.201288	0.928321	0.312576	-0.251066	-0.259552	0.932523
0.947345	-0.264665	0.180248	0.199859	0.928506	0.312944	-0.250187	-0.260442	0.932511
0.947090	-0.265432	0.180460	0.200662	0.928469	0.312537	-0.250509	-0.259789	0.932606
0.946868	-0.265838	0.181026	0.201011	0.928526	0.312143	-0.251067	-0.259170	0.932629
0.946913	-0.265535	0.181237	0.200588	0.928532	0.312397	-0.251237	-0.259459	0.932503
0.946797	-0.265867	0.181359	0.200776	0.928360	0.312787	-0.251526	-0.259734	0.932348
0.946678	-0.266473	0.181088	0.201220	0.927984	0.313619	-0.251617	-0.260458	0.932121
0.946539	-0.266998	0.181040	0.201758	0.927880	0.313580	-0.251709	-0.260289	0.932144
