0.352058	-0.916278	0.191022	0.865253	0.396432	0.306886	-0.356920	0.057240	0.932380
0.352200	-0.916198	0.191144	0.865200	0.396605	0.306814	-0.356911	0.057318	0.932378
0.352315	-0.916112	0.191343	0.865061	0.396795	0.306958	-0.357132	0.057377	0.932290
0.352141	-0.916138	0.191542	0.864907	0.396734	0.307471	-0.357677	0.057392	0.932080
0.351930	-0.916240	0.191442	0.864857	0.396524	0.307883	-0.358006	0.057216	0.931965
0.352072	-0.916137	0.191671	0.864882	0.396721	0.307559	-0.357806	0.057490	0.932025
0.352758	-0.915803	0.192008	0.864574	0.397484	0.307440	-0.357874	0.057553	0.931994
0.353259	-0.915576	0.192169	0.864300	0.398020	0.307517	-0.358042	0.057458	0.931936
0.353497	-0.915444	0.192359	0.864173	0.398312	0.307495	-0.358113	0.057533	0.931904
0.353394	-0.915425	0.192642	0.864201	0.398312	0.307416	-0.358148	0.057842	0.931871
0.353489	-0.915454	0.192329	0.864232	0.398285	0.307365	-0.357980	0.057567	0.931953
0.353427	-0.915494	0.192250	0.864357	0.398184	0.307144	-0.357739	0.057619	0.932042
0.353383	-0.915508	0.192266	0.864390	0.398146	0.307099	-0.357702	0.057669	0.932053
0.353539	-0.915489	0.192068	0.864322	0.398227	0.307185	-0.357711	0.057407	0.932066
0.353661	-0.915481	0.191881	0.864203	0.398289	0.307440	-0.357879	0.057095	0.932021
0.353712	-0.915501	0.191691	0.864346	0.398248	0.307091	-0.357483	0.057066	0.932175
0.354001	-0.915404	0.191621	0.864309	0.398483	0.306889	-0.357285	0.056980	0.932256
0.353754	-0.915525	0.191497	0.864182	0.398246	0.307556	-0.357838	0.056689	0.932061
0.353482	-0.915653	0.191390	0.864309	0.397951	0.307579	-0.357799	0.056696	0.932076
0.353614	-0.915590	0.191446	0.864288	0.398089	0.307460	-0.357720	0.056742	0.932103
0.353561	-0.915636	0.191326	0.864301	0.398000	0.307538	-0.357740	0.056630	0.932102
