0.933992	-0.305847	0.184706	0.239044	0.919120	0.313171	-0.265549	-0.248346	0.931562
0.934050	-0.305739	0.184592	0.239037	0.919204	0.312929	-0.265353	-0.248167	0.931666
0.934152	-0.305441	0.184570	0.238795	0.919322	0.312768	-0.265212	-0.248098	0.931724
0.934310	-0.305084	0.184358	0.238494	0.919394	0.312786	-0.264924	-0.248271	0.931760
0.934298	-0.305193	0.184240	0.238683	0.919406	0.312607	-0.264796	-0.248093	0.931844
0.934238	-0.305460	0.184104	0.239102	0.919441	0.312183	-0.264632	-0.247634	0.932012
0.934152	-0.305752	0.184055	0.239482	0.919437	0.311904	-0.264593	-0.247288	0.932116
0.934015	-0.306095	0.184180	0.239784	0.919355	0.311914	-0.264802	-0.247169	0.932088
0.933918	-0.306342	0.184261	0.239922	0.919219	0.312207	-0.265018	-0.247368	0.931974
0.933663	-0.306989	0.184477	0.240329	0.918906	0.312817	-0.265548	-0.247731	0.931726
0.933469	-0.307227	0.185058	0.240452	0.918922	0.312675	-0.266116	-0.247375	0.931659
0.933387	-0.307276	0.185391	0.240311	0.918837	0.313031	-0.266531	-0.247628	0.931473
0.933288	-0.307450	0.185604	0.240302	0.918691	0.313466	-0.266888	-0.247953	0.931284
0.933140	-0.307860	0.185667	0.240651	0.918554	0.313602	-0.267091	-0.247953	0.931226
0.933048	-0.308169	0.185616	0.240974	0.918476	0.313581	-0.267120	-0.247857	0.931243
0.933117	-0.308072	0.185431	0.241048	0.918601	0.313157	-0.266812	-0.247515	0.931423
0.933093	-0.308091	0.185518	0.241028	0.918587	0.313216	-0.266913	-0.247544	0.931386
0.933111	-0.308010	0.185562	0.240863	0.918543	0.313471	-0.266999	-0.247809	0.931291
0.933091	-0.307984	0.185707	0.240720	0.918486	0.313748	-0.267199	-0.248052	0.931169
0.933128	-0.307934	0.185605	0.240679	0.918474	0.313813	-0.267107	-0.248156	0.931167
0.933142	-0.307933	0.185535	0.240798	0.918564	0.313460	-0.266950	-0.247826	0.931300
0.933170	-0.307818	0.185583	0.240747	0.918666	0.313199	-0.266897	-0.247590	0.931378
