0.649895	-0.736145	0.189014	0.670388	0.672406	0.313769	-0.358074	-0.077204	0.930496
0.649765	-0.736234	0.189119	0.670598	0.672351	0.313437	-0.357917	-0.076838	0.930587
0.649901	-0.736101	0.189168	0.670560	0.672514	0.313167	-0.357740	-0.076679	0.930668
0.650036	-0.735967	0.189222	0.670410	0.672655	0.313186	-0.357776	-0.076726	0.930650
0.650069	-0.735948	0.189185	0.670345	0.672661	0.313312	-0.357839	-0.076855	0.930615
0.650005	-0.735978	0.189286	0.670386	0.672643	0.313263	-0.357877	-0.076728	0.930611
0.650131	-0.735926	0.189056	0.670392	0.672686	0.313158	-0.357637	-0.076852	0.930693
0.649927	-0.736131	0.188962	0.670662	0.672478	0.313028	-0.357502	-0.076716	0.930756
0.649959	-0.736112	0.188925	0.670597	0.672484	0.313154	-0.357565	-0.076845	0.930721
0.649925	-0.736150	0.188896	0.670588	0.672431	0.313286	-0.357645	-0.076941	0.930683
0.649885	-0.736230	0.188721	0.670770	0.672352	0.313067	-0.357376	-0.076869	0.930792
0.650023	-0.736077	0.188840	0.670693	0.672540	0.312828	-0.357268	-0.076692	0.930848
0.649859	-0.736200	0.188926	0.670668	0.672389	0.313206	-0.357614	-0.076833	0.930703
0.649580	-0.736526	0.188616	0.670860	0.671989	0.313652	-0.357760	-0.077208	0.930616
0.649453	-0.736587	0.188813	0.671056	0.671974	0.313265	-0.357624	-0.076747	0.930707
0.649760	-0.736277	0.188967	0.670901	0.672346	0.312796	-0.357356	-0.076465	0.930833
0.650067	-0.735965	0.189125	0.670634	0.672696	0.312617	-0.357299	-0.076388	0.930861
0.650138	-0.735868	0.189259	0.670501	0.672803	0.312673	-0.357420	-0.076383	0.930815
0.650768	-0.735352	0.189097	0.669998	0.673325	0.312629	-0.357216	-0.076754	0.930863
0.650662	-0.735489	0.188930	0.670236	0.673187	0.312416	-0.356963	-0.076650	0.930968
