0.927312	-0.324101	0.187217	0.257209	0.915176	0.310317	-0.271911	-0.239607	0.932016
0.927394	-0.324059	0.186886	0.257332	0.915234	0.310043	-0.271517	-0.239440	0.932173
0.927500	-0.323841	0.186734	0.257218	0.915340	0.309825	-0.271260	-0.239331	0.932276
0.927681	-0.323408	0.186589	0.256909	0.915522	0.309545	-0.270936	-0.239222	0.932398
0.927824	-0.323068	0.186468	0.256606	0.915610	0.309535	-0.270732	-0.239345	0.932426
0.927853	-0.323276	0.185962	0.256872	0.915455	0.309772	-0.270382	-0.239654	0.932448
0.927931	-0.323123	0.185839	0.256862	0.915586	0.309393	-0.270124	-0.239360	0.932598
0.928112	-0.322655	0.185749	0.256390	0.915680	0.309505	-0.269950	-0.239631	0.932579
0.927942	-0.323070	0.185876	0.256600	0.915427	0.310082	-0.270334	-0.240042	0.932362
0.927774	-0.323630	0.185740	0.257104	0.915188	0.310370	-0.270432	-0.240199	0.932294
0.927661	-0.323778	0.186045	0.257228	0.915218	0.310177	-0.270700	-0.239883	0.932297
0.927758	-0.323470	0.186097	0.256905	0.915301	0.310199	-0.270675	-0.239981	0.932279
0.927815	-0.323296	0.186117	0.256732	0.915354	0.310186	-0.270645	-0.240013	0.932279
0.927839	-0.323277	0.186031	0.256752	0.915369	0.310127	-0.270544	-0.239984	0.932316
0.927795	-0.323377	0.186074	0.256898	0.915395	0.309929	-0.270555	-0.239748	0.932374
0.927865	-0.323325	0.185814	0.256938	0.915414	0.309838	-0.270275	-0.239745	0.932456
0.927879	-0.323325	0.185745	0.257058	0.915501	0.309482	-0.270113	-0.239415	0.932588
0.927937	-0.323194	0.185686	0.256851	0.915450	0.309804	-0.270113	-0.239785	0.932492
0.927987	-0.323042	0.185701	0.256601	0.915408	0.310136	-0.270179	-0.240151	0.932379
0.928023	-0.322920	0.185731	0.256413	0.915390	0.310344	-0.270233	-0.240382	0.932304
0.928118	-0.322604	0.185807	0.256286	0.915664	0.309639	-0.270028	-0.239762	0.932523
