0.555751	-0.810161	0.186496	0.748312	0.585220	0.312325	-0.362174	-0.034018	0.931489
0.555640	-0.810232	0.186516	0.748401	0.585126	0.312286	-0.362160	-0.033930	0.931498
0.555686	-0.810185	0.186586	0.748238	0.585183	0.312571	-0.362427	-0.034081	0.931389
0.555689	-0.810185	0.186575	0.748125	0.585172	0.312864	-0.362656	-0.034274	0.931293
0.555498	-0.810332	0.186503	0.748277	0.584969	0.312877	-0.362633	-0.034247	0.931303
0.555607	-0.810254	0.186521	0.748326	0.585088	0.312538	-0.362366	-0.034070	0.931413
0.555943	-0.810006	0.186594	0.748184	0.585436	0.312226	-0.362144	-0.033973	0.931503
0.556047	-0.809967	0.186451	0.748081	0.585475	0.312399	-0.362196	-0.034228	0.931473
0.555956	-0.810108	0.186113	0.748118	0.585257	0.312720	-0.362261	-0.034624	0.931433
0.555799	-0.810227	0.186063	0.748371	0.585106	0.312397	-0.361979	-0.034385	0.931552
0.555838	-0.810179	0.186155	0.748434	0.585186	0.312096	-0.361789	-0.034150	0.931634
0.555923	-0.810078	0.186343	0.748358	0.585336	0.311995	-0.361814	-0.033994	0.931630
0.555747	-0.810173	0.186453	0.748374	0.585205	0.312203	-0.362052	-0.033969	0.931539
0.555525	-0.810310	0.186520	0.748579	0.585031	0.312041	-0.361969	-0.033722	0.931580
0.555588	-0.810312	0.186323	0.748551	0.585015	0.312136	-0.361929	-0.033947	0.931587
0.555546	-0.810353	0.186269	0.748627	0.584960	0.312058	-0.361837	-0.033917	0.931624
0.555478	-0.810370	0.186397	0.748691	0.584947	0.311926	-0.361808	-0.033715	0.931643
0.555589	-0.810299	0.186376	0.748602	0.585041	0.311965	-0.361823	-0.033803	0.931634
0.555587	-0.810332	0.186243	0.748475	0.584975	0.312392	-0.362089	-0.034163	0.931517
0.555335	-0.810490	0.186304	0.748492	0.584750	0.312773	-0.362441	-0.034247	0.931377
0.555448	-0.810399	0.186364	0.748478	0.584884	0.312556	-0.362296	-0.034119	0.931438
0.555709	-0.810208	0.186415	0.748362	0.585152	0.312333	-0.362135	-0.034060	0.931503
0.555891	-0.810086	0.186401	0.748334	0.585324	0.312076	-0.361913	-0.033990	0.931592
0.555703	-0.810234	0.186319	0.748374	0.585110	0.312382	-0.362119	-0.034155	0.931506
