0.975693	-0.121441	0.182413	0.060118	0.948800	0.310103	-0.210733	-0.291599	0.933039
0.975681	-0.121442	0.182478	0.060164	0.948892	0.309813	-0.210776	-0.291300	0.933123
0.975641	-0.121501	0.182652	0.060232	0.948978	0.309536	-0.210941	-0.290995	0.933181
0.975645	-0.121559	0.182592	0.060315	0.948986	0.309497	-0.210900	-0.290946	0.933205
0.975619	-0.121752	0.182604	0.060456	0.948914	0.309688	-0.210981	-0.291098	0.933140
0.975624	-0.121943	0.182448	0.060658	0.948856	0.309826	-0.210898	-0.291207	0.933124
0.975619	-0.121837	0.182544	0.060612	0.948985	0.309442	-0.210933	-0.290833	0.933233
0.975636	-0.121756	0.182509	0.060547	0.948993	0.309430	-0.210875	-0.290841	0.933243
0.975668	-0.121803	0.182305	0.060571	0.948870	0.309801	-0.210719	-0.291221	0.933160
0.975591	-0.122188	0.182459	0.060944	0.948911	0.309602	-0.210967	-0.290926	0.933196
0.975540	-0.122296	0.182661	0.061020	0.948953	0.309459	-0.211182	-0.290744	0.933204
0.975564	-0.122178	0.182612	0.060914	0.948951	0.309485	-0.211102	-0.290798	0.933205
0.975581	-0.122098	0.182577	0.060849	0.948959	0.309473	-0.211044	-0.290807	0.933216
0.975603	-0.121624	0.182773	0.060367	0.949045	0.309305	-0.211079	-0.290726	0.933233
0.975764	-0.120679	0.182540	0.059479	0.949045	0.309478	-0.210586	-0.291120	0.933222
0.975766	-0.120673	0.182533	0.059495	0.949071	0.309393	-0.210573	-0.291035	0.933251
0.975653	-0.121160	0.182817	0.059914	0.949090	0.309255	-0.210979	-0.290772	0.933241
0.975655	-0.121224	0.182765	0.059981	0.949071	0.309301	-0.210951	-0.290809	0.933236
0.975667	-0.121293	0.182655	0.059986	0.948933	0.309722	-0.210895	-0.291229	0.933118
0.975695	-0.121282	0.182510	0.059927	0.948803	0.310132	-0.210779	-0.291657	0.933010
0.975736	-0.121015	0.182470	0.059705	0.948855	0.310016	-0.210654	-0.291599	0.933057
0.975740	-0.120711	0.182650	0.059428	0.948976	0.309698	-0.210714	-0.291330	0.933127
