0.958459	-0.218586	0.183239	0.152366	0.935452	0.318925	-0.241124	-0.277757	0.929898
0.958505	-0.218385	0.183239	0.152264	0.935591	0.318567	-0.241007	-0.277447	0.930021
0.958453	-0.218505	0.183366	0.152403	0.935646	0.318340	-0.241125	-0.277168	0.930074
0.958373	-0.219078	0.183102	0.152976	0.935470	0.318582	-0.241081	-0.277310	0.930043
0.958273	-0.219256	0.183411	0.153188	0.935604	0.318086	-0.241343	-0.276716	0.930152
0.958332	-0.218909	0.183520	0.152857	0.935710	0.317934	-0.241320	-0.276634	0.930182
0.958293	-0.218987	0.183629	0.152973	0.935784	0.317659	-0.241400	-0.276320	0.930254
0.958020	-0.220198	0.183605	0.154361	0.935815	0.316896	-0.241600	-0.275252	0.930519
0.957493	-0.222284	0.183841	0.156542	0.935727	0.316084	-0.242285	-0.273869	0.930749
0.956596	-0.225340	0.184785	0.159291	0.935305	0.315960	-0.244029	-0.272811	0.930604
0.956277	-0.226413	0.185128	0.159924	0.934788	0.317167	-0.244866	-0.273693	0.930125
0.956457	-0.225430	0.185396	0.159017	0.935111	0.316671	-0.244753	-0.273401	0.930241
0.957033	-0.223567	0.184677	0.157220	0.935179	0.317367	-0.243659	-0.274696	0.930146
0.957304	-0.222634	0.184398	0.156290	0.935206	0.317746	-0.243192	-0.275360	0.930072
0.957472	-0.222089	0.184186	0.155818	0.935284	0.317750	-0.242835	-0.275537	0.930113
0.957700	-0.221295	0.183955	0.155237	0.935546	0.317261	-0.242307	-0.275284	0.930326
0.957865	-0.220856	0.183623	0.154804	0.935488	0.317643	-0.241931	-0.275833	0.930261
0.957888	-0.220983	0.183352	0.154836	0.935259	0.318302	-0.241821	-0.276508	0.930089
0.957862	-0.220811	0.183694	0.154519	0.935247	0.318490	-0.242126	-0.276686	0.929957
