0.984063	-0.139310	-0.110511	0.136360	0.990081	-0.033855	0.114131	0.018246	0.993298
0.984016	-0.139438	-0.110766	0.136487	0.990064	-0.033828	0.114383	0.018169	0.993271
0.984027	-0.139233	-0.110930	0.136348	0.990104	-0.033219	0.114458	0.017564	0.993273
0.984082	-0.138981	-0.110754	0.136184	0.990151	-0.032465	0.114175	0.016865	0.993317
0.984134	-0.138677	-0.110678	0.135908	0.990198	-0.032214	0.114060	0.016661	0.993334
0.984221	-0.138589	-0.110009	0.135882	0.990215	-0.031774	0.113337	0.016325	0.993423
0.984150	-0.138139	-0.111201	0.135438	0.990284	-0.031526	0.114476	0.015966	0.993298
0.984051	-0.138726	-0.111351	0.136023	0.990203	-0.031551	0.114638	0.015902	0.993280
0.984076	-0.138470	-0.111450	0.135804	0.990244	-0.031203	0.114683	0.015571	0.993280
0.984200	-0.137887	-0.111078	0.135263	0.990329	-0.030853	0.114258	0.015341	0.993333
0.984159	-0.138227	-0.111018	0.135585	0.990279	-0.031043	0.114230	0.015499	0.993333
0.984086	-0.139295	-0.110327	0.136694	0.990133	-0.030837	0.113534	0.015265	0.993417
0.983971	-0.139858	-0.110639	0.137279	0.990059	-0.030628	0.113823	0.014949	0.993389
0.983912	-0.140542	-0.110297	0.137966	0.989962	-0.030683	0.113503	0.014972	0.993425
0.983831	-0.141172	-0.110212	0.138641	0.989878	-0.030337	0.113380	0.014567	0.993445
0.983664	-0.141752	-0.110959	0.139240	0.989801	-0.030108	0.114095	0.014166	0.993369
0.983522	-0.142132	-0.111725	0.139621	0.989750	-0.030027	0.114847	0.013933	0.993285
0.983516	-0.142253	-0.111625	0.139769	0.989735	-0.029808	0.114720	0.013715	0.993303
0.983621	-0.141523	-0.111627	0.139058	0.989842	-0.029606	0.114683	0.013598	0.993309
0.983767	-0.140302	-0.111883	0.137865	0.990018	-0.029265	0.114872	0.013366	0.993290
0.983916	-0.139117	-0.112055	0.136707	0.990189	-0.028945	0.114982	0.013160	0.993280
0.983885	-0.138900	-0.112591	0.136469	0.990218	-0.029052	0.115525	0.013219	0.993217
0.983874	-0.139048	-0.112507	0.136607	0.990196	-0.029163	0.115459	0.013323	0.993223
0.983922	-0.138905	-0.112260	0.136536	0.990223	-0.028565	0.115130	0.012778	0.993268
0.983870	-0.139227	-0.112319	0.136891	0.990182	-0.028293	0.115155	0.012461	0.993269
