0.982872	-0.141526	-0.118036	0.140612	0.989934	-0.016079	0.119123	-0.000794	0.992879
0.982814	-0.141748	-0.118256	0.140774	0.989903	-0.016586	0.119413	-0.000347	0.992845
0.982802	-0.142419	-0.117543	0.141431	0.989807	-0.016745	0.118730	-0.000167	0.992927
0.982868	-0.142209	-0.117252	0.141198	0.989837	-0.016929	0.118467	0.000084	0.992958
0.982849	-0.142878	-0.116593	0.141843	0.989740	-0.017169	0.117850	0.000337	0.993031
0.982868	-0.143688	-0.115429	0.142633	0.989623	-0.017392	0.116730	0.000630	0.993163
0.983044	-0.142605	-0.115271	0.141323	0.989776	-0.019266	0.116840	0.002649	0.993147
0.983092	-0.141519	-0.116197	0.139873	0.989920	-0.022242	0.118173	0.005613	0.992977
0.983018	-0.141207	-0.117203	0.139295	0.989951	-0.024388	0.119469	0.007648	0.992809
0.982813	-0.142184	-0.117743	0.140367	0.989818	-0.023620	0.119902	0.006686	0.992763
0.982540	-0.143682	-0.118199	0.142176	0.989616	-0.021120	0.120006	0.003947	0.992765
0.982469	-0.143892	-0.118531	0.142538	0.989590	-0.019869	0.120156	0.002625	0.992751
0.982553	-0.143552	-0.118247	0.142260	0.989640	-0.019337	0.119798	0.002178	0.992796
0.982631	-0.143623	-0.117509	0.142391	0.989631	-0.018858	0.118999	0.001799	0.992893
0.982648	-0.143556	-0.117451	0.142368	0.989641	-0.018493	0.118889	0.001450	0.992906
0.982645	-0.143458	-0.117597	0.142313	0.989656	-0.018122	0.118981	0.001072	0.992896
0.982706	-0.143353	-0.117211	0.142286	0.989672	-0.017462	0.118504	0.000482	0.992953
0.982619	-0.143014	-0.118349	0.141991	0.989721	-0.017077	0.119575	-0.000024	0.992825
0.982475	-0.143692	-0.118726	0.142696	0.989622	-0.016896	0.119922	-0.000342	0.992783
0.982460	-0.143528	-0.119046	0.142598	0.989646	-0.016337	0.120158	-0.000925	0.992754
0.982550	-0.142853	-0.119117	0.141992	0.989743	-0.015725	0.120141	-0.001463	0.992756
0.982589	-0.142628	-0.119063	0.141797	0.989775	-0.015462	0.120051	-0.001690	0.992766
0.982646	-0.142441	-0.118816	0.141657	0.989801	-0.015056	0.119749	-0.002036	0.992802
0.982585	-0.142471	-0.119282	0.141745	0.989796	-0.014593	0.120144	-0.002568	0.992753
0.982534	-0.143049	-0.119013	0.142338	0.989712	-0.014494	0.119862	-0.002700	0.992787
