0.973659	-0.214498	-0.077328	0.212046	0.976492	-0.038735	0.083819	0.021318	0.996253
0.973684	-0.214448	-0.077148	0.211992	0.976500	-0.038827	0.083661	0.021450	0.996263
0.973684	-0.214448	-0.077148	0.211992	0.976500	-0.038827	0.083661	0.021450	0.996263
0.973636	-0.214586	-0.077369	0.212147	0.976476	-0.038576	0.083827	0.021146	0.996256
0.973561	-0.214987	-0.077197	0.212580	0.976395	-0.038247	0.083597	0.020825	0.996282
0.973522	-0.215431	-0.076443	0.213046	0.976296	-0.038184	0.082857	0.020887	0.996343
0.973615	-0.215229	-0.075827	0.212884	0.976344	-0.037861	0.082182	0.020719	0.996402
0.973702	-0.214999	-0.075369	0.212696	0.976400	-0.037458	0.081644	0.020442	0.996452
0.973580	-0.215437	-0.075697	0.213121	0.976304	-0.037539	0.081990	0.020414	0.996424
0.973508	-0.215892	-0.075315	0.213585	0.976203	-0.037535	0.081627	0.020454	0.996453
0.973589	-0.215479	-0.075450	0.213188	0.976299	-0.037303	0.081700	0.020233	0.996452
0.973587	-0.215646	-0.074999	0.213346	0.976256	-0.037530	0.081312	0.020538	0.996477
0.973540	-0.215989	-0.074629	0.213705	0.976181	-0.037438	0.080937	0.020499	0.996508
0.973464	-0.216186	-0.075048	0.213933	0.976149	-0.036950	0.081246	0.019914	0.996495
0.973429	-0.216455	-0.074726	0.214222	0.976091	-0.036806	0.080906	0.019820	0.996525
0.973507	-0.216306	-0.074131	0.214069	0.976118	-0.036996	0.080363	0.020147	0.996562
0.973576	-0.216126	-0.073748	0.213880	0.976152	-0.037191	0.080027	0.020435	0.996583
0.973617	-0.215886	-0.073912	0.213618	0.976201	-0.037413	0.080230	0.020637	0.996563
0.973686	-0.215331	-0.074625	0.213057	0.976327	-0.037306	0.080892	0.020425	0.996514
0.973729	-0.215083	-0.074771	0.212774	0.976375	-0.037676	0.081108	0.020777	0.996489
0.973771	-0.214819	-0.074986	0.212507	0.976434	-0.037652	0.081307	0.020730	0.996473
0.973891	-0.214365	-0.074727	0.212096	0.976541	-0.037178	0.080943	0.020358	0.996511
0.973858	-0.214064	-0.076004	0.211773	0.976614	-0.037114	0.082171	0.020049	0.996417
0.973751	-0.214694	-0.075599	0.212383	0.976467	-0.037482	0.081867	0.020442	0.996434
