0.981876	-0.160061	-0.101488	0.159126	0.987107	-0.017298	0.102948	0.000835	0.994686
0.981908	-0.160196	-0.100965	0.159249	0.987085	-0.017423	0.102452	0.001029	0.994737
0.981925	-0.160357	-0.100547	0.159450	0.987059	-0.017040	0.101978	0.000700	0.994786
0.981833	-0.161140	-0.100194	0.160273	0.986932	-0.016698	0.101575	0.000337	0.994828
0.981731	-0.161757	-0.100190	0.160883	0.986830	-0.016805	0.101589	0.000380	0.994826
0.981712	-0.161407	-0.100943	0.160478	0.986888	-0.017308	0.102413	0.000792	0.994742
0.981761	-0.161024	-0.101077	0.160099	0.986950	-0.017249	0.102535	0.000752	0.994729
0.981918	-0.160088	-0.101036	0.159157	0.987102	-0.017268	0.102497	0.000875	0.994733
0.982086	-0.159338	-0.100591	0.158406	0.987224	-0.017234	0.102052	0.000991	0.994779
0.982109	-0.159366	-0.100317	0.158428	0.987219	-0.017302	0.101792	0.001100	0.994805
0.982107	-0.159511	-0.100108	0.158565	0.987195	-0.017395	0.101601	0.001210	0.994825
0.982136	-0.159291	-0.100181	0.158368	0.987231	-0.017150	0.101633	0.000978	0.994821
0.982118	-0.158853	-0.101041	0.157938	0.987302	-0.017052	0.102467	0.000789	0.994736
0.981919	-0.159746	-0.101566	0.158794	0.987158	-0.017441	0.103048	0.000997	0.994676
0.981815	-0.160147	-0.101938	0.159199	0.987093	-0.017418	0.103412	0.000873	0.994638
0.981904	-0.159660	-0.101853	0.158759	0.987172	-0.016941	0.103251	0.000464	0.994655
0.981960	-0.159384	-0.101737	0.158483	0.987216	-0.016939	0.103137	0.000510	0.994667
0.982034	-0.159296	-0.101164	0.158408	0.987231	-0.016803	0.102549	0.000475	0.994728
0.982010	-0.159199	-0.101549	0.158330	0.987247	-0.016614	0.102899	0.000237	0.994692
0.981962	-0.159650	-0.101305	0.158765	0.987173	-0.016793	0.102686	0.000407	0.994714
0.981887	-0.159996	-0.101488	0.159090	0.987117	-0.017014	0.102903	0.000560	0.994691
0.981791	-0.160392	-0.101792	0.159483	0.987053	-0.017057	0.103210	0.000512	0.994659
0.981729	-0.160708	-0.101892	0.159806	0.987002	-0.017012	0.103302	0.000419	0.994650
0.981799	-0.160472	-0.101583	0.159584	0.987040	-0.016865	0.102973	0.000347	0.994684
0.981931	-0.159920	-0.101174	0.159040	0.987130	-0.016763	0.102552	0.000369	0.994728
