0.993955	-0.037551	-0.103166	0.035297	0.999098	-0.023586	0.103959	0.019802	0.994384
0.993587	-0.040059	-0.105740	0.037777	0.999010	-0.023501	0.106577	0.019356	0.994116
0.993211	-0.042423	-0.108317	0.040134	0.998924	-0.023229	0.109186	0.018724	0.993845
0.992960	-0.044103	-0.109932	0.041830	0.998862	-0.022901	0.110817	0.018141	0.993675
0.992814	-0.045417	-0.110715	0.043083	0.998798	-0.023386	0.111644	0.018448	0.993577
0.992735	-0.046254	-0.111073	0.043857	0.998751	-0.023925	0.112040	0.018879	0.993524
0.992833	-0.046489	-0.110095	0.044122	0.998742	-0.023839	0.111064	0.018811	0.993635
0.992862	-0.045940	-0.110065	0.043534	0.998760	-0.024159	0.111038	0.019194	0.993631
0.992964	-0.046450	-0.108927	0.044005	0.998725	-0.024746	0.109937	0.019778	0.993742
0.993065	-0.046538	-0.107961	0.044026	0.998704	-0.025535	0.109009	0.020605	0.993827
0.993160	-0.045905	-0.107361	0.043411	0.998733	-0.025456	0.108393	0.020621	0.993894
0.993191	-0.045301	-0.107326	0.042832	0.998765	-0.025197	0.108335	0.020428	0.993905
0.993253	-0.045395	-0.106715	0.043050	0.998780	-0.024173	0.107682	0.019416	0.993996
0.993212	-0.044688	-0.107392	0.042427	0.998829	-0.023253	0.108305	0.018539	0.993945
0.993268	-0.044541	-0.106929	0.042245	0.998827	-0.023648	0.107857	0.018972	0.993985
0.993344	-0.043934	-0.106478	0.041599	0.998845	-0.024056	0.107412	0.019467	0.994024
0.993361	-0.042950	-0.106724	0.040614	0.998887	-0.023963	0.107634	0.019469	0.994000
0.993352	-0.043080	-0.106750	0.040783	0.998889	-0.023610	0.107649	0.019099	0.994006
0.993297	-0.043181	-0.107222	0.040898	0.998889	-0.023408	0.108113	0.018866	0.993960
0.993257	-0.043306	-0.107543	0.041013	0.998883	-0.023447	0.108438	0.018878	0.993924
0.993254	-0.043671	-0.107426	0.041342	0.998861	-0.023812	0.108343	0.019210	0.993928
0.993246	-0.043484	-0.107570	0.041151	0.998869	-0.023821	0.108484	0.019233	0.993912
0.993300	-0.042737	-0.107368	0.040478	0.998913	-0.023133	0.108239	0.018632	0.993950
0.993231	-0.042538	-0.108091	0.040278	0.998924	-0.023006	0.108953	0.018496	0.993875
0.993262	-0.042890	-0.107662	0.040595	0.998901	-0.023423	0.108549	0.018894	0.993912
