0.996713	-0.006095	-0.080790	0.004980	0.999890	-0.013994	0.080866	0.013546	0.996633
0.996635	-0.007935	-0.081577	0.006743	0.999866	-0.014886	0.081684	0.014286	0.996556
0.996566	-0.009339	-0.082273	0.008161	0.999859	-0.014650	0.082399	0.013928	0.996502
0.996538	-0.010287	-0.082503	0.009089	0.999848	-0.014880	0.082644	0.014078	0.996480
0.996560	-0.010249	-0.082239	0.009007	0.999840	-0.015458	0.082384	0.014665	0.996493
0.996604	-0.008808	-0.081871	0.007536	0.999846	-0.015832	0.081998	0.015161	0.996517
0.996634	-0.007157	-0.081666	0.005872	0.999855	-0.015964	0.081768	0.015431	0.996532
0.996642	-0.006391	-0.081635	0.005040	0.999847	-0.016739	0.081729	0.016271	0.996522
0.996606	-0.006398	-0.082075	0.004911	0.999820	-0.018306	0.082177	0.017840	0.996458
0.996650	-0.006432	-0.081527	0.004796	0.999783	-0.020249	0.081640	0.019790	0.996465
0.996543	-0.005905	-0.082866	0.004060	0.999740	-0.022416	0.082977	0.022002	0.996309
0.996531	-0.006487	-0.082970	0.004467	0.999690	-0.024510	0.083103	0.024055	0.996251
0.996532	-0.007384	-0.082887	0.005219	0.999640	-0.026311	0.083052	0.025787	0.996212
0.996539	-0.008219	-0.082725	0.006062	0.999636	-0.026283	0.082911	0.025691	0.996226
0.996511	-0.008817	-0.082999	0.006686	0.999642	-0.025924	0.083198	0.025279	0.996212
0.996486	-0.009148	-0.083258	0.007040	0.999648	-0.025581	0.083463	0.024905	0.996200
0.996440	-0.009487	-0.083769	0.007395	0.999654	-0.025252	0.083980	0.024542	0.996165
0.996461	-0.010327	-0.083424	0.008268	0.999654	-0.024991	0.083653	0.024213	0.996201
0.996481	-0.010795	-0.083117	0.008779	0.999659	-0.024585	0.083354	0.023769	0.996237
0.996486	-0.010320	-0.083119	0.008398	0.999690	-0.023431	0.083335	0.022650	0.996264
0.996467	-0.009740	-0.083420	0.007907	0.999721	-0.022279	0.083614	0.021540	0.996265
0.996481	-0.009697	-0.083253	0.007994	0.999752	-0.020771	0.083434	0.020032	0.996312
0.996487	-0.009311	-0.083225	0.007723	0.999782	-0.019377	0.083388	0.018666	0.996342
0.996512	-0.008964	-0.082962	0.007450	0.999800	-0.018548	0.083112	0.017865	0.996380
0.996545	-0.008938	-0.082577	0.007408	0.999795	-0.018823	0.082729	0.018147	0.996407
