0.982493	-0.143599	-0.118689	0.142814	0.989634	-0.015132	0.119631	-0.002084	0.992816
0.982553	-0.143800	-0.117945	0.142988	0.989605	-0.015369	0.118929	-0.001764	0.992901
0.982575	-0.143903	-0.117633	0.143075	0.989591	-0.015495	0.118639	-0.001605	0.992936
0.982516	-0.143777	-0.118281	0.142981	0.989608	-0.015232	0.119242	-0.001946	0.992863
0.982475	-0.144054	-0.118288	0.143280	0.989567	-0.015073	0.119225	-0.002139	0.992865
0.982511	-0.144002	-0.118047	0.143207	0.989575	-0.015236	0.119011	-0.001936	0.992891
0.982582	-0.143624	-0.117915	0.142745	0.989632	-0.015914	0.118978	-0.001195	0.992896
0.982658	-0.143039	-0.117996	0.142138	0.989717	-0.016065	0.119080	-0.000985	0.992884
0.982740	-0.142427	-0.118058	0.141542	0.989805	-0.015885	0.119117	-0.001099	0.992880
0.982760	-0.142582	-0.117699	0.141733	0.989782	-0.015590	0.118719	-0.001361	0.992927
0.982721	-0.142778	-0.117790	0.141929	0.989754	-0.015604	0.118811	-0.001384	0.992916
0.982732	-0.142553	-0.117969	0.141714	0.989786	-0.015519	0.118976	-0.001467	0.992896
0.982869	-0.141678	-0.117880	0.140899	0.989911	-0.014959	0.118810	-0.001906	0.992915
0.982833	-0.140865	-0.119151	0.140090	0.990027	-0.014896	0.120061	-0.002051	0.992764
0.982764	-0.141172	-0.119353	0.140368	0.989983	-0.015164	0.120298	-0.001850	0.992736
0.982752	-0.140921	-0.119745	0.140144	0.990019	-0.014926	0.120654	-0.002113	0.992692
0.982732	-0.141231	-0.119549	0.140474	0.989974	-0.014772	0.120436	-0.002276	0.992718
0.982628	-0.141927	-0.119579	0.141163	0.989875	-0.014876	0.120480	-0.002263	0.992713
0.982657	-0.141769	-0.119528	0.141002	0.989897	-0.014897	0.120433	-0.002215	0.992719
0.982690	-0.141833	-0.119177	0.141054	0.989888	-0.014988	0.120098	-0.002082	0.992760
0.982733	-0.142182	-0.118407	0.141353	0.989839	-0.015419	0.119396	-0.001584	0.992845
0.982758	-0.142093	-0.118304	0.141236	0.989852	-0.015643	0.119326	-0.001335	0.992854
0.982698	-0.142443	-0.118380	0.141581	0.989802	-0.015702	0.119409	-0.001330	0.992844
0.982643	-0.142799	-0.118412	0.141961	0.989750	-0.015533	0.119416	-0.001547	0.992843
