0.970075	-0.230692	-0.075728	0.230273	0.973020	-0.014344	0.076994	-0.003523	0.997025
0.969872	-0.231401	-0.076162	0.230979	0.972852	-0.014429	0.077434	-0.003598	0.996991
0.969721	-0.231824	-0.076806	0.231426	0.972749	-0.014160	0.077996	-0.004044	0.996946
0.969686	-0.231763	-0.077424	0.231370	0.972763	-0.014130	0.078590	-0.004211	0.996898
0.969771	-0.231334	-0.077647	0.230934	0.972866	-0.014216	0.078829	-0.004145	0.996880
0.970030	-0.230404	-0.077180	0.230026	0.973086	-0.013871	0.078299	-0.004298	0.996921
0.970328	-0.229013	-0.077573	0.228641	0.973414	-0.013766	0.078663	-0.004379	0.996892
0.970463	-0.228776	-0.076568	0.228377	0.973471	-0.014048	0.077750	-0.003853	0.996965
0.970691	-0.228272	-0.075169	0.227866	0.973591	-0.014056	0.076392	-0.003484	0.997072
0.970908	-0.228026	-0.073084	0.227662	0.973648	-0.013376	0.074208	-0.003652	0.997236
0.970927	-0.228495	-0.071350	0.228131	0.973539	-0.013320	0.072506	-0.003345	0.997362
0.970964	-0.228719	-0.070113	0.228375	0.973487	-0.012989	0.071225	-0.003401	0.997454
0.970832	-0.229171	-0.070477	0.228844	0.973379	-0.012775	0.071529	-0.003726	0.997432
0.970434	-0.230655	-0.071107	0.230317	0.973028	-0.013033	0.072195	-0.003729	0.997384
0.969907	-0.232381	-0.072658	0.232015	0.972618	-0.013553	0.073818	-0.003713	0.997265
0.969300	-0.234321	-0.074501	0.233942	0.972151	-0.013899	0.075683	-0.003957	0.997124
0.968828	-0.235839	-0.075850	0.235469	0.971782	-0.013910	0.076990	-0.004384	0.997022
0.968851	-0.235673	-0.076068	0.235335	0.971820	-0.013498	0.077105	-0.004824	0.997011
0.969327	-0.233980	-0.075222	0.233645	0.972230	-0.013349	0.076257	-0.004636	0.997077
0.969878	-0.232195	-0.073628	0.231814	0.972662	-0.013795	0.074818	-0.003688	0.997190
0.970364	-0.230420	-0.072809	0.230035	0.973085	-0.013745	0.074016	-0.003411	0.997251
0.970744	-0.228787	-0.072885	0.228406	0.973471	-0.013636	0.074071	-0.003410	0.997247
0.970868	-0.227918	-0.073951	0.227542	0.973674	-0.013583	0.075100	-0.003640	0.997169
0.970865	-0.227458	-0.075395	0.227103	0.973779	-0.013363	0.076457	-0.004148	0.997064
0.970810	-0.227350	-0.076413	0.227030	0.973801	-0.012965	0.077359	-0.004762	0.996992
