0.992593	-0.018979	-0.119999	0.019022	0.999819	-0.000792	0.119993	-0.001497	0.992774
0.992603	-0.019317	-0.119860	0.019357	0.999812	-0.000832	0.119854	-0.001494	0.992790
0.992625	-0.019310	-0.119674	0.019342	0.999813	-0.000894	0.119669	-0.001427	0.992813
0.992667	-0.019401	-0.119314	0.019389	0.999811	-0.001258	0.119316	-0.001064	0.992856
0.992710	-0.019621	-0.118915	0.019619	0.999807	-0.001192	0.118916	-0.001150	0.992904
0.992672	-0.019547	-0.119251	0.019523	0.999808	-0.001375	0.119255	-0.000964	0.992863
0.992622	-0.020066	-0.119577	0.019966	0.999799	-0.002038	0.119593	-0.000364	0.992823
0.992594	-0.020325	-0.119769	0.020182	0.999793	-0.002409	0.119794	-0.000026	0.992799
0.992588	-0.020414	-0.119806	0.020308	0.999792	-0.002102	0.119823	-0.000347	0.992795
0.992495	-0.020051	-0.120634	0.019929	0.999799	-0.002223	0.120654	-0.000198	0.992695
0.992537	-0.020131	-0.120269	0.019929	0.999797	-0.002882	0.120302	0.000464	0.992737
0.992520	-0.019893	-0.120450	0.019767	0.999802	-0.002239	0.120470	-0.000159	0.992717
0.992509	-0.019560	-0.120592	0.019455	0.999809	-0.002051	0.120609	-0.000311	0.992700
0.992435	-0.019566	-0.121201	0.019420	0.999809	-0.002385	0.121224	0.000013	0.992625
0.992387	-0.020597	-0.121421	0.020308	0.999787	-0.003612	0.121470	0.001119	0.992594
0.992334	-0.021431	-0.121713	0.020971	0.999767	-0.005064	0.121793	0.002473	0.992552
0.992270	-0.021552	-0.122213	0.021057	0.999764	-0.005334	0.122300	0.002720	0.992490
0.992254	-0.021341	-0.122376	0.020893	0.999770	-0.004942	0.122453	0.002347	0.992472
0.992271	-0.020934	-0.122309	0.020534	0.999779	-0.004532	0.122376	0.001985	0.992482
0.992390	-0.020401	-0.121435	0.020093	0.999791	-0.003759	0.121486	0.001290	0.992592
0.992291	-0.019724	-0.122353	0.019482	0.999805	-0.003170	0.122392	0.000761	0.992482
0.992318	-0.020092	-0.122074	0.019837	0.999798	-0.003305	0.122115	0.000858	0.992516
0.992323	-0.019796	-0.122079	0.019568	0.999804	-0.003065	0.122115	0.000652	0.992516
