0.685063	-0.725561	-0.065190	0.728304	0.680157	0.083426	-0.016191	-0.104630	0.994379
0.685063	-0.725561	-0.065190	0.728304	0.680157	0.083426	-0.016191	-0.104630	0.994379
0.685063	-0.725561	-0.065190	0.728304	0.680157	0.083426	-0.016191	-0.104630	0.994379
0.685063	-0.725561	-0.065190	0.728304	0.680157	0.083426	-0.016191	-0.104630	0.994379
0.684625	-0.725939	-0.065583	0.728720	0.679709	0.083442	-0.015996	-0.104918	0.994352
0.684625	-0.725939	-0.065583	0.728720	0.679709	0.083442	-0.015996	-0.104918	0.994352
0.685324	-0.725236	-0.066065	0.728073	0.680404	0.083432	-0.015557	-0.105278	0.994321
0.687238	-0.723359	-0.066751	0.726265	0.682205	0.084470	-0.015564	-0.106530	0.994188
0.688937	-0.721677	-0.067436	0.724655	0.683802	0.085377	-0.015502	-0.107687	0.994064
0.690236	-0.720396	-0.067852	0.723417	0.685019	0.086121	-0.015561	-0.108529	0.993971
0.691318	-0.719331	-0.068138	0.722376	0.685996	0.087080	-0.015897	-0.109422	0.993868
0.691865	-0.718799	-0.068194	0.721846	0.686485	0.087618	-0.016166	-0.109846	0.993817
0.691519	-0.719159	-0.067914	0.722178	0.686185	0.087227	-0.016128	-0.109365	0.993871
0.690450	-0.720224	-0.067492	0.723203	0.685206	0.086436	-0.016007	-0.108490	0.993969
0.689198	-0.721492	-0.066750	0.724387	0.684000	0.086066	-0.016439	-0.107670	0.994051
0.687867	-0.722790	-0.066430	0.725647	0.682711	0.085687	-0.016581	-0.107145	0.994105
0.686684	-0.723929	-0.066268	0.726766	0.681559	0.085371	-0.016637	-0.106785	0.994143
0.685684	-0.724890	-0.066120	0.727711	0.680602	0.084959	-0.016584	-0.106371	0.994188
0.685164	-0.725406	-0.065845	0.728197	0.680108	0.084747	-0.016694	-0.106013	0.994225
0.685164	-0.725406	-0.065845	0.728197	0.680108	0.084747	-0.016694	-0.106013	0.994225
0.685164	-0.725406	-0.065845	0.728197	0.680108	0.084747	-0.016694	-0.106013	0.994225
0.685164	-0.725406	-0.065845	0.728197	0.680108	0.084747	-0.016694	-0.106013	0.994225
0.685164	-0.725406	-0.065845	0.728197	0.680108	0.084747	-0.016694	-0.106013	0.994225
0.685164	-0.725406	-0.065845	0.728197	0.680108	0.084747	-0.016694	-0.106013	0.994225
0.685164	-0.725406	-0.065845	0.728197	0.680108	0.084747	-0.016694	-0.106013	0.994225
