0.668808	-0.739289	-0.078403	0.743419	0.665763	0.063943	0.004926	-0.101052	0.994869
0.668808	-0.739289	-0.078403	0.743419	0.665763	0.063943	0.004926	-0.101052	0.994869
0.668808	-0.739289	-0.078403	0.743419	0.665763	0.063943	0.004926	-0.101052	0.994869
0.668808	-0.739289	-0.078403	0.743419	0.665763	0.063943	0.004926	-0.101052	0.994869
0.668808	-0.739289	-0.078403	0.743419	0.665763	0.063943	0.004926	-0.101052	0.994869
0.668685	-0.739358	-0.078805	0.743527	0.665666	0.063692	0.005367	-0.101184	0.994853
0.668685	-0.739358	-0.078805	0.743527	0.665666	0.063692	0.005367	-0.101184	0.994853
0.668685	-0.739358	-0.078805	0.743527	0.665666	0.063692	0.005367	-0.101184	0.994853
0.669214	-0.738880	-0.078804	0.743050	0.666210	0.063576	0.005525	-0.101101	0.994861
0.669214	-0.738880	-0.078804	0.743050	0.666210	0.063576	0.005525	-0.101101	0.994861
0.669485	-0.738673	-0.078433	0.742808	0.666465	0.063733	0.005195	-0.100929	0.994880
0.669485	-0.738673	-0.078433	0.742808	0.666465	0.063733	0.005195	-0.100929	0.994880
0.668947	-0.739193	-0.078120	0.743292	0.665947	0.063488	0.005094	-0.100536	0.994920
0.668399	-0.739666	-0.078339	0.743784	0.665413	0.063330	0.005284	-0.100597	0.994913
0.667865	-0.740100	-0.078797	0.744262	0.664888	0.063237	0.005590	-0.100879	0.994883
0.667400	-0.740469	-0.079271	0.744675	0.664456	0.062910	0.006089	-0.101018	0.994866
0.667400	-0.740469	-0.079271	0.744675	0.664456	0.062910	0.006089	-0.101018	0.994866
0.666890	-0.740952	-0.079040	0.745130	0.663988	0.062456	0.006205	-0.100547	0.994913
0.666510	-0.741308	-0.078916	0.745470	0.663638	0.062125	0.006318	-0.100236	0.994944
0.666144	-0.741622	-0.079046	0.745795	0.663290	0.061942	0.006492	-0.100214	0.994945
0.665763	-0.741934	-0.079330	0.746133	0.662928	0.061743	0.006781	-0.100297	0.994934
0.665763	-0.741934	-0.079330	0.746133	0.662928	0.061743	0.006781	-0.100297	0.994934
0.665000	-0.742600	-0.079504	0.746812	0.662174	0.061630	0.006879	-0.100358	0.994928
0.664463	-0.743076	-0.079538	0.747289	0.661644	0.061532	0.006903	-0.100324	0.994931
0.664463	-0.743076	-0.079538	0.747289	0.661644	0.061532	0.006903	-0.100324	0.994931
