0.660308	-0.747537	-0.071986	0.750953	0.658241	0.052806	0.007909	-0.088927	0.996007
0.660308	-0.747537	-0.071986	0.750953	0.658241	0.052806	0.007909	-0.088927	0.996007
0.660139	-0.747603	-0.072843	0.751097	0.658059	0.053015	0.008301	-0.089709	0.995933
0.660139	-0.747603	-0.072843	0.751097	0.658059	0.053015	0.008301	-0.089709	0.995933
0.661035	-0.746728	-0.073685	0.750305	0.658928	0.053447	0.008643	-0.090616	0.995848
0.661035	-0.746728	-0.073685	0.750305	0.658928	0.053447	0.008643	-0.090616	0.995848
0.661035	-0.746728	-0.073685	0.750305	0.658928	0.053447	0.008643	-0.090616	0.995848
0.661035	-0.746728	-0.073685	0.750305	0.658928	0.053447	0.008643	-0.090616	0.995848
0.660401	-0.747333	-0.073238	0.750874	0.658216	0.054221	0.007685	-0.090800	0.995840
0.661579	-0.746314	-0.073002	0.749844	0.659300	0.055295	0.006863	-0.091322	0.995798
0.663043	-0.745074	-0.072374	0.748561	0.660629	0.056797	0.005494	-0.091835	0.995759
0.664609	-0.743770	-0.071419	0.747179	0.662098	0.057881	0.004236	-0.091831	0.995766
0.666633	-0.742016	-0.070797	0.745380	0.663998	0.059293	0.003013	-0.092297	0.995727
0.668647	-0.740292	-0.069848	0.743577	0.665917	0.060397	0.001802	-0.092322	0.995728
0.670331	-0.738811	-0.069392	0.742060	0.667603	0.060438	0.001674	-0.092007	0.995757
0.671060	-0.738158	-0.069295	0.741401	0.668354	0.060229	0.001855	-0.091792	0.995776
0.671060	-0.738158	-0.069295	0.741401	0.668354	0.060229	0.001855	-0.091792	0.995776
0.670193	-0.738819	-0.070618	0.742182	0.667487	0.060229	0.002638	-0.092776	0.995683
0.669305	-0.739529	-0.071609	0.742981	0.666601	0.060189	0.003223	-0.093489	0.995615
0.668450	-0.740234	-0.072308	0.743747	0.665773	0.059880	0.003816	-0.093806	0.995583
0.667580	-0.740994	-0.072563	0.744527	0.664935	0.059510	0.004153	-0.093753	0.995587
0.666749	-0.741768	-0.072294	0.745272	0.664124	0.059238	0.004071	-0.093375	0.995623
0.665842	-0.742648	-0.071619	0.746084	0.663234	0.058989	0.003692	-0.092711	0.995686
0.664828	-0.743609	-0.071057	0.746988	0.662241	0.058693	0.003412	-0.092100	0.995744
