0.753566	-0.648821	-0.105687	0.657259	0.746625	0.102771	0.012228	-0.146908	0.989075
0.753443	-0.649006	-0.105427	0.657403	0.746510	0.102689	0.012057	-0.146678	0.989111
0.754891	-0.647276	-0.105704	0.655736	0.747905	0.103190	0.012264	-0.147210	0.989029
0.756665	-0.645191	-0.105770	0.653685	0.749645	0.103583	0.012459	-0.147518	0.988981
0.758717	-0.642860	-0.105263	0.651313	0.751567	0.104587	0.011877	-0.147911	0.988929
0.760244	-0.641063	-0.105200	0.649531	0.753022	0.105201	0.011777	-0.148309	0.988871
0.761230	-0.639918	-0.105040	0.648387	0.753833	0.106443	0.011068	-0.149134	0.988755
0.761826	-0.639152	-0.105387	0.647690	0.754315	0.107274	0.010931	-0.149982	0.988628
0.761898	-0.638975	-0.105934	0.647601	0.754344	0.107604	0.011155	-0.150586	0.988534
0.760788	-0.640226	-0.106364	0.648900	0.753268	0.107308	0.011419	-0.150659	0.988520
0.757434	-0.644373	-0.105251	0.652831	0.749978	0.106511	0.010303	-0.149386	0.988725
0.756489	-0.645583	-0.104628	0.653939	0.748965	0.106842	0.009387	-0.149245	0.988756
0.757994	-0.643860	-0.104350	0.652205	0.750277	0.108231	0.008606	-0.150096	0.988634
0.760736	-0.640754	-0.103511	0.649023	0.752686	0.110603	0.007042	-0.151321	0.988460
0.762761	-0.638332	-0.103579	0.646651	0.754424	0.112635	0.006243	-0.152893	0.988223
0.764125	-0.636569	-0.104371	0.645039	0.755558	0.114263	0.006122	-0.154635	0.987953
0.763759	-0.636851	-0.105319	0.645467	0.755177	0.114374	0.006695	-0.155334	0.987839
0.762160	-0.638659	-0.105954	0.647345	0.753731	0.113291	0.007507	-0.154935	0.987896
0.760472	-0.640582	-0.106477	0.649312	0.752318	0.111404	0.008741	-0.153856	0.988055
0.758805	-0.642545	-0.106538	0.651246	0.750919	0.109536	0.009619	-0.152499	0.988257
0.757614	-0.643995	-0.106259	0.652630	0.749848	0.108638	0.009716	-0.151654	0.988386
0.756974	-0.644752	-0.106229	0.653369	0.749297	0.107997	0.009966	-0.151157	0.988460
0.757042	-0.644606	-0.106627	0.653276	0.749496	0.107172	0.010833	-0.150790	0.988506
0.757496	-0.644022	-0.106938	0.652738	0.750045	0.106606	0.011552	-0.150557	0.988534
0.758022	-0.643355	-0.107225	0.652118	0.750606	0.106453	0.011996	-0.150617	0.988519
