0.993083	-0.089270	-0.076275	0.094979	0.992663	0.074828	0.069035	-0.081555	0.994275
0.992970	-0.090136	-0.076722	0.095850	0.992613	0.074378	0.069451	-0.081209	0.994274
0.992870	-0.091262	-0.076686	0.096950	0.992531	0.074042	0.069356	-0.080949	0.994302
0.992751	-0.092898	-0.076259	0.098505	0.992426	0.073395	0.068863	-0.080375	0.994383
0.992594	-0.095086	-0.075603	0.100578	0.992285	0.072484	0.068127	-0.079551	0.994500
0.992362	-0.098115	-0.074767	0.103466	0.992066	0.071409	0.067167	-0.078599	0.994641
0.992118	-0.100934	-0.074253	0.106197	0.991827	0.070720	0.066508	-0.078048	0.994729
0.991936	-0.102893	-0.074006	0.108105	0.991654	0.070249	0.066161	-0.077683	0.994780
0.991851	-0.103724	-0.073980	0.108918	0.991582	0.070014	0.066095	-0.077501	0.994799
0.991851	-0.103724	-0.073980	0.108918	0.991582	0.070014	0.066095	-0.077501	0.994799
0.991851	-0.103724	-0.073980	0.108918	0.991582	0.070014	0.066095	-0.077501	0.994799
0.991851	-0.103724	-0.073980	0.108918	0.991582	0.070014	0.066095	-0.077501	0.994799
0.991878	-0.103265	-0.074259	0.108476	0.991635	0.069943	0.066415	-0.077430	0.994783
0.991878	-0.103265	-0.074259	0.108476	0.991635	0.069943	0.066415	-0.077430	0.994783
0.991958	-0.102611	-0.074095	0.107820	0.991696	0.070092	0.066287	-0.077518	0.994785
0.992055	-0.101631	-0.074146	0.106871	0.991770	0.070503	0.066371	-0.077867	0.994752
0.992164	-0.100410	-0.074349	0.105706	0.991853	0.071084	0.066606	-0.078386	0.994696
0.992295	-0.099050	-0.074434	0.104398	0.991943	0.071762	0.066726	-0.078980	0.994641
0.992451	-0.097197	-0.074787	0.102614	0.992085	0.072366	0.067161	-0.079494	0.994570
0.992653	-0.094649	-0.075374	0.100162	0.992285	0.073062	0.067877	-0.080074	0.994475
0.992889	-0.091585	-0.076045	0.097235	0.992488	0.074248	0.068673	-0.081114	0.994336
0.993127	-0.088584	-0.076496	0.094355	0.992676	0.075439	0.069253	-0.082138	0.994212
0.993315	-0.086059	-0.076932	0.091926	0.992840	0.076280	0.069817	-0.082842	0.994114
0.993387	-0.084966	-0.077228	0.090878	0.992914	0.076574	0.070174	-0.083086	0.994069
0.993364	-0.085052	-0.077423	0.090967	0.992921	0.076373	0.070379	-0.082909	0.994069
0.993287	-0.085471	-0.077942	0.091412	0.992899	0.076131	0.070881	-0.082745	0.994047
