0.981237	-0.171534	-0.088032	0.178079	0.981321	0.072785	0.073903	-0.087096	0.993455
0.981146	-0.172071	-0.088002	0.178601	0.981238	0.072624	0.073855	-0.086972	0.993469
0.981146	-0.172071	-0.088002	0.178601	0.981238	0.072624	0.073855	-0.086972	0.993469
0.981080	-0.172350	-0.088186	0.178889	0.981193	0.072523	0.074028	-0.086926	0.993460
0.981080	-0.172350	-0.088186	0.178889	0.981193	0.072523	0.074028	-0.086926	0.993460
0.981161	-0.171570	-0.088811	0.178169	0.981319	0.072591	0.074698	-0.087047	0.993400
0.981319	-0.170376	-0.089362	0.177036	0.981510	0.072773	0.075311	-0.087234	0.993337
0.981555	-0.168605	-0.090127	0.175357	0.981787	0.073105	0.076159	-0.087560	0.993244
0.981794	-0.166790	-0.090896	0.173648	0.982055	0.073589	0.076991	-0.088033	0.993138
0.981919	-0.165800	-0.091357	0.172727	0.982189	0.073957	0.077468	-0.088399	0.993068
0.981919	-0.165800	-0.091357	0.172727	0.982189	0.073957	0.077468	-0.088399	0.993068
0.981919	-0.165800	-0.091357	0.172727	0.982189	0.073957	0.077468	-0.088399	0.993068
0.981919	-0.165800	-0.091357	0.172727	0.982189	0.073957	0.077468	-0.088399	0.993068
0.981919	-0.165800	-0.091357	0.172727	0.982189	0.073957	0.077468	-0.088399	0.993068
0.981919	-0.165800	-0.091357	0.172727	0.982189	0.073957	0.077468	-0.088399	0.993068
0.982055	-0.164893	-0.091533	0.171863	0.982314	0.074310	0.077661	-0.088708	0.993025
0.982182	-0.164073	-0.091648	0.171077	0.982427	0.074625	0.077794	-0.088975	0.992991
0.982182	-0.164073	-0.091648	0.171077	0.982427	0.074625	0.077794	-0.088975	0.992991
0.982182	-0.164073	-0.091648	0.171077	0.982427	0.074625	0.077794	-0.088975	0.992991
0.982182	-0.164073	-0.091648	0.171077	0.982427	0.074625	0.077794	-0.088975	0.992991
0.982182	-0.164073	-0.091648	0.171077	0.982427	0.074625	0.077794	-0.088975	0.992991
0.982182	-0.164073	-0.091648	0.171077	0.982427	0.074625	0.077794	-0.088975	0.992991
0.982182	-0.164073	-0.091648	0.171077	0.982427	0.074625	0.077794	-0.088975	0.992991
0.982110	-0.164621	-0.091436	0.171599	0.982343	0.074538	0.077551	-0.088895	0.993017
