0.968097	-0.230304	-0.098733	0.238757	0.967394	0.084524	0.076047	-0.105401	0.991518
0.968097	-0.230304	-0.098733	0.238757	0.967394	0.084524	0.076047	-0.105401	0.991518
0.967897	-0.231101	-0.098832	0.239549	0.967215	0.084327	0.076104	-0.105295	0.991525
0.967897	-0.231101	-0.098832	0.239549	0.967215	0.084327	0.076104	-0.105295	0.991525
0.967897	-0.231101	-0.098832	0.239549	0.967215	0.084327	0.076104	-0.105295	0.991525
0.967687	-0.231988	-0.098808	0.240430	0.967001	0.084280	0.075996	-0.105313	0.991531
0.967604	-0.232479	-0.098463	0.240886	0.966884	0.084314	0.075601	-0.105301	0.991562
0.967604	-0.232479	-0.098463	0.240886	0.966884	0.084314	0.075601	-0.105301	0.991562
0.967604	-0.232479	-0.098463	0.240886	0.966884	0.084314	0.075601	-0.105301	0.991562
0.967604	-0.232479	-0.098463	0.240886	0.966884	0.084314	0.075601	-0.105301	0.991562
0.967604	-0.232479	-0.098463	0.240886	0.966884	0.084314	0.075601	-0.105301	0.991562
0.967420	-0.233393	-0.098115	0.241729	0.966712	0.083878	0.075273	-0.104862	0.991634
0.967330	-0.234017	-0.097516	0.242275	0.966592	0.083682	0.074675	-0.104574	0.991710
0.967228	-0.234686	-0.096916	0.242862	0.966466	0.083440	0.074084	-0.104243	0.991789
0.967228	-0.234686	-0.096916	0.242862	0.966466	0.083440	0.074084	-0.104243	0.991789
0.967336	-0.234036	-0.097411	0.242287	0.966583	0.083752	0.074555	-0.104618	0.991714
0.967336	-0.234036	-0.097411	0.242287	0.966583	0.083752	0.074555	-0.104618	0.991714
0.967661	-0.232720	-0.097329	0.240978	0.966894	0.083941	0.074572	-0.104681	0.991706
0.967914	-0.231722	-0.097199	0.239993	0.967109	0.084280	0.074472	-0.104903	0.991690
0.967914	-0.231722	-0.097199	0.239993	0.967109	0.084280	0.074472	-0.104903	0.991690
0.968132	-0.230986	-0.096778	0.239254	0.967244	0.084832	0.074013	-0.105283	0.991684
0.968132	-0.230986	-0.096778	0.239254	0.967244	0.084832	0.074013	-0.105283	0.991684
0.968109	-0.230850	-0.097334	0.239149	0.967303	0.084457	0.074654	-0.105041	0.991662
0.968109	-0.230850	-0.097334	0.239149	0.967303	0.084457	0.074654	-0.105041	0.991662
0.968109	-0.230850	-0.097334	0.239149	0.967303	0.084457	0.074654	-0.105041	0.991662
