0.875044	-0.475726	-0.089350	0.483405	0.868354	0.110820	0.024868	-0.140165	0.989816
0.875577	-0.474616	-0.090027	0.482393	0.868946	0.110593	0.025739	-0.140260	0.989780
0.875968	-0.473792	-0.090567	0.481650	0.869358	0.110590	0.026339	-0.140495	0.989731
0.876425	-0.472911	-0.090747	0.480795	0.869861	0.110353	0.026750	-0.140347	0.989741
0.876998	-0.471803	-0.090977	0.479710	0.870543	0.109694	0.027445	-0.139844	0.989793
0.876997	-0.471810	-0.090944	0.479698	0.870616	0.109165	0.027673	-0.139363	0.989855
0.876801	-0.472287	-0.090355	0.480095	0.870372	0.109370	0.026989	-0.139275	0.989886
0.877321	-0.471458	-0.089642	0.479201	0.870728	0.110448	0.025982	-0.139855	0.989831
0.877960	-0.470404	-0.088915	0.478073	0.871250	0.111223	0.025148	-0.140157	0.989810
0.878481	-0.469508	-0.088513	0.477128	0.871759	0.111285	0.024913	-0.139993	0.989839
0.878878	-0.468829	-0.088162	0.476417	0.872090	0.111740	0.024498	-0.140207	0.989819
0.879015	-0.468699	-0.087488	0.476208	0.872126	0.112353	0.023640	-0.140422	0.989809
0.879015	-0.468699	-0.087488	0.476208	0.872126	0.112353	0.023640	-0.140422	0.989809
0.879445	-0.467988	-0.086974	0.475421	0.872604	0.111972	0.023492	-0.139823	0.989898
0.879075	-0.468709	-0.086831	0.476100	0.872324	0.111266	0.023593	-0.139152	0.989990
0.877757	-0.471125	-0.087083	0.478496	0.871204	0.109752	0.024160	-0.138005	0.990137
0.876092	-0.474107	-0.087663	0.481478	0.869848	0.107441	0.025315	-0.136336	0.990339
0.874636	-0.476693	-0.088184	0.484062	0.868668	0.105354	0.026381	-0.134833	0.990517
0.873717	-0.478273	-0.088739	0.485667	0.867948	0.103893	0.027332	-0.133870	0.990622
0.873254	-0.478982	-0.089460	0.486439	0.867639	0.102857	0.028352	-0.133337	0.990665
0.873182	-0.478992	-0.090105	0.486522	0.867649	0.102378	0.029141	-0.133232	0.990656
0.873185	-0.479104	-0.089486	0.486551	0.867628	0.102417	0.028572	-0.132969	0.990708
0.874536	-0.476707	-0.089092	0.484152	0.868824	0.103639	0.027999	-0.133770	0.990617
0.876211	-0.473630	-0.089042	0.481122	0.870363	0.104829	0.027849	-0.134692	0.990496
0.877583	-0.471141	-0.088738	0.478658	0.871506	0.106600	0.027112	-0.136025	0.990334
