0.705324	-0.704116	-0.082091	0.708725	0.697955	0.102801	-0.015088	-0.130688	0.991309
0.705787	-0.703657	-0.082041	0.708255	0.698348	0.103365	-0.015441	-0.131060	0.991254
0.707657	-0.701659	-0.083039	0.706396	0.700088	0.104317	-0.015060	-0.132479	0.991071
0.710501	-0.698750	-0.083285	0.703502	0.702531	0.107405	-0.016539	-0.134902	0.990721
0.713753	-0.695378	-0.083706	0.700149	0.705196	0.111759	-0.018685	-0.138375	0.990204
0.716998	-0.691983	-0.084103	0.696780	0.707943	0.115389	-0.020307	-0.141335	0.989754
0.719847	-0.689033	-0.083987	0.693777	0.710317	0.118842	-0.022229	-0.143816	0.989355
0.722575	-0.686174	-0.083970	0.690875	0.712568	0.122224	-0.024033	-0.146329	0.988944
0.725367	-0.683269	-0.083584	0.687857	0.714817	0.126057	-0.026384	-0.148931	0.988496
0.727932	-0.680636	-0.082766	0.685019	0.716769	0.130347	-0.029394	-0.151580	0.988008
0.729918	-0.678651	-0.081562	0.682758	0.718192	0.134321	-0.032580	-0.153731	0.987576
0.731505	-0.677120	-0.080054	0.680890	0.719253	0.138074	-0.035914	-0.155510	0.987181
0.732372	-0.676363	-0.078512	0.679776	0.719646	0.141471	-0.039185	-0.156980	0.986824
0.732668	-0.676153	-0.077560	0.679309	0.719549	0.144183	-0.041681	-0.158325	0.986507
0.732678	-0.676209	-0.076968	0.679170	0.719210	0.146509	-0.043715	-0.159618	0.986211
0.732450	-0.676539	-0.076235	0.679261	0.718600	0.149063	-0.046064	-0.160964	0.985885
0.732306	-0.676771	-0.075560	0.679234	0.717990	0.152091	-0.048679	-0.162700	0.985474
0.731921	-0.677243	-0.075051	0.679478	0.717186	0.154770	-0.050991	-0.164275	0.985096
0.731370	-0.677854	-0.074914	0.679894	0.716133	0.157790	-0.053311	-0.166337	0.984627
0.730739	-0.678517	-0.075061	0.680421	0.715041	0.160448	-0.055195	-0.168319	0.984186
0.730028	-0.679247	-0.075381	0.681071	0.713951	0.162532	-0.056581	-0.169993	0.983820
0.729321	-0.679963	-0.075764	0.681717	0.712865	0.164577	-0.057897	-0.171679	0.983450
0.728566	-0.680763	-0.075851	0.682389	0.711737	0.166659	-0.059469	-0.173182	0.983093
0.727162	-0.682237	-0.076081	0.683820	0.710175	0.167457	-0.060215	-0.173794	0.982939
0.724117	-0.685425	-0.076469	0.687112	0.707422	0.165624	-0.059427	-0.172474	0.983220
