0.913680	-0.396545	-0.089106	0.403837	0.910498	0.088932	0.045865	-0.117239	0.992044
0.914132	-0.395410	-0.089515	0.402778	0.910918	0.089432	0.046179	-0.117807	0.991962
0.914132	-0.395410	-0.089515	0.402778	0.910918	0.089432	0.046179	-0.117807	0.991962
0.913881	-0.396044	-0.089276	0.403367	0.910686	0.089145	0.045997	-0.117479	0.992010
0.913881	-0.396044	-0.089276	0.403367	0.910686	0.089145	0.045997	-0.117479	0.992010
0.913981	-0.395735	-0.089618	0.403087	0.910837	0.088868	0.046459	-0.117347	0.992004
0.914317	-0.394772	-0.090442	0.402229	0.911206	0.088963	0.047291	-0.117719	0.991920
0.914684	-0.393753	-0.091171	0.401309	0.911593	0.089155	0.048006	-0.118137	0.991836
0.914903	-0.393125	-0.091676	0.400741	0.911847	0.089111	0.048563	-0.118266	0.991794
0.914903	-0.393125	-0.091676	0.400741	0.911847	0.089111	0.048563	-0.118266	0.991794
0.915051	-0.392710	-0.091982	0.400359	0.912026	0.089002	0.048938	-0.118267	0.991775
0.914981	-0.392709	-0.092683	0.400430	0.912016	0.088785	0.049662	-0.118350	0.991729
0.914665	-0.393413	-0.092809	0.401136	0.911728	0.088558	0.049776	-0.118230	0.991738
0.914381	-0.394116	-0.092633	0.401799	0.911467	0.088238	0.049656	-0.117902	0.991783
0.914328	-0.394296	-0.092387	0.401941	0.911421	0.088066	0.049479	-0.117655	0.991821
0.914328	-0.394296	-0.092387	0.401941	0.911421	0.088066	0.049479	-0.117655	0.991821
0.914328	-0.394296	-0.092387	0.401941	0.911421	0.088066	0.049479	-0.117655	0.991821
0.913913	-0.395292	-0.092237	0.402895	0.911041	0.087636	0.049390	-0.117254	0.991873
0.913541	-0.396172	-0.092138	0.403744	0.910698	0.087294	0.049326	-0.116947	0.991912
0.913541	-0.396172	-0.092138	0.403744	0.910698	0.087294	0.049326	-0.116947	0.991912
0.914097	-0.394746	-0.092752	0.402416	0.911241	0.087750	0.049881	-0.117537	0.991815
0.914321	-0.394212	-0.092811	0.401913	0.911422	0.088178	0.049829	-0.117925	0.991772
0.914142	-0.394606	-0.092906	0.402290	0.911307	0.087645	0.050080	-0.117495	0.991810
0.914142	-0.394606	-0.092906	0.402290	0.911307	0.087645	0.050080	-0.117495	0.991810
