0.924033	-0.367630	-0.104936	0.375890	0.923718	0.073835	0.069787	-0.107671	0.991734
0.924033	-0.367630	-0.104936	0.375890	0.923718	0.073835	0.069787	-0.107671	0.991734
0.924231	-0.367047	-0.105231	0.375329	0.923957	0.073699	0.070178	-0.107611	0.991713
0.924231	-0.367047	-0.105231	0.375329	0.923957	0.073699	0.070178	-0.107611	0.991713
0.924231	-0.367047	-0.105231	0.375329	0.923957	0.073699	0.070178	-0.107611	0.991713
0.924301	-0.367126	-0.104333	0.375348	0.923907	0.074224	0.069144	-0.107766	0.991769
0.924295	-0.367418	-0.103357	0.375562	0.923788	0.074632	0.068059	-0.107799	0.991840
0.924306	-0.367579	-0.102682	0.375672	0.923715	0.074968	0.067292	-0.107868	0.991885
0.924306	-0.367579	-0.102682	0.375672	0.923715	0.074968	0.067292	-0.107868	0.991885
0.924009	-0.368270	-0.102879	0.376399	0.923402	0.075189	0.067309	-0.108199	0.991848
0.923684	-0.369017	-0.103124	0.377177	0.923079	0.075256	0.067420	-0.108409	0.991818
0.923684	-0.369017	-0.103124	0.377177	0.923079	0.075256	0.067420	-0.108409	0.991818
0.923684	-0.369017	-0.103124	0.377177	0.923079	0.075256	0.067420	-0.108409	0.991818
0.923684	-0.369017	-0.103124	0.377177	0.923079	0.075256	0.067420	-0.108409	0.991818
0.923684	-0.369017	-0.103124	0.377177	0.923079	0.075256	0.067420	-0.108409	0.991818
0.923684	-0.369017	-0.103124	0.377177	0.923079	0.075256	0.067420	-0.108409	0.991818
0.923485	-0.369374	-0.103622	0.377559	0.922958	0.074822	0.068002	-0.108221	0.991798
0.923485	-0.369374	-0.103622	0.377559	0.922958	0.074822	0.068002	-0.108221	0.991798
0.923485	-0.369374	-0.103622	0.377559	0.922958	0.074822	0.068002	-0.108221	0.991798
0.923485	-0.369374	-0.103622	0.377559	0.922958	0.074822	0.068002	-0.108221	0.991798
0.923485	-0.369374	-0.103622	0.377559	0.922958	0.074822	0.068002	-0.108221	0.991798
0.923485	-0.369374	-0.103622	0.377559	0.922958	0.074822	0.068002	-0.108221	0.991798
0.923571	-0.369015	-0.104133	0.377221	0.923136	0.074326	0.068702	-0.107927	0.991782
0.923571	-0.369015	-0.104133	0.377221	0.923136	0.074326	0.068702	-0.107927	0.991782
0.923669	-0.368604	-0.104722	0.376850	0.923315	0.073982	0.069422	-0.107800	0.991746
0.923883	-0.368019	-0.104887	0.376284	0.923546	0.073984	0.069641	-0.107820	0.991728
