0.676058	-0.733638	-0.068711	0.736841	0.672705	0.067322	-0.003168	-0.096143	0.995363
0.674476	-0.735018	-0.069502	0.738292	0.671160	0.066853	-0.002491	-0.096404	0.995339
0.672292	-0.737000	-0.069682	0.740283	0.669025	0.066233	-0.002195	-0.096113	0.995368
0.669720	-0.739412	-0.068887	0.742610	0.666532	0.065310	-0.002376	-0.094896	0.995484
0.668364	-0.740721	-0.067984	0.743829	0.665218	0.064834	-0.002800	-0.093901	0.995578
0.667922	-0.741195	-0.067162	0.744224	0.664779	0.064810	-0.003389	-0.093272	0.995635
0.667922	-0.741195	-0.067162	0.744224	0.664779	0.064810	-0.003389	-0.093272	0.995635
0.667922	-0.741195	-0.067162	0.744224	0.664779	0.064810	-0.003389	-0.093272	0.995635
0.668639	-0.740592	-0.066672	0.743578	0.665487	0.064946	-0.003729	-0.093001	0.995659
0.668639	-0.740592	-0.066672	0.743578	0.665487	0.064946	-0.003729	-0.093001	0.995659
0.668639	-0.740592	-0.066672	0.743578	0.665487	0.064946	-0.003729	-0.093001	0.995659
0.669554	-0.739658	-0.067850	0.742757	0.666372	0.065273	-0.003066	-0.094099	0.995558
0.671334	-0.737951	-0.068849	0.741151	0.668110	0.065762	-0.002530	-0.095176	0.995457
0.673362	-0.736020	-0.069704	0.739310	0.670096	0.066270	-0.002068	-0.096157	0.995364
0.674241	-0.735146	-0.070432	0.738510	0.670945	0.066607	-0.001710	-0.096924	0.995290
0.674241	-0.735146	-0.070432	0.738510	0.670945	0.066607	-0.001710	-0.096924	0.995290
0.674402	-0.734937	-0.071059	0.738362	0.671050	0.067178	-0.001687	-0.097772	0.995207
0.674402	-0.734937	-0.071059	0.738362	0.671050	0.067178	-0.001687	-0.097772	0.995207
0.675169	-0.734269	-0.070677	0.737659	0.671747	0.067934	-0.002405	-0.098003	0.995183
0.676065	-0.733485	-0.070262	0.736836	0.672589	0.068535	-0.003012	-0.098105	0.995171
0.676952	-0.732647	-0.070458	0.736021	0.673419	0.069140	-0.003207	-0.098663	0.995116
0.677655	-0.731921	-0.071241	0.735374	0.674067	0.069703	-0.002996	-0.099623	0.995021
0.676964	-0.732524	-0.071615	0.736011	0.673398	0.069443	-0.002644	-0.099720	0.995012
0.674685	-0.734628	-0.071568	0.738103	0.671231	0.068210	-0.002070	-0.098845	0.995101
0.672257	-0.736892	-0.071140	0.740315	0.668902	0.067107	-0.001865	-0.097779	0.995206
0.670763	-0.738293	-0.070713	0.741669	0.667486	0.066253	-0.001714	-0.096885	0.995294
