0.646485	-0.757145	-0.093752	0.762752	0.638805	0.100690	-0.016348	-0.136604	0.990491
0.646485	-0.757145	-0.093752	0.762752	0.638805	0.100690	-0.016348	-0.136604	0.990491
0.646485	-0.757145	-0.093752	0.762752	0.638805	0.100690	-0.016348	-0.136604	0.990491
0.648401	-0.755466	-0.094058	0.761139	0.640765	0.100438	-0.015608	-0.136715	0.990487
0.650748	-0.753483	-0.093757	0.759124	0.643008	0.101351	-0.016080	-0.137127	0.990423
0.651770	-0.752622	-0.093577	0.758247	0.644031	0.101421	-0.016065	-0.137058	0.990433
0.652301	-0.752094	-0.094115	0.757807	0.644624	0.100939	-0.015247	-0.137164	0.990431
0.652301	-0.752094	-0.094115	0.757807	0.644624	0.100939	-0.015247	-0.137164	0.990431
0.652287	-0.752142	-0.093827	0.757812	0.644591	0.101110	-0.015569	-0.137056	0.990441
0.652287	-0.752142	-0.093827	0.757812	0.644591	0.101110	-0.015569	-0.137056	0.990441
0.652287	-0.752142	-0.093827	0.757812	0.644591	0.101110	-0.015569	-0.137056	0.990441
0.652287	-0.752142	-0.093827	0.757812	0.644591	0.101110	-0.015569	-0.137056	0.990441
0.653035	-0.751499	-0.093780	0.757167	0.645315	0.101323	-0.015627	-0.137175	0.990424
0.653035	-0.751499	-0.093780	0.757167	0.645315	0.101323	-0.015627	-0.137175	0.990424
0.653035	-0.751499	-0.093780	0.757167	0.645315	0.101323	-0.015627	-0.137175	0.990424
0.651204	-0.753148	-0.093283	0.758748	0.643656	0.100038	-0.015301	-0.135923	0.990601
0.648975	-0.755166	-0.092498	0.760653	0.641559	0.099042	-0.015450	-0.134635	0.990775
0.647403	-0.756566	-0.092072	0.761992	0.640090	0.098248	-0.015397	-0.133764	0.990894
0.647403	-0.756566	-0.092072	0.761992	0.640090	0.098248	-0.015397	-0.133764	0.990894
0.647061	-0.756825	-0.092344	0.762296	0.639845	0.097480	-0.014689	-0.133469	0.990944
0.647061	-0.756825	-0.092344	0.762296	0.639845	0.097480	-0.014689	-0.133469	0.990944
0.647061	-0.756825	-0.092344	0.762296	0.639845	0.097480	-0.014689	-0.133469	0.990944
0.647553	-0.756402	-0.092366	0.761884	0.640369	0.097263	-0.014421	-0.133355	0.990963
0.647553	-0.756402	-0.092366	0.761884	0.640369	0.097263	-0.014421	-0.133355	0.990963
