0.990672	0.123574	-0.057432	-0.119525	0.990411	0.069284	0.065443	-0.061773	0.995942
0.990659	0.123543	-0.057727	-0.119463	0.990405	0.069480	0.065756	-0.061934	0.995912
0.990635	0.123812	-0.057563	-0.119743	0.990372	0.069460	0.065608	-0.061916	0.995923
0.990632	0.123765	-0.057714	-0.119699	0.990390	0.069282	0.065734	-0.061725	0.995926
0.990630	0.123727	-0.057827	-0.119659	0.990401	0.069195	0.065833	-0.061627	0.995926
0.990646	0.123669	-0.057682	-0.119598	0.990395	0.069379	0.065708	-0.061831	0.995921
0.990717	0.123177	-0.057511	-0.119112	0.990449	0.069447	0.065516	-0.061952	0.995926
0.990794	0.122644	-0.057324	-0.118589	0.990510	0.069471	0.065301	-0.062033	0.995936
0.990818	0.122405	-0.057413	-0.118344	0.990538	0.069487	0.065375	-0.062054	0.995929
0.990824	0.122364	-0.057398	-0.118307	0.990546	0.069443	0.065352	-0.062015	0.995933
0.990855	0.122062	-0.057509	-0.117994	0.990579	0.069509	0.065451	-0.062087	0.995922
0.990880	0.121966	-0.057273	-0.117880	0.990557	0.070015	0.065272	-0.062625	0.995900
0.990857	0.122130	-0.057335	-0.118028	0.990526	0.070192	0.065364	-0.062783	0.995884
0.990844	0.122204	-0.057404	-0.118097	0.990518	0.070190	0.065437	-0.062768	0.995881
0.990845	0.122212	-0.057366	-0.118102	0.990511	0.070281	0.065411	-0.062863	0.995876
0.990807	0.122524	-0.057346	-0.118417	0.990475	0.070263	0.065409	-0.062827	0.995879
0.990772	0.122905	-0.057137	-0.118806	0.990424	0.070328	0.065234	-0.062891	0.995886
0.990764	0.122878	-0.057341	-0.118768	0.990431	0.070290	0.065430	-0.062830	0.995877
0.990784	0.122741	-0.057295	-0.118631	0.990444	0.070342	0.065381	-0.062897	0.995876
0.990778	0.122782	-0.057310	-0.118668	0.990436	0.070386	0.065404	-0.062936	0.995872
0.990777	0.122751	-0.057386	-0.118633	0.990440	0.070390	0.065478	-0.062933	0.995867
0.990798	0.122488	-0.057588	-0.118374	0.990489	0.070134	0.065631	-0.062672	0.995874
0.990803	0.122417	-0.057648	-0.118302	0.990501	0.070093	0.065681	-0.062629	0.995873
0.990794	0.122620	-0.057377	-0.118517	0.990470	0.070167	0.065434	-0.062720	0.995884
0.990777	0.122804	-0.057273	-0.118699	0.990439	0.070292	0.065357	-0.062845	0.995881
