0.989487	0.134163	-0.054000	-0.128960	0.987517	0.090444	0.065460	-0.082530	0.994436
0.989475	0.134223	-0.054069	-0.129002	0.987494	0.090627	0.065557	-0.082698	0.994416
0.989470	0.134360	-0.053821	-0.129152	0.987464	0.090748	0.065339	-0.082841	0.994419
0.989480	0.134145	-0.054166	-0.128924	0.987516	0.090497	0.065630	-0.082562	0.994423
0.989547	0.133728	-0.053975	-0.128535	0.987582	0.090331	0.065384	-0.082449	0.994448
0.989581	0.133538	-0.053822	-0.128361	0.987609	0.090290	0.065213	-0.082441	0.994460
0.989590	0.133226	-0.054431	-0.128021	0.987683	0.089963	0.065746	-0.082058	0.994457
0.989630	0.133055	-0.054113	-0.127882	0.987709	0.089870	0.065405	-0.082018	0.994482
0.989611	0.133288	-0.053895	-0.128132	0.987675	0.089894	0.065212	-0.082055	0.994492
0.989576	0.133588	-0.053782	-0.128445	0.987640	0.089827	0.065117	-0.081982	0.994504
0.989563	0.133811	-0.053473	-0.128694	0.987610	0.089802	0.064827	-0.081983	0.994523
0.989554	0.133858	-0.053525	-0.128752	0.987623	0.089572	0.064852	-0.081745	0.994541
0.989511	0.134096	-0.053729	-0.128985	0.987610	0.089382	0.065049	-0.081514	0.994547
0.989454	0.134297	-0.054267	-0.129147	0.987597	0.089298	0.065586	-0.081347	0.994526
0.989334	0.134739	-0.055357	-0.129508	0.987561	0.089174	0.066684	-0.081053	0.994477
0.989132	0.135637	-0.056748	-0.130269	0.987431	0.089494	0.068174	-0.081129	0.994369
0.988919	0.136729	-0.057833	-0.131225	0.987244	0.090161	0.069423	-0.081572	0.994247
0.988799	0.137402	-0.058284	-0.131851	0.987150	0.090277	0.069940	-0.081581	0.994210
0.988790	0.137346	-0.058564	-0.131775	0.987163	0.090244	0.070207	-0.081515	0.994196
0.988849	0.137175	-0.057968	-0.131605	0.987124	0.090921	0.069693	-0.082278	0.994170
0.988847	0.137387	-0.057493	-0.131836	0.987066	0.091213	0.069281	-0.082616	0.994170
0.988989	0.136827	-0.056391	-0.131388	0.987152	0.090929	0.068108	-0.082518	0.994260
0.989243	0.135630	-0.054800	-0.130370	0.987349	0.090250	0.066347	-0.082135	0.994410
0.989342	0.135205	-0.054057	-0.130002	0.987390	0.090339	0.065590	-0.082349	0.994443
0.989413	0.135085	-0.053037	-0.129957	0.987382	0.090492	0.064592	-0.082642	0.994484
