0.991359	0.130311	-0.015041	-0.128664	0.988293	0.081994	0.025549	-0.079350	0.996519
0.991320	0.130569	-0.015404	-0.128906	0.988303	0.081484	0.025863	-0.078791	0.996556
0.991325	0.130479	-0.015788	-0.128788	0.988328	0.081370	0.026221	-0.078631	0.996559
0.991295	0.130690	-0.015953	-0.128979	0.988281	0.081637	0.026435	-0.078869	0.996534
0.991273	0.130827	-0.016161	-0.129104	0.988280	0.081452	0.026628	-0.078655	0.996546
0.991296	0.130668	-0.016047	-0.128967	0.988339	0.080953	0.026438	-0.078179	0.996589
0.991362	0.130222	-0.015592	-0.128567	0.988416	0.080645	0.025913	-0.077944	0.996621
0.991393	0.130005	-0.015463	-0.128369	0.988471	0.080288	0.025723	-0.077612	0.996652
0.991414	0.129837	-0.015492	-0.128198	0.988488	0.080348	0.025746	-0.077672	0.996646
0.991419	0.129808	-0.015403	-0.128173	0.988481	0.080484	0.025673	-0.077819	0.996637
0.991398	0.130002	-0.015175	-0.128384	0.988455	0.080459	0.025460	-0.077819	0.996642
0.991359	0.130348	-0.014704	-0.128769	0.988413	0.080365	0.025009	-0.077777	0.996657
0.991291	0.130913	-0.014308	-0.129365	0.988340	0.080303	0.024654	-0.077753	0.996668
0.991265	0.131142	-0.013970	-0.129618	0.988302	0.080362	0.024345	-0.077849	0.996668
0.991279	0.131057	-0.013814	-0.129546	0.988315	0.080315	0.024178	-0.077825	0.996674
0.991296	0.130892	-0.014130	-0.129360	0.988349	0.080205	0.024464	-0.077679	0.996678
0.991334	0.130604	-0.014113	-0.129075	0.988392	0.080134	0.024415	-0.077618	0.996684
0.991373	0.130290	-0.014296	-0.128751	0.988442	0.080029	0.024557	-0.077498	0.996690
0.991432	0.129839	-0.014270	-0.128301	0.988494	0.080109	0.024507	-0.077592	0.996684
0.991461	0.129669	-0.013848	-0.128156	0.988484	0.080472	0.024123	-0.078010	0.996661
0.991437	0.129849	-0.013856	-0.128343	0.988487	0.080136	0.024102	-0.077671	0.996688
0.991397	0.130163	-0.013784	-0.128670	0.988473	0.079786	0.024010	-0.077326	0.996717
0.991377	0.130327	-0.013630	-0.128846	0.988451	0.079766	0.023868	-0.077322	0.996720
0.991331	0.130691	-0.013552	-0.129210	0.988388	0.079964	0.023845	-0.077520	0.996706
0.991261	0.131186	-0.013881	-0.129683	0.988343	0.079756	0.024182	-0.077259	0.996718
