0.994502	0.101477	-0.025838	-0.097342	0.986845	0.129081	0.038597	-0.125857	0.991297
0.994537	0.101118	-0.025890	-0.096984	0.986895	0.128970	0.038592	-0.125755	0.991310
0.994559	0.100927	-0.025812	-0.096793	0.986876	0.129252	0.038519	-0.126051	0.991276
0.994547	0.101132	-0.025474	-0.097029	0.986820	0.129502	0.038235	-0.126324	0.991252
0.994501	0.101590	-0.025444	-0.097487	0.986773	0.129517	0.038265	-0.126324	0.991251
0.994506	0.101620	-0.025110	-0.097562	0.986779	0.129415	0.037930	-0.126254	0.991273
0.994529	0.101449	-0.024924	-0.097421	0.986810	0.129284	0.037711	-0.126149	0.991294
0.994506	0.101724	-0.024684	-0.097719	0.986760	0.129441	0.037524	-0.126318	0.991280
0.994487	0.101871	-0.024846	-0.097848	0.986760	0.129345	0.037693	-0.126201	0.991288
0.994487	0.101865	-0.024879	-0.097841	0.986772	0.129256	0.037716	-0.126109	0.991299
0.994494	0.101845	-0.024663	-0.097849	0.986772	0.129251	0.037501	-0.126126	0.991305
0.994459	0.102100	-0.025038	-0.098051	0.986741	0.129336	0.037912	-0.126164	0.991285
0.994451	0.102148	-0.025178	-0.098081	0.986738	0.129337	0.038056	-0.126149	0.991281
0.994458	0.102029	-0.025356	-0.097938	0.986745	0.129395	0.038222	-0.126194	0.991269
0.994425	0.102292	-0.025598	-0.098171	0.986729	0.129339	0.038489	-0.126105	0.991270
0.994382	0.102737	-0.025477	-0.098629	0.986687	0.129307	0.038423	-0.126068	0.991277
0.994344	0.103146	-0.025308	-0.099056	0.986643	0.129321	0.038309	-0.126082	0.991280
0.994313	0.103419	-0.025416	-0.099321	0.986642	0.129125	0.038431	-0.125866	0.991303
0.994301	0.103546	-0.025363	-0.099457	0.986641	0.129024	0.038384	-0.125766	0.991317
0.994302	0.103577	-0.025188	-0.099519	0.986666	0.128790	0.038192	-0.125549	0.991352
0.994296	0.103564	-0.025513	-0.099468	0.986681	0.128710	0.038503	-0.125438	0.991354
0.994314	0.103295	-0.025878	-0.099164	0.986738	0.128511	0.038809	-0.125214	0.991370
0.994341	0.103035	-0.025860	-0.098898	0.986733	0.128754	0.038783	-0.125468	0.991339
0.994400	0.102517	-0.025658	-0.098411	0.986790	0.128691	0.038512	-0.125446	0.991353
0.994410	0.102446	-0.025561	-0.098350	0.986784	0.128784	0.038416	-0.125550	0.991343
