0.991680	0.128026	-0.013400	-0.125740	0.985709	0.112105	0.027561	-0.109487	0.993606
0.991635	0.128345	-0.013717	-0.126019	0.985659	0.112231	0.027925	-0.109564	0.993587
0.991586	0.128726	-0.013691	-0.126391	0.985573	0.112566	0.027984	-0.109889	0.993550
0.991569	0.128869	-0.013538	-0.126546	0.985534	0.112731	0.027869	-0.110067	0.993533
0.991614	0.128527	-0.013478	-0.126208	0.985559	0.112891	0.027793	-0.110243	0.993516
0.991677	0.128100	-0.012967	-0.125818	0.985519	0.113676	0.027341	-0.111098	0.993433
0.991689	0.127990	-0.013070	-0.125691	0.985507	0.113917	0.027460	-0.111328	0.993404
0.991724	0.127708	-0.013181	-0.125401	0.985557	0.113807	0.027525	-0.111212	0.993415
0.991828	0.126920	-0.013013	-0.124637	0.985653	0.113814	0.027272	-0.111262	0.993417
0.991906	0.126323	-0.012832	-0.124058	0.985706	0.113988	0.027048	-0.111474	0.993399
0.991892	0.126481	-0.012355	-0.124262	0.985652	0.114229	0.026625	-0.111767	0.993378
0.991881	0.126595	-0.012057	-0.124409	0.985636	0.114207	0.026342	-0.111779	0.993384
0.991910	0.126408	-0.011657	-0.124272	0.985670	0.114066	0.025909	-0.111695	0.993405
0.991926	0.126270	-0.011776	-0.124124	0.985697	0.113991	0.026001	-0.111609	0.993412
0.991947	0.126080	-0.012008	-0.123909	0.985722	0.114016	0.026211	-0.111610	0.993406
0.992013	0.125533	-0.012286	-0.123336	0.985803	0.113933	0.026414	-0.111508	0.993412
0.991992	0.125755	-0.011726	-0.123623	0.985782	0.113800	0.025870	-0.111439	0.993434
0.991897	0.126545	-0.011262	-0.124464	0.985696	0.113628	0.025480	-0.111305	0.993460
0.991809	0.127250	-0.011021	-0.125195	0.985622	0.113471	0.025302	-0.111162	0.993480
0.991753	0.127711	-0.010748	-0.125686	0.985570	0.113378	0.025072	-0.111092	0.993494
0.991748	0.127730	-0.010962	-0.125681	0.985570	0.113386	0.025287	-0.111072	0.993491
0.991763	0.127605	-0.011111	-0.125549	0.985627	0.113037	0.025375	-0.110711	0.993529
0.991760	0.127592	-0.011536	-0.125503	0.985693	0.112510	0.025726	-0.110136	0.993584
0.991776	0.127487	-0.011326	-0.125427	0.985723	0.112327	0.025484	-0.109982	0.993607
0.991818	0.127191	-0.010970	-0.125177	0.985780	0.112105	0.025072	-0.109815	0.993636
