0.997267	-0.003324	-0.073804	0.011830	0.993282	0.115111	0.072925	-0.115669	0.990607
0.997269	-0.001902	-0.073826	0.010396	0.993328	0.114850	0.073115	-0.115304	0.990636
0.997266	0.000048	-0.073889	0.008438	0.993384	0.114529	0.073406	-0.114840	0.990668
0.997291	0.001199	-0.073545	0.007260	0.993379	0.114651	0.073196	-0.114875	0.990680
0.997350	0.001932	-0.072721	0.006453	0.993357	0.114891	0.072460	-0.115055	0.990713
0.997384	0.001743	-0.072270	0.006607	0.993327	0.115139	0.071989	-0.115315	0.990717
0.997501	-0.000030	-0.070659	0.008186	0.993315	0.115148	0.070183	-0.115439	0.990832
0.997538	-0.000649	-0.070125	0.008696	0.993385	0.114500	0.069587	-0.114828	0.990945
0.997479	-0.000422	-0.070956	0.008485	0.993516	0.113372	0.070448	-0.113688	0.991016
0.997420	-0.000862	-0.071777	0.009006	0.993530	0.113216	0.071215	-0.113571	0.990974
0.997414	-0.001611	-0.071848	0.009840	0.993395	0.114325	0.071190	-0.114736	0.990842
0.997408	-0.002414	-0.071919	0.010629	0.993416	0.114068	0.071170	-0.114537	0.990866
0.997421	-0.003294	-0.071702	0.011431	0.993487	0.113369	0.070862	-0.113896	0.990962
0.997440	-0.004451	-0.071374	0.012549	0.993469	0.113408	0.070403	-0.114014	0.990981
0.997450	-0.004801	-0.071213	0.012912	0.993411	0.113878	0.070197	-0.114507	0.990939
0.997445	-0.003917	-0.071328	0.012059	0.993398	0.114080	0.070411	-0.114649	0.990908
0.997474	-0.003381	-0.070955	0.011463	0.993437	0.113808	0.070104	-0.114334	0.990966
0.997543	-0.003511	-0.069966	0.011475	0.993442	0.113757	0.069108	-0.114281	0.991042
0.997537	-0.003163	-0.070074	0.011153	0.993427	0.113927	0.069253	-0.114428	0.991015
0.997540	-0.002711	-0.070051	0.010697	0.993438	0.113871	0.069282	-0.114340	0.991023
0.997555	-0.002676	-0.069828	0.010626	0.993454	0.113742	0.069067	-0.114206	0.991053
0.997574	-0.002431	-0.069572	0.010344	0.993472	0.113608	0.068842	-0.114052	0.991087
0.997585	-0.002022	-0.069421	0.009897	0.993513	0.113285	0.068741	-0.113698	0.991134
0.997594	-0.002173	-0.069297	0.010034	0.993511	0.113293	0.068601	-0.113716	0.991142
0.997556	-0.002512	-0.069821	0.010434	0.993503	0.113328	0.069082	-0.113780	0.991101
