0.995159	0.095298	-0.024035	-0.091350	0.987096	0.131518	0.036258	-0.128686	0.991022
0.995164	0.095229	-0.024095	-0.091275	0.987108	0.131479	0.036305	-0.128643	0.991026
0.995131	0.095274	-0.025256	-0.091181	0.987155	0.131188	0.037430	-0.128246	0.991036
0.995160	0.094801	-0.025870	-0.090633	0.987206	0.131188	0.037976	-0.128208	0.991020
0.995260	0.093854	-0.025459	-0.089770	0.987368	0.130558	0.037391	-0.127653	0.991114
0.995300	0.093502	-0.025221	-0.089456	0.987413	0.130438	0.037100	-0.127569	0.991136
0.995251	0.094003	-0.025272	-0.089932	0.987319	0.130816	0.037249	-0.127922	0.991085
0.995229	0.094308	-0.025023	-0.090249	0.987228	0.131289	0.037085	-0.128404	0.991028
0.995239	0.094227	-0.024903	-0.090170	0.987186	0.131654	0.036989	-0.128782	0.990983
0.995286	0.093593	-0.025435	-0.089450	0.987172	0.132251	0.037487	-0.129352	0.990890
0.995354	0.092626	-0.026294	-0.088375	0.987252	0.132378	0.038220	-0.129439	0.990851
0.995402	0.092063	-0.026427	-0.087817	0.987363	0.131918	0.038238	-0.128990	0.990908
0.995391	0.092176	-0.026451	-0.087910	0.987301	0.132319	0.038312	-0.129384	0.990854
0.995367	0.092548	-0.026073	-0.088321	0.987238	0.132514	0.038004	-0.129597	0.990838
0.995321	0.093047	-0.026055	-0.088816	0.987186	0.132572	0.038057	-0.129638	0.990831
0.995299	0.093445	-0.025445	-0.089278	0.987101	0.132895	0.037535	-0.129999	0.990803
0.995278	0.093764	-0.025117	-0.089638	0.987072	0.132867	0.037251	-0.129988	0.990816
0.995249	0.094071	-0.025114	-0.089947	0.987059	0.132757	0.037278	-0.129867	0.990830
0.995243	0.094162	-0.025011	-0.090053	0.987056	0.132703	0.037183	-0.129819	0.990840
0.995226	0.094287	-0.025214	-0.090150	0.987048	0.132700	0.037399	-0.129794	0.990835
0.995230	0.094291	-0.025024	-0.090171	0.987016	0.132922	0.037233	-0.130031	0.990811
0.995227	0.094310	-0.025082	-0.090176	0.986997	0.133058	0.037305	-0.130161	0.990791
0.995233	0.094345	-0.024715	-0.090259	0.986991	0.133047	0.036946	-0.130182	0.990802
0.995239	0.094313	-0.024566	-0.090254	0.987016	0.132864	0.036778	-0.130014	0.990830
0.995229	0.094308	-0.025014	-0.090195	0.987039	0.132739	0.037208	-0.129850	0.990835
