0.994759	0.096510	-0.033756	-0.091292	0.987067	0.131771	0.046036	-0.127999	0.990705
0.994851	0.095649	-0.033510	-0.090465	0.987131	0.131862	0.045691	-0.128152	0.990701
0.994896	0.095070	-0.033823	-0.089838	0.987153	0.132130	0.045950	-0.128417	0.990655
0.994935	0.094464	-0.034371	-0.089160	0.987196	0.132269	0.046426	-0.128535	0.990618
0.994968	0.093977	-0.034739	-0.088626	0.987233	0.132351	0.046734	-0.128607	0.990594
0.994988	0.093725	-0.034850	-0.088352	0.987231	0.132550	0.046828	-0.128806	0.990564
0.994980	0.093820	-0.034814	-0.088438	0.987187	0.132816	0.046829	-0.129070	0.990529
0.994929	0.094354	-0.034846	-0.088963	0.987138	0.132830	0.046931	-0.129057	0.990526
0.994915	0.094694	-0.034316	-0.089369	0.987100	0.132844	0.046453	-0.129101	0.990543
0.994900	0.094973	-0.033972	-0.089693	0.987080	0.132774	0.046143	-0.129050	0.990564
0.994861	0.095350	-0.034066	-0.090064	0.987073	0.132573	0.046267	-0.128823	0.990588
0.994865	0.095308	-0.034051	-0.090027	0.987082	0.132529	0.046242	-0.128783	0.990594
0.994877	0.095201	-0.033994	-0.089942	0.987132	0.132217	0.046144	-0.128482	0.990638
0.994885	0.095100	-0.034063	-0.089850	0.987188	0.131862	0.046167	-0.128127	0.990683
0.994832	0.095483	-0.034542	-0.090175	0.987178	0.131714	0.046675	-0.127919	0.990686
0.994829	0.095743	-0.033880	-0.090532	0.987185	0.131412	0.046028	-0.127665	0.990749
0.994836	0.095866	-0.033340	-0.090741	0.987217	0.131029	0.045475	-0.127327	0.990818
0.994835	0.095978	-0.033036	-0.090891	0.987205	0.131015	0.045188	-0.127336	0.990830
0.994836	0.096019	-0.032882	-0.090974	0.987264	0.130510	0.044995	-0.126845	0.990901
0.994827	0.096062	-0.033034	-0.091064	0.987447	0.129060	0.045018	-0.125384	0.991086
0.994823	0.096013	-0.033311	-0.090982	0.987459	0.129024	0.045282	-0.125325	0.991082
0.994826	0.095993	-0.033264	-0.090944	0.987391	0.129568	0.045282	-0.125873	0.991012
0.994860	0.095668	-0.033197	-0.090662	0.987510	0.128860	0.045110	-0.125188	0.991107
0.994978	0.094663	-0.032529	-0.089744	0.987582	0.128951	0.044332	-0.125384	0.991117
0.995256	0.091928	-0.031846	-0.087049	0.987625	0.130461	0.043444	-0.127070	0.990942
