0.997338	0.002068	-0.072893	0.005266	0.994945	0.100285	0.072732	-0.100402	0.992285
0.997354	0.001139	-0.072690	0.006111	0.995024	0.099446	0.072442	-0.099628	0.992384
0.997333	0.000412	-0.072990	0.006817	0.995087	0.098767	0.072672	-0.099002	0.992430
0.997291	-0.000097	-0.073559	0.007388	0.995075	0.098850	0.073187	-0.099126	0.992380
0.997281	-0.000750	-0.073689	0.008080	0.995032	0.099227	0.073249	-0.099552	0.992333
0.997279	-0.000666	-0.073721	0.008006	0.995024	0.099315	0.073288	-0.099635	0.992321
0.997287	-0.000281	-0.073609	0.007614	0.995023	0.099356	0.073215	-0.099647	0.992326
0.997318	-0.000127	-0.073184	0.007425	0.995014	0.099459	0.072806	-0.099736	0.992347
0.997331	0.000328	-0.073009	0.006960	0.995009	0.099546	0.072677	-0.099788	0.992351
0.997321	0.001015	-0.073147	0.006291	0.995011	0.099570	0.072883	-0.099764	0.992338
0.997340	0.000964	-0.072880	0.006319	0.995005	0.099627	0.072612	-0.099822	0.992352
0.997340	0.000725	-0.072881	0.006540	0.995026	0.099404	0.072590	-0.099616	0.992375
0.997350	0.000738	-0.072753	0.006485	0.995067	0.098997	0.072467	-0.099206	0.992425
0.997344	0.000362	-0.072834	0.006873	0.995059	0.099049	0.072510	-0.099286	0.992414
0.997336	0.000161	-0.072946	0.007107	0.995025	0.099369	0.072599	-0.099623	0.992373
0.997304	0.000689	-0.073384	0.006622	0.995031	0.099341	0.073088	-0.099559	0.992344
0.997264	0.001154	-0.073915	0.006165	0.995096	0.098717	0.073666	-0.098902	0.992367
0.997246	0.001538	-0.074148	0.005746	0.995178	0.097922	0.073941	-0.098078	0.992428
0.997226	0.001790	-0.074414	0.005510	0.995194	0.097769	0.074231	-0.097908	0.992423
0.997225	0.002250	-0.074414	0.005118	0.995107	0.098673	0.074272	-0.098780	0.992334
0.997202	0.002531	-0.074713	0.004873	0.995101	0.098748	0.074597	-0.098835	0.992304
0.997206	0.002313	-0.074666	0.005062	0.995131	0.098434	0.074530	-0.098537	0.992339
0.997196	0.002556	-0.074791	0.004845	0.995115	0.098607	0.074678	-0.098693	0.992312
0.997152	0.003088	-0.075356	0.004364	0.995125	0.098529	0.075293	-0.098577	0.992277
0.997152	0.003142	-0.075356	0.004300	0.995139	0.098391	0.075299	-0.098434	0.992291
