0.997678	0.002577	-0.068059	0.004916	0.993952	0.109704	0.067930	-0.109784	0.991631
0.997655	0.002253	-0.068407	0.005277	0.993951	0.109701	0.068241	-0.109805	0.991608
0.997643	0.001841	-0.068599	0.005706	0.993953	0.109660	0.068386	-0.109793	0.991599
0.997630	0.001520	-0.068792	0.006057	0.993935	0.109799	0.068541	-0.109955	0.991570
0.997630	0.001666	-0.068791	0.005914	0.993932	0.109840	0.068556	-0.109987	0.991566
0.997650	0.002115	-0.068490	0.005443	0.993919	0.109975	0.068306	-0.110090	0.991572
0.997665	0.002439	-0.068253	0.005109	0.993896	0.110203	0.068105	-0.110294	0.991563
0.997672	0.002421	-0.068145	0.005131	0.993870	0.110435	0.067995	-0.110527	0.991544
0.997663	0.002468	-0.068286	0.005099	0.993871	0.110429	0.068140	-0.110519	0.991535
0.997653	0.002314	-0.068430	0.005275	0.993860	0.110519	0.068265	-0.110621	0.991515
0.997648	0.002030	-0.068513	0.005584	0.993832	0.110752	0.068315	-0.110874	0.991484
0.997665	0.002074	-0.068261	0.005509	0.993837	0.110714	0.068070	-0.110831	0.991505
0.997647	0.002035	-0.068526	0.005561	0.993863	0.110478	0.068330	-0.110599	0.991513
0.997671	0.001902	-0.068185	0.005679	0.993825	0.110812	0.067975	-0.110941	0.991500
0.997687	0.002074	-0.067937	0.005511	0.993775	0.111271	0.067745	-0.111388	0.991465
0.997690	0.002296	-0.067886	0.005271	0.993797	0.111085	0.067720	-0.111186	0.991490
0.997711	0.002178	-0.067584	0.005322	0.993851	0.110597	0.067410	-0.110703	0.991565
0.997721	0.002076	-0.067446	0.005418	0.993835	0.110741	0.067260	-0.110854	0.991558
0.997742	0.002223	-0.067120	0.005276	0.993768	0.111340	0.066950	-0.111443	0.991513
0.997727	0.002082	-0.067358	0.005452	0.993753	0.111473	0.067170	-0.111587	0.991482
0.997733	0.001672	-0.067283	0.005844	0.993764	0.111350	0.067050	-0.111490	0.991501
0.997742	0.001515	-0.067146	0.006004	0.993731	0.111632	0.066894	-0.111783	0.991479
0.997706	0.001967	-0.067673	0.005601	0.993753	0.111465	0.067470	-0.111589	0.991461
0.997732	0.002019	-0.067279	0.005494	0.993772	0.111295	0.067084	-0.111412	0.991507
0.997746	0.002549	-0.067053	0.004931	0.993791	0.111151	0.066920	-0.111232	0.991539
