0.990640	0.135370	-0.017543	-0.133213	0.986794	0.092149	0.029785	-0.088949	0.995591
0.990548	0.135800	-0.019316	-0.133487	0.986770	0.092016	0.031556	-0.088567	0.995570
0.990511	0.135861	-0.020719	-0.133426	0.986781	0.091984	0.032942	-0.088347	0.995545
0.990499	0.135834	-0.021461	-0.133336	0.986802	0.091883	0.033658	-0.088149	0.995539
0.990441	0.136183	-0.021943	-0.133654	0.986794	0.091512	0.034116	-0.087704	0.995562
0.990351	0.136842	-0.021900	-0.134329	0.986741	0.091093	0.034075	-0.087273	0.995602
0.990305	0.137297	-0.021113	-0.134869	0.986716	0.090563	0.033267	-0.086838	0.995667
0.990295	0.137511	-0.020179	-0.135163	0.986677	0.090549	0.032362	-0.086943	0.995688
0.990311	0.137474	-0.019622	-0.135174	0.986674	0.090571	0.031812	-0.087041	0.995697
0.990415	0.136771	-0.019307	-0.134494	0.986746	0.090794	0.031469	-0.087327	0.995683
0.990547	0.135860	-0.018953	-0.133621	0.986873	0.090709	0.031028	-0.087319	0.995697
0.990641	0.135173	-0.018963	-0.132942	0.986985	0.090486	0.030948	-0.087118	0.995717
0.990664	0.135036	-0.018702	-0.132832	0.987012	0.090347	0.030659	-0.087019	0.995735
0.990680	0.134993	-0.018183	-0.132837	0.987018	0.090280	0.030134	-0.087023	0.995750
0.990683	0.135060	-0.017511	-0.132948	0.986960	0.090748	0.029539	-0.087575	0.995720
0.990669	0.135224	-0.017031	-0.133147	0.986911	0.090989	0.029112	-0.087872	0.995706
0.990653	0.135334	-0.017097	-0.133262	0.986930	0.090616	0.029137	-0.087491	0.995739
0.990665	0.135260	-0.016976	-0.133208	0.986966	0.090295	0.028968	-0.087190	0.995770
0.990670	0.135250	-0.016725	-0.133217	0.986958	0.090375	0.028730	-0.087304	0.995767
0.990656	0.135396	-0.016408	-0.133382	0.986908	0.090671	0.028470	-0.087635	0.995746
0.990711	0.135027	-0.016090	-0.133030	0.986917	0.091097	0.028180	-0.088111	0.995712
0.990651	0.135453	-0.016205	-0.133435	0.986830	0.091437	0.028377	-0.088420	0.995679
0.990543	0.136154	-0.016950	-0.134062	0.986730	0.091602	0.029197	-0.088463	0.995651
0.990436	0.136813	-0.017843	-0.134641	0.986652	0.091593	0.030136	-0.088315	0.995637
0.990307	0.137544	-0.019345	-0.135239	0.986577	0.091517	0.031673	-0.088014	0.995616
