0.997155	0.058229	-0.047870	-0.051103	0.989033	0.138575	0.055415	-0.135734	0.989194
0.997170	0.057625	-0.048284	-0.050432	0.989031	0.138829	0.055754	-0.136001	0.989139
0.997200	0.057048	-0.048357	-0.049841	0.989039	0.138991	0.055756	-0.136191	0.989112
0.997225	0.056700	-0.048247	-0.049521	0.989078	0.138826	0.055591	-0.136051	0.989141
0.997221	0.056500	-0.048557	-0.049289	0.989114	0.138653	0.055862	-0.135875	0.989150
0.997244	0.056332	-0.048291	-0.049140	0.989076	0.138978	0.055592	-0.136222	0.989117
0.997237	0.056505	-0.048214	-0.049321	0.989061	0.139015	0.055542	-0.136253	0.989116
0.997252	0.056623	-0.047765	-0.049507	0.989072	0.138875	0.055106	-0.136128	0.989157
0.997292	0.056379	-0.047221	-0.049346	0.989097	0.138751	0.054528	-0.136045	0.989201
0.997298	0.056462	-0.046988	-0.049460	0.989092	0.138747	0.054310	-0.136048	0.989213
0.997303	0.056629	-0.046680	-0.049675	0.989101	0.138604	0.054020	-0.135911	0.989247
0.997315	0.056380	-0.046742	-0.049442	0.989168	0.138208	0.054028	-0.135526	0.989300
0.997352	0.056109	-0.046275	-0.049243	0.989195	0.138085	0.053523	-0.135441	0.989339
0.997351	0.056102	-0.046306	-0.049237	0.989208	0.137995	0.053548	-0.135350	0.989350
0.997352	0.055903	-0.046508	-0.049033	0.989274	0.137597	0.053702	-0.134952	0.989396
0.997370	0.055813	-0.046245	-0.048995	0.989313	0.137330	0.053416	-0.134703	0.989445
0.997337	0.056447	-0.046173	-0.049649	0.989322	0.137029	0.053415	-0.134372	0.989490
0.997273	0.057601	-0.046136	-0.050804	0.989277	0.136930	0.053528	-0.134213	0.989506
0.997198	0.058789	-0.046254	-0.051963	0.989206	0.137010	0.053809	-0.134223	0.989489
0.997149	0.059511	-0.046398	-0.052641	0.989124	0.137339	0.054066	-0.134505	0.989437
0.997107	0.059899	-0.046787	-0.052958	0.989066	0.137638	0.054520	-0.134762	0.989377
0.997085	0.059912	-0.047250	-0.052888	0.989019	0.137999	0.054999	-0.135098	0.989305
0.997113	0.059347	-0.047367	-0.052280	0.988972	0.138568	0.055068	-0.135692	0.989219
0.997114	0.058625	-0.048229	-0.051424	0.988961	0.138964	0.055843	-0.136083	0.989122
0.997153	0.057646	-0.048609	-0.050396	0.989002	0.139054	0.056091	-0.136208	0.989091
