0.990880	0.123805	-0.053195	-0.120415	0.990735	0.062808	0.060478	-0.055829	0.996607
0.990887	0.123772	-0.053142	-0.120382	0.990736	0.062854	0.060429	-0.055884	0.996607
0.990873	0.123785	-0.053361	-0.120382	0.990735	0.062860	0.060648	-0.055863	0.996595
0.990872	0.123715	-0.053549	-0.120307	0.990750	0.062778	0.060821	-0.055762	0.996590
0.990863	0.123618	-0.053942	-0.120195	0.990771	0.062657	0.061189	-0.055601	0.996576
0.990856	0.123514	-0.054295	-0.120062	0.990777	0.062813	0.061552	-0.055720	0.996547
0.990832	0.123783	-0.054132	-0.120342	0.990745	0.062792	0.061404	-0.055702	0.996557
0.990828	0.123954	-0.053809	-0.120524	0.990715	0.062911	0.061107	-0.055849	0.996568
0.990816	0.123952	-0.054027	-0.120498	0.990706	0.063103	0.061347	-0.056013	0.996544
0.990826	0.123997	-0.053747	-0.120545	0.990686	0.063323	0.061098	-0.056263	0.996545
0.990788	0.124484	-0.053316	-0.121064	0.990631	0.063188	0.060682	-0.056152	0.996576
0.990725	0.125127	-0.052985	-0.121729	0.990553	0.063140	0.060385	-0.056105	0.996597
0.990713	0.125300	-0.052790	-0.121908	0.990526	0.063217	0.060211	-0.056194	0.996603
0.990687	0.125470	-0.052891	-0.122078	0.990512	0.063117	0.060309	-0.056073	0.996604
0.990663	0.125694	-0.052803	-0.122297	0.990474	0.063286	0.060255	-0.056238	0.996598
0.990673	0.125482	-0.053111	-0.122078	0.990511	0.063124	0.060528	-0.056051	0.996592
0.990724	0.125035	-0.053210	-0.121623	0.990565	0.063153	0.060604	-0.056096	0.996584
0.990729	0.124811	-0.053645	-0.121376	0.990597	0.063134	0.061021	-0.056037	0.996562
0.990713	0.124716	-0.054166	-0.121261	0.990621	0.062971	0.061512	-0.055818	0.996544
0.990723	0.124534	-0.054399	-0.121077	0.990654	0.062804	0.061712	-0.055635	0.996542
0.990692	0.124814	-0.054327	-0.121359	0.990618	0.062832	0.061660	-0.055654	0.996544
0.990623	0.125414	-0.054199	-0.121960	0.990538	0.062932	0.061579	-0.055731	0.996545
0.990582	0.125883	-0.053856	-0.122431	0.990462	0.063217	0.061301	-0.056028	0.996546
0.990550	0.126132	-0.053860	-0.122677	0.990429	0.063249	0.061322	-0.056044	0.996543
0.990561	0.126042	-0.053867	-0.122598	0.990450	0.063069	0.061302	-0.055870	0.996554
0.990591	0.125777	-0.053940	-0.122342	0.990496	0.062856	0.061333	-0.055665	0.996564
