0.887881	-0.459900	-0.012607	0.454355	0.872211	0.181133	-0.072307	-0.166553	0.983378
0.887938	-0.459767	-0.013392	0.454271	0.872014	0.182291	-0.072134	-0.167946	0.983154
0.888229	-0.459211	-0.013217	0.453631	0.872163	0.183170	-0.072587	-0.168692	0.982992
0.888490	-0.458720	-0.012715	0.453051	0.872427	0.183349	-0.073013	-0.168664	0.982966
0.888629	-0.458461	-0.012335	0.452743	0.872618	0.183197	-0.073225	-0.168379	0.982999
0.888636	-0.458451	-0.012180	0.452715	0.872653	0.183101	-0.073314	-0.168224	0.983019
0.888638	-0.458446	-0.012256	0.452705	0.872608	0.183339	-0.073356	-0.168470	0.982973
0.888756	-0.458234	-0.011569	0.452377	0.872767	0.183394	-0.073940	-0.168226	0.982971
0.889014	-0.457744	-0.011121	0.451844	0.873106	0.183093	-0.074100	-0.167797	0.983033
0.889347	-0.457119	-0.010196	0.451092	0.873543	0.182861	-0.074682	-0.167227	0.983086
0.889537	-0.456731	-0.010971	0.450888	0.873780	0.182233	-0.073645	-0.167049	0.983194
0.889294	-0.457206	-0.010912	0.451451	0.873785	0.180810	-0.073133	-0.165720	0.983457
0.889059	-0.457681	-0.010128	0.451908	0.873879	0.179206	-0.073168	-0.163902	0.983759
0.888732	-0.458328	-0.009536	0.452617	0.873977	0.176922	-0.072754	-0.161552	0.984179
0.888105	-0.459543	-0.009416	0.453998	0.873820	0.174143	-0.071798	-0.158932	0.984675
0.887243	-0.461191	-0.010117	0.455893	0.873280	0.171886	-0.070437	-0.157117	0.985065
0.886361	-0.462863	-0.011029	0.457665	0.872305	0.172124	-0.070049	-0.157611	0.985014
0.885204	-0.465036	-0.012420	0.459852	0.870675	0.174534	-0.070350	-0.160209	0.984573
0.884983	-0.465441	-0.013049	0.460162	0.869980	0.177160	-0.071105	-0.162788	0.984096
0.885517	-0.464435	-0.012597	0.458981	0.870268	0.178800	-0.072078	-0.164113	0.983805
0.886545	-0.462489	-0.011896	0.456923	0.871266	0.179213	-0.072520	-0.164316	0.983738
0.888343	-0.459039	-0.011415	0.453439	0.873043	0.179413	-0.072391	-0.164556	0.983708
0.889699	-0.456418	-0.010936	0.450790	0.874431	0.179330	-0.072286	-0.164479	0.983728
0.890217	-0.455427	-0.010037	0.449698	0.875077	0.178917	-0.072701	-0.163788	0.983813
0.890046	-0.455751	-0.010450	0.450119	0.874954	0.178460	-0.072190	-0.163542	0.983892
