0.945519	-0.325484	0.007354	0.322080	0.938450	0.124801	-0.047522	-0.115633	0.992154
0.945396	-0.325852	0.006910	0.322455	0.938207	0.125659	-0.047429	-0.116569	0.992050
0.945110	-0.326691	0.006236	0.323360	0.937875	0.125808	-0.046949	-0.116886	0.992035
0.944988	-0.327045	0.006199	0.323762	0.937868	0.124829	-0.046638	-0.115955	0.992159
0.945085	-0.326751	0.006986	0.323399	0.938050	0.124399	-0.047201	-0.115308	0.992208
0.945342	-0.325984	0.007886	0.322574	0.938442	0.123585	-0.047687	-0.114286	0.992303
0.945302	-0.326081	0.008667	0.322637	0.938573	0.122421	-0.048054	-0.112928	0.992440
0.945145	-0.326544	0.008310	0.323174	0.938486	0.121670	-0.047529	-0.112311	0.992536
0.945012	-0.326937	0.008047	0.323546	0.938228	0.122666	-0.047654	-0.113318	0.992415
0.945099	-0.326700	0.007397	0.323321	0.938131	0.123987	-0.047446	-0.114788	0.992256
0.946739	-0.321956	0.005408	0.318934	0.939902	0.121923	-0.044337	-0.113704	0.992525
0.948092	-0.317975	0.003690	0.315277	0.941436	0.119577	-0.041497	-0.112207	0.992818
0.948311	-0.317319	0.003839	0.314619	0.941685	0.119349	-0.041486	-0.111972	0.992845
0.947904	-0.318515	0.005042	0.315624	0.941206	0.120468	-0.043116	-0.112601	0.992704
0.947393	-0.320006	0.006521	0.316876	0.940611	0.121823	-0.045118	-0.113348	0.992530
0.947095	-0.320881	0.006853	0.317672	0.940242	0.122595	-0.045782	-0.113932	0.992433
0.946724	-0.321977	0.006604	0.318719	0.939689	0.124109	-0.046166	-0.115392	0.992247
0.946472	-0.322723	0.006339	0.319411	0.939230	0.125795	-0.046551	-0.117036	0.992036
0.946327	-0.323173	0.004961	0.319959	0.938868	0.127098	-0.045732	-0.118689	0.991878
0.945965	-0.324240	0.004203	0.321095	0.938440	0.127390	-0.045250	-0.119157	0.991844
0.945742	-0.324887	0.004438	0.321743	0.938319	0.126644	-0.045309	-0.118345	0.991938
0.945787	-0.324747	0.005083	0.321564	0.938485	0.125869	-0.045646	-0.117411	0.992034
0.945885	-0.324451	0.005807	0.321218	0.938699	0.125154	-0.046058	-0.116516	0.992120
0.945821	-0.324621	0.006581	0.321342	0.938784	0.124194	-0.046494	-0.115351	0.992236
0.945784	-0.324736	0.006266	0.321506	0.938767	0.123898	-0.046116	-0.115166	0.992275
