0.966804	-0.253036	0.035532	0.247861	0.962508	0.110193	-0.062083	-0.097728	0.993275
0.967242	-0.251469	0.034721	0.246401	0.962920	0.109870	-0.061062	-0.097716	0.993339
0.967348	-0.251111	0.034372	0.246101	0.963039	0.109498	-0.060597	-0.097464	0.993393
0.967258	-0.251536	0.033798	0.246538	0.962848	0.110196	-0.060260	-0.098256	0.993335
0.967234	-0.251773	0.032702	0.246844	0.962694	0.110855	-0.059392	-0.099150	0.993298
0.967041	-0.252647	0.031655	0.247805	0.962424	0.111055	-0.058524	-0.099550	0.993310
0.966761	-0.253751	0.031368	0.248936	0.962138	0.110998	-0.058346	-0.099500	0.993325
0.966630	-0.254231	0.031516	0.249392	0.962006	0.111123	-0.058569	-0.099555	0.993307
0.966711	-0.253906	0.031638	0.249055	0.962090	0.111148	-0.058660	-0.099568	0.993300
0.966706	-0.253899	0.031855	0.249047	0.962133	0.110795	-0.058780	-0.099173	0.993333
0.966604	-0.254167	0.032788	0.249240	0.962119	0.110484	-0.059628	-0.098622	0.993337
0.966647	-0.254086	0.032149	0.249262	0.962191	0.109806	-0.058834	-0.098130	0.993433
0.966635	-0.254128	0.032168	0.249350	0.962259	0.109002	-0.058654	-0.097344	0.993521
0.966700	-0.253748	0.033198	0.248901	0.962431	0.108514	-0.059486	-0.096638	0.993540
0.966814	-0.253178	0.034222	0.248208	0.962561	0.108944	-0.060523	-0.096835	0.993459
0.966827	-0.253063	0.034705	0.248016	0.962553	0.109455	-0.061105	-0.097217	0.993386
0.966623	-0.253809	0.034937	0.248722	0.962346	0.109672	-0.061457	-0.097322	0.993354
0.966452	-0.254487	0.034733	0.249426	0.962180	0.109530	-0.061294	-0.097192	0.993376
0.966349	-0.254922	0.034425	0.249894	0.962068	0.109446	-0.061019	-0.097160	0.993396
0.966278	-0.255232	0.034106	0.250222	0.961962	0.109625	-0.060789	-0.097394	0.993388
0.966235	-0.255465	0.033579	0.250507	0.961889	0.109615	-0.060302	-0.097503	0.993407
0.966478	-0.254628	0.032941	0.249748	0.962110	0.109414	-0.059553	-0.097519	0.993450
0.967177	-0.252037	0.032337	0.247228	0.962761	0.109408	-0.058708	-0.097823	0.993471
0.967686	-0.250052	0.032532	0.245264	0.963323	0.108880	-0.058565	-0.097383	0.993522
0.967672	-0.250014	0.033216	0.245150	0.963332	0.109055	-0.059264	-0.097387	0.993481
