0.956484	-0.291785	0.000720	0.289051	0.947856	0.134234	-0.039850	-0.128184	0.990949
0.956418	-0.292000	0.001069	0.289222	0.947809	0.134201	-0.040199	-0.128043	0.990954
0.956487	-0.291769	0.001581	0.288927	0.947896	0.134219	-0.040660	-0.127922	0.990950
0.956619	-0.291333	0.002159	0.288420	0.948047	0.134244	-0.041157	-0.127797	0.990946
0.956623	-0.291320	0.002173	0.288397	0.948027	0.134432	-0.041223	-0.127974	0.990920
0.956570	-0.291495	0.001929	0.288586	0.947915	0.134815	-0.041127	-0.128404	0.990869
0.956727	-0.290983	0.001737	0.288104	0.948066	0.134783	-0.040866	-0.128450	0.990874
0.956866	-0.290526	0.001558	0.287695	0.948262	0.134282	-0.040490	-0.128042	0.990942
0.956816	-0.290690	0.001673	0.287867	0.948294	0.133682	-0.040447	-0.127428	0.991023
0.956713	-0.291029	0.001544	0.288229	0.948215	0.133465	-0.040307	-0.127243	0.991052
0.956740	-0.290942	0.001421	0.288146	0.948200	0.133745	-0.040260	-0.127550	0.991015
0.956888	-0.290454	0.001559	0.287631	0.948310	0.134078	-0.040422	-0.127849	0.990970
0.956950	-0.290251	0.001480	0.287449	0.948396	0.133855	-0.040255	-0.127667	0.991000
0.956877	-0.290487	0.001876	0.287652	0.948400	0.133392	-0.040528	-0.127100	0.991062
0.956875	-0.290498	0.001299	0.287773	0.948492	0.132477	-0.039716	-0.126390	0.991185
0.956873	-0.290501	0.001645	0.287780	0.948653	0.131306	-0.039705	-0.125169	0.991341
0.956954	-0.290225	0.002766	0.287383	0.948830	0.130891	-0.040613	-0.124462	0.991393
0.957185	-0.289460	0.003108	0.286589	0.949093	0.130728	-0.040790	-0.124240	0.991413
0.957315	-0.289023	0.003686	0.286083	0.949242	0.130752	-0.041289	-0.124116	0.991408
0.957444	-0.288599	0.003405	0.285731	0.949461	0.129929	-0.040730	-0.123427	0.991517
0.957354	-0.288895	0.003531	0.286009	0.949378	0.129926	-0.040888	-0.123375	0.991517
0.957336	-0.288953	0.003826	0.286016	0.949331	0.130251	-0.041269	-0.123600	0.991474
0.957674	-0.287832	0.003749	0.284969	0.949829	0.128905	-0.040664	-0.122380	0.991650
0.957971	-0.286834	0.004113	0.283995	0.950317	0.127455	-0.040467	-0.120930	0.991836
0.958278	-0.285799	0.004797	0.282889	0.950659	0.127362	-0.040960	-0.120691	0.991845
