0.905666	-0.423976	0.003698	0.415443	0.889114	0.192050	-0.084712	-0.172397	0.981378
0.905816	-0.423655	0.003855	0.415057	0.889186	0.192551	-0.085003	-0.172815	0.981279
0.906235	-0.422751	0.004492	0.413966	0.889460	0.193634	-0.085854	-0.173619	0.981063
0.906550	-0.422069	0.004920	0.413198	0.889757	0.193907	-0.086220	-0.173754	0.981008
0.906486	-0.422200	0.005449	0.413245	0.889760	0.193791	-0.086667	-0.173417	0.981028
0.906442	-0.422296	0.005285	0.413358	0.889682	0.193910	-0.086590	-0.173583	0.981005
0.906521	-0.422131	0.005080	0.413204	0.889688	0.194208	-0.086501	-0.173954	0.980947
0.906509	-0.422156	0.005057	0.413220	0.889648	0.194358	-0.086548	-0.174097	0.980918
0.906302	-0.422599	0.005072	0.413681	0.889506	0.194028	-0.086507	-0.173750	0.980983
0.905815	-0.423644	0.004955	0.414786	0.889137	0.193358	-0.086320	-0.173091	0.981116
0.905274	-0.424801	0.004807	0.415991	0.888683	0.192858	-0.086198	-0.172589	0.981215
0.904792	-0.425828	0.004638	0.417033	0.888206	0.192807	-0.086222	-0.172516	0.981226
0.904274	-0.426928	0.004545	0.418120	0.887670	0.192917	-0.086396	-0.172550	0.981205
0.903568	-0.428418	0.004742	0.419560	0.887020	0.192782	-0.086798	-0.172202	0.981230
0.902880	-0.429866	0.004836	0.420995	0.886413	0.192446	-0.087013	-0.171720	0.981296
0.902394	-0.430879	0.005267	0.421942	0.886026	0.192155	-0.087462	-0.171177	0.981351
0.902069	-0.431575	0.003889	0.422856	0.885576	0.192221	-0.086402	-0.171752	0.981344
0.901661	-0.432428	0.003524	0.423717	0.885068	0.192658	-0.086430	-0.172219	0.981260
0.901700	-0.432345	0.003890	0.423519	0.885032	0.193262	-0.086998	-0.172617	0.981139
0.901750	-0.432238	0.004208	0.423379	0.885146	0.193046	-0.087166	-0.172297	0.981181
0.901515	-0.432726	0.004264	0.423919	0.885061	0.192249	-0.086965	-0.171508	0.981337
0.901292	-0.433195	0.003899	0.424449	0.884825	0.192166	-0.086696	-0.171543	0.981355
0.901351	-0.433076	0.003427	0.424378	0.884771	0.192569	-0.086430	-0.172118	0.981277
0.901495	-0.432775	0.003490	0.424057	0.884889	0.192739	-0.086501	-0.172273	0.981244
0.901920	-0.431890	0.003375	0.423209	0.885297	0.192725	-0.086223	-0.172394	0.981247
