0.912405	-0.409287	0.000775	0.400769	0.893797	0.201276	-0.083072	-0.183335	0.979534
0.912636	-0.408772	-0.000186	0.400461	0.893989	0.201032	-0.082010	-0.183543	0.979585
0.913000	-0.407959	-0.000713	0.399776	0.894335	0.200860	-0.081305	-0.183670	0.979620
0.913327	-0.407228	-0.000142	0.398901	0.894580	0.201505	-0.081931	-0.184097	0.979487
0.913686	-0.406421	0.000734	0.397840	0.894760	0.202801	-0.083079	-0.185004	0.979220
0.913999	-0.405715	0.001516	0.396903	0.894909	0.203976	-0.084112	-0.185832	0.978975
0.914047	-0.405603	0.001930	0.396661	0.894870	0.204616	-0.084720	-0.186263	0.978840
0.913785	-0.406197	0.000265	0.397544	0.894453	0.204725	-0.083396	-0.186970	0.978819
0.913405	-0.407053	0.000224	0.398439	0.894187	0.204147	-0.083299	-0.186380	0.978940
0.913527	-0.406776	0.001214	0.398003	0.894431	0.203927	-0.084039	-0.185810	0.978985
0.913844	-0.406060	0.002269	0.397116	0.894854	0.203801	-0.084786	-0.185341	0.979010
0.913804	-0.406146	0.002760	0.397142	0.894927	0.203429	-0.085091	-0.184798	0.979086
0.913505	-0.406820	0.002392	0.397898	0.894665	0.203104	-0.084766	-0.184585	0.979154
0.913429	-0.406993	0.002284	0.398142	0.894700	0.202473	-0.084448	-0.184035	0.979285
0.913359	-0.407149	0.002254	0.398405	0.894856	0.201261	-0.083961	-0.182926	0.979535
0.912943	-0.408078	0.002645	0.399349	0.894713	0.200024	-0.083992	-0.181554	0.979788
0.912483	-0.409104	0.003027	0.400345	0.894421	0.199336	-0.084257	-0.180679	0.979927
0.912247	-0.409628	0.003392	0.400811	0.894262	0.199112	-0.084596	-0.180280	0.979971
0.912252	-0.409613	0.003622	0.400769	0.894314	0.198962	-0.084737	-0.180052	0.980000
0.912181	-0.409769	0.003765	0.400885	0.894234	0.199091	-0.084948	-0.180098	0.979974
0.912129	-0.409890	0.003218	0.401070	0.894068	0.199461	-0.084634	-0.180643	0.979901
0.912067	-0.410027	0.003457	0.401122	0.893943	0.199920	-0.085063	-0.180953	0.979806
0.912135	-0.409884	0.002221	0.401162	0.893810	0.200431	-0.084139	-0.181929	0.979705
0.912170	-0.409805	0.002222	0.401102	0.893884	0.200221	-0.084038	-0.181745	0.979748
