0.918875	-0.394516	-0.005087	0.394328	0.918716	-0.021593	0.013192	0.017835	0.999754
0.918751	-0.394805	-0.005004	0.394614	0.918585	-0.021960	0.013267	0.018201	0.999746
0.918543	-0.395292	-0.004880	0.395097	0.918367	-0.022384	0.013330	0.018632	0.999738
0.918183	-0.396117	-0.005543	0.395908	0.918013	-0.022573	0.014030	0.018532	0.999730
0.918071	-0.396366	-0.006271	0.396131	0.917897	-0.023340	0.015007	0.018944	0.999708
0.917927	-0.396701	-0.006168	0.396463	0.917746	-0.023652	0.015043	0.019265	0.999701
0.918015	-0.396495	-0.006289	0.396247	0.917825	-0.024201	0.015368	0.019725	0.999687
0.917990	-0.396558	-0.006044	0.396306	0.917785	-0.024758	0.015365	0.020332	0.999675
0.917851	-0.396878	-0.006160	0.396622	0.917645	-0.024878	0.015527	0.020391	0.999672
0.918162	-0.396142	-0.007129	0.395850	0.917951	-0.025874	0.016794	0.020934	0.999640
0.918231	-0.395952	-0.008603	0.395583	0.917992	-0.028378	0.019133	0.022654	0.999560
0.917366	-0.397941	-0.009077	0.397573	0.917151	-0.027744	0.019366	0.021843	0.999574
0.916550	-0.399813	-0.009220	0.399503	0.916405	-0.024484	0.018238	0.018758	0.999658
0.916365	-0.400244	-0.009007	0.400001	0.916278	-0.020812	0.016583	0.015468	0.999743
0.916755	-0.399363	-0.008325	0.399181	0.916704	-0.017547	0.014639	0.012764	0.999811
0.917294	-0.398133	-0.007862	0.398002	0.917274	-0.014248	0.012884	0.009940	0.999868
0.917701	-0.397203	-0.007392	0.397117	0.917704	-0.010842	0.011090	0.007014	0.999914
0.918080	-0.396341	-0.006543	0.396286	0.918089	-0.008371	0.009325	0.005092	0.999944
0.918520	-0.395308	-0.007174	0.395245	0.918534	-0.008782	0.010061	0.005231	0.999936
0.918648	-0.395003	-0.007700	0.394897	0.918643	-0.012333	0.011945	0.008289	0.999894
0.918283	-0.395865	-0.006901	0.395728	0.918236	-0.015517	0.012480	0.011518	0.999856
0.918137	-0.396218	-0.006068	0.396071	0.918060	-0.017115	0.012352	0.013311	0.999835
0.918409	-0.395599	-0.005090	0.395449	0.918300	-0.018579	0.012024	0.015050	0.999814
0.918662	-0.395020	-0.004419	0.394850	0.918503	-0.021098	0.012393	0.017638	0.999768
0.918601	-0.395161	-0.004413	0.394958	0.918395	-0.023639	0.013394	0.019972	0.999711
