0.892202	-0.451519	-0.010292	0.445833	0.876868	0.179822	-0.072168	-0.165026	0.983645
0.892331	-0.451271	-0.010032	0.445476	0.876853	0.180774	-0.072781	-0.165779	0.983474
0.892506	-0.450933	-0.009591	0.445063	0.877039	0.180891	-0.073158	-0.165715	0.983456
0.892380	-0.451202	-0.008684	0.445185	0.877002	0.180771	-0.073949	-0.165182	0.983487
0.892007	-0.451955	-0.007788	0.445775	0.876693	0.180813	-0.074892	-0.164758	0.983487
0.891880	-0.452210	-0.007522	0.445966	0.876554	0.181019	-0.075265	-0.164802	0.983451
0.891759	-0.452441	-0.007953	0.446245	0.876362	0.181260	-0.075040	-0.165189	0.983403
0.891412	-0.453105	-0.008986	0.447051	0.875901	0.181501	-0.074368	-0.165809	0.983350
0.890928	-0.454048	-0.009322	0.448053	0.875443	0.181239	-0.074130	-0.165647	0.983395
0.890736	-0.454404	-0.010313	0.448650	0.875370	0.180112	-0.072816	-0.165059	0.983592
0.890453	-0.454959	-0.010282	0.449241	0.875208	0.179427	-0.072633	-0.164391	0.983718
0.889878	-0.456088	-0.010084	0.450302	0.874617	0.179647	-0.073115	-0.164404	0.983680
0.889369	-0.457075	-0.010237	0.451320	0.874154	0.179350	-0.073027	-0.164128	0.983732
0.888999	-0.457792	-0.010369	0.452059	0.873806	0.179181	-0.072967	-0.163979	0.983761
0.888473	-0.458798	-0.010985	0.453135	0.873211	0.179362	-0.072699	-0.164336	0.983722
0.887767	-0.460169	-0.010698	0.454443	0.872553	0.179258	-0.073154	-0.164001	0.983744
0.887497	-0.460694	-0.010505	0.454957	0.872367	0.178858	-0.073235	-0.163515	0.983819
0.887371	-0.460949	-0.009930	0.455141	0.872345	0.178495	-0.073615	-0.162911	0.983891
0.886901	-0.461880	-0.008601	0.455858	0.872019	0.178258	-0.074834	-0.162018	0.983946
0.886242	-0.463161	-0.007527	0.456930	0.871421	0.178438	-0.076086	-0.161579	0.983922
0.885527	-0.464518	-0.008086	0.458353	0.870668	0.178466	-0.075861	-0.161743	0.983913
0.884774	-0.465930	-0.009189	0.459921	0.869844	0.178449	-0.075152	-0.162113	0.983906
0.884552	-0.466323	-0.010532	0.460531	0.869536	0.178375	-0.074023	-0.162632	0.983906
0.884113	-0.467083	-0.013313	0.461770	0.868990	0.177834	-0.071494	-0.163373	0.983970
0.884041	-0.467118	-0.016496	0.462490	0.869085	0.175482	-0.067635	-0.162762	0.984344
