0.890443	-0.455076	0.004178	0.454886	0.889718	-0.038480	0.013794	0.036165	0.999251
0.890098	-0.455753	0.003834	0.455559	0.889400	-0.037868	0.013848	0.035453	0.999275
0.889837	-0.456270	0.002962	0.456048	0.889162	-0.037572	0.014509	0.034784	0.999290
0.889599	-0.456737	0.002182	0.456485	0.888928	-0.037797	0.015324	0.034620	0.999283
0.889325	-0.457270	0.002414	0.457022	0.888641	-0.038052	0.015255	0.034944	0.999273
0.889186	-0.457534	0.003223	0.457325	0.888517	-0.037295	0.014200	0.034636	0.999299
0.889422	-0.457074	0.003483	0.456881	0.888765	-0.036837	0.013741	0.034355	0.999315
0.889366	-0.457179	0.003914	0.457001	0.888706	-0.036766	0.013331	0.034487	0.999316
0.889191	-0.457521	0.003693	0.457336	0.888537	-0.036692	0.013506	0.034315	0.999320
0.889125	-0.457652	0.003311	0.457459	0.888488	-0.036339	0.013689	0.033825	0.999334
0.889178	-0.457552	0.002921	0.457347	0.888547	-0.036315	0.014021	0.033627	0.999336
0.889156	-0.457594	0.002925	0.457383	0.888509	-0.036771	0.014228	0.034033	0.999319
0.888972	-0.457950	0.003083	0.457737	0.888307	-0.037251	0.014320	0.034526	0.999301
0.888676	-0.458523	0.003445	0.458312	0.887982	-0.037914	0.014326	0.035272	0.999275
0.888587	-0.458693	0.003752	0.458490	0.887882	-0.038108	0.014149	0.035583	0.999267
0.888606	-0.458656	0.003787	0.458462	0.887920	-0.037558	0.013863	0.035111	0.999287
0.888404	-0.459047	0.003899	0.458855	0.887713	-0.037658	0.013825	0.035245	0.999283
0.888052	-0.459722	0.004392	0.459549	0.887360	-0.037508	0.013346	0.035327	0.999287
0.888844	-0.458193	0.003883	0.458007	0.888168	-0.037242	0.013615	0.034880	0.999299
0.892978	-0.450100	-0.000312	0.449667	0.892150	-0.043226	0.019734	0.038460	0.999065
0.895759	-0.444522	-0.004033	0.443770	0.894705	-0.050707	0.026148	0.043631	0.998705
0.896268	-0.443487	-0.004761	0.442610	0.895077	-0.054165	0.028283	0.046439	0.998521
0.893810	-0.448434	-0.003211	0.447774	0.892841	-0.048309	0.024530	0.041741	0.998827
0.891728	-0.452570	-0.000767	0.452131	0.890936	-0.042557	0.019943	0.037603	0.999094
0.890608	-0.454771	0.001090	0.454434	0.889851	-0.040689	0.017534	0.036733	0.999171
