0.968163	-0.248434	0.030670	0.243724	0.963491	0.110834	-0.057085	-0.099830	0.993366
0.968023	-0.249040	0.030187	0.244361	0.963301	0.111081	-0.056743	-0.100153	0.993353
0.967899	-0.249520	0.030194	0.244815	0.963137	0.111503	-0.056903	-0.100532	0.993305
0.967787	-0.249936	0.030345	0.245168	0.962957	0.112282	-0.057285	-0.101226	0.993213
0.967726	-0.250223	0.029909	0.245479	0.962839	0.112610	-0.056975	-0.101634	0.993189
0.967575	-0.250852	0.029535	0.246167	0.962713	0.112185	-0.056575	-0.101277	0.993248
0.967438	-0.251406	0.029311	0.246764	0.962607	0.111781	-0.056317	-0.100909	0.993300
0.967468	-0.251255	0.029611	0.246581	0.962649	0.111824	-0.056601	-0.100885	0.993287
0.967598	-0.250742	0.029721	0.246036	0.962740	0.112245	-0.056758	-0.101295	0.993236
0.967655	-0.250389	0.030810	0.245546	0.962810	0.112709	-0.057885	-0.101498	0.993150
0.967726	-0.250186	0.030233	0.245411	0.962860	0.112576	-0.057275	-0.101523	0.993183
0.967701	-0.250285	0.030191	0.245553	0.962905	0.111883	-0.057073	-0.100856	0.993263
0.967748	-0.250010	0.030971	0.245220	0.963025	0.111576	-0.057721	-0.100383	0.993273
0.967844	-0.249561	0.031584	0.244699	0.963135	0.111776	-0.058315	-0.100453	0.993231
0.967784	-0.249699	0.032307	0.244735	0.963069	0.112265	-0.059146	-0.100742	0.993153
0.967487	-0.250827	0.032484	0.245870	0.962840	0.111745	-0.059305	-0.100125	0.993206
0.967255	-0.251775	0.032055	0.246918	0.962691	0.110717	-0.058735	-0.099177	0.993335
0.967007	-0.252733	0.031998	0.247843	0.962388	0.111281	-0.058919	-0.099679	0.993274
0.967100	-0.252435	0.031533	0.247544	0.962367	0.112122	-0.058650	-0.100628	0.993194
0.967325	-0.251647	0.030928	0.246798	0.962514	0.112502	-0.058080	-0.101193	0.993170
0.967535	-0.250881	0.030571	0.246107	0.962760	0.111914	-0.057510	-0.100756	0.993248
0.967811	-0.249848	0.030281	0.245135	0.963060	0.111461	-0.057010	-0.100450	0.993307
0.968067	-0.248881	0.030076	0.244179	0.963278	0.111681	-0.056767	-0.100771	0.993289
0.968054	-0.248936	0.030029	0.244203	0.963198	0.112315	-0.056883	-0.101394	0.993219
0.967778	-0.249993	0.030149	0.245221	0.962895	0.112691	-0.057203	-0.101666	0.993173
