0.797317	-0.601096	-0.054487	0.600356	0.780555	0.174087	-0.062113	-0.171514	0.983222
0.797614	-0.600666	-0.054890	0.600026	0.780888	0.173734	-0.061493	-0.171508	0.983262
0.797634	-0.600617	-0.055122	0.600053	0.780993	0.173167	-0.060957	-0.171200	0.983349
0.798130	-0.600060	-0.054001	0.599327	0.781585	0.173010	-0.061610	-0.170449	0.983439
0.798945	-0.599105	-0.052526	0.598117	0.782425	0.173398	-0.062786	-0.169953	0.983450
0.799267	-0.598757	-0.051596	0.597642	0.782867	0.173041	-0.063217	-0.169142	0.983562
0.798883	-0.599286	-0.051408	0.598167	0.782600	0.172435	-0.063106	-0.168506	0.983678
0.798568	-0.599635	-0.052217	0.598678	0.782320	0.171932	-0.062246	-0.168561	0.983724
0.798177	-0.600102	-0.052832	0.599239	0.781894	0.171915	-0.061857	-0.168878	0.983694
0.797992	-0.600306	-0.053303	0.599529	0.781710	0.171738	-0.061428	-0.169002	0.983700
0.797963	-0.600286	-0.053961	0.599690	0.781834	0.170610	-0.060226	-0.168500	0.983860
0.797956	-0.600273	-0.054211	0.599756	0.781915	0.170003	-0.059660	-0.168168	0.983951
0.798142	-0.600000	-0.054492	0.599510	0.782011	0.170432	-0.059646	-0.168698	0.983861
0.798396	-0.599679	-0.054311	0.599113	0.782130	0.171276	-0.060232	-0.169285	0.983725
0.798703	-0.599287	-0.054117	0.598658	0.782340	0.171907	-0.060684	-0.169701	0.983626
0.798837	-0.599055	-0.054704	0.598534	0.782450	0.171838	-0.060138	-0.170013	0.983605
0.798675	-0.599177	-0.055716	0.598846	0.782287	0.171494	-0.059170	-0.170333	0.983608
0.798598	-0.599242	-0.056135	0.598999	0.782238	0.171185	-0.058671	-0.170333	0.983638
0.798662	-0.599163	-0.056061	0.598858	0.782158	0.172041	-0.059232	-0.170975	0.983493
0.798380	-0.599475	-0.056734	0.599206	0.781628	0.173233	-0.059503	-0.172301	0.983245
0.797351	-0.600770	-0.057493	0.600563	0.780432	0.173922	-0.059618	-0.173206	0.983080
0.796668	-0.601578	-0.058521	0.601519	0.779654	0.174110	-0.059115	-0.173909	0.982986
0.796481	-0.601770	-0.059083	0.601802	0.779424	0.174164	-0.058756	-0.174275	0.982943
0.796267	-0.602112	-0.058478	0.601982	0.779099	0.174993	-0.059806	-0.174544	0.982831
0.795927	-0.602672	-0.057329	0.602281	0.778689	0.175788	-0.061301	-0.174442	0.982757
