0.997604	-0.069135	0.002498	0.069174	0.996418	-0.048642	0.000874	0.048698	0.998813
0.997568	-0.069664	0.002320	0.069694	0.996357	-0.049152	0.001113	0.049194	0.998789
0.997555	-0.069863	0.001788	0.069867	0.996353	-0.048990	0.001641	0.048995	0.998798
0.997580	-0.069517	0.001179	0.069491	0.996375	-0.049077	0.002237	0.049040	0.998794
0.997662	-0.068336	0.000809	0.068292	0.996422	-0.049786	0.002596	0.049725	0.998760
0.997789	-0.066460	0.000163	0.066384	0.996528	-0.050258	0.003178	0.050158	0.998736
0.997872	-0.065206	-0.000383	0.065105	0.996622	-0.050052	0.003646	0.049920	0.998747
0.997912	-0.064589	-0.000949	0.064462	0.996691	-0.049521	0.004145	0.049356	0.998773
0.997964	-0.063769	-0.001070	0.063642	0.996781	-0.048762	0.004176	0.048595	0.998810
0.997979	-0.063502	-0.002366	0.063314	0.996824	-0.048296	0.005425	0.048048	0.998830
0.997915	-0.064479	-0.002762	0.064276	0.996802	-0.047488	0.005816	0.047212	0.998868
0.997841	-0.065621	-0.002790	0.065424	0.996796	-0.046015	0.005801	0.045733	0.998937
0.997800	-0.066248	-0.002659	0.066068	0.996850	-0.043883	0.005557	0.043611	0.999033
0.997821	-0.065942	-0.002309	0.065780	0.996885	-0.043511	0.005171	0.043265	0.999050
0.997846	-0.065588	-0.001512	0.065457	0.996867	-0.044399	0.004420	0.044204	0.999013
0.997866	-0.065288	-0.001089	0.065172	0.996845	-0.045311	0.004043	0.045143	0.998972
0.997878	-0.065107	-0.000711	0.065008	0.996854	-0.045351	0.003661	0.045209	0.998971
0.997897	-0.064818	-0.000200	0.064744	0.996899	-0.044723	0.003098	0.044616	0.998999
0.997923	-0.064418	0.000378	0.064371	0.996938	-0.044402	0.002483	0.044335	0.999014
0.997939	-0.064167	0.000970	0.064146	0.996940	-0.044677	0.001900	0.044647	0.999001
0.997937	-0.064190	0.001486	0.064191	0.996918	-0.045091	0.001413	0.045093	0.998982
0.997945	-0.064035	0.002250	0.064071	0.996904	-0.045570	0.000675	0.045620	0.998959
0.997971	-0.063599	0.002940	0.063667	0.996887	-0.046497	0.000026	0.046590	0.998914
0.997983	-0.063395	0.003321	0.063481	0.996864	-0.047248	-0.000316	0.047363	0.998878
