0.998137	0.005141	-0.060793	-0.005642	0.999952	-0.008070	0.060749	0.008398	0.998118
0.998118	0.004306	-0.061167	-0.004808	0.999956	-0.008057	0.061129	0.008336	0.998095
0.998104	0.003556	-0.061443	-0.004024	0.999964	-0.007496	0.061414	0.007729	0.998082
0.998108	0.003082	-0.061409	-0.003509	0.999970	-0.006843	0.061386	0.007045	0.998089
0.998099	0.002763	-0.061574	-0.003154	0.999976	-0.006246	0.061555	0.006428	0.998083
0.998073	0.002208	-0.062008	-0.002605	0.999977	-0.006334	0.061992	0.006483	0.998056
0.998004	0.001195	-0.063138	-0.001636	0.999975	-0.006933	0.063128	0.007023	0.997981
0.997980	0.000354	-0.063521	-0.000866	0.999967	-0.008028	0.063516	0.008066	0.997948
0.997999	0.000114	-0.063232	-0.000648	0.999964	-0.008422	0.063229	0.008446	0.997963
0.998003	0.000568	-0.063160	-0.001084	0.999966	-0.008136	0.063153	0.008188	0.997970
0.998035	0.000468	-0.062654	-0.000981	0.999966	-0.008163	0.062648	0.008208	0.998002
0.998023	-0.000205	-0.062843	-0.000309	0.999967	-0.008161	0.062843	0.008165	0.997990
0.998023	-0.000595	-0.062841	0.000117	0.999971	-0.007603	0.062844	0.007581	0.997995
0.998046	-0.000880	-0.062478	0.000389	0.999969	-0.007868	0.062483	0.007829	0.998015
0.998085	-0.001964	-0.061829	0.001412	0.999959	-0.008967	0.061844	0.008863	0.998047
0.998178	-0.005591	-0.060086	0.005124	0.999955	-0.007935	0.060128	0.007613	0.998162
0.998190	-0.007411	-0.059684	0.006938	0.999943	-0.008140	0.059741	0.007711	0.998184
0.998192	-0.007636	-0.059624	0.007120	0.999935	-0.008861	0.059688	0.008420	0.998182
0.998183	-0.005775	-0.059983	0.005229	0.999944	-0.009249	0.060033	0.008918	0.998157
0.998154	-0.002980	-0.060665	0.002432	0.999956	-0.009093	0.060690	0.008929	0.998117
0.998141	0.000331	-0.060952	-0.000874	0.999960	-0.008881	0.060947	0.008917	0.998101
0.998046	0.002041	-0.062457	-0.002629	0.999953	-0.009342	0.062435	0.009488	0.998004
0.998013	0.001684	-0.062978	-0.002288	0.999952	-0.009519	0.062959	0.009644	0.997970
0.998031	0.001084	-0.062712	-0.001629	0.999961	-0.008627	0.062701	0.008712	0.997994
0.998089	0.001088	-0.061777	-0.001564	0.999969	-0.007663	0.061766	0.007745	0.998061
0.998128	0.001713	-0.061142	-0.002166	0.999971	-0.007342	0.061127	0.007461	0.998102
