0.998163	-0.033009	-0.050808	0.030848	0.998609	-0.042752	0.052148	0.041106	0.997793
0.998147	-0.033577	-0.050742	0.031433	0.998603	-0.042479	0.052098	0.040805	0.997808
0.998099	-0.033670	-0.051625	0.031469	0.998584	-0.042883	0.052996	0.041177	0.997745
0.998025	-0.034112	-0.052740	0.031827	0.998543	-0.043583	0.054150	0.041818	0.997657
0.997997	-0.034720	-0.052873	0.032403	0.998503	-0.044070	0.054324	0.042268	0.997628
0.998029	-0.034294	-0.052560	0.032009	0.998532	-0.043704	0.053981	0.041936	0.997661
0.998070	-0.033065	-0.052570	0.030810	0.998594	-0.043143	0.053922	0.041440	0.997685
0.998105	-0.032663	-0.052153	0.030436	0.998614	-0.042943	0.053483	0.041274	0.997715
0.998084	-0.032793	-0.052471	0.030549	0.998608	-0.042999	0.053808	0.041314	0.997696
0.998102	-0.032522	-0.052294	0.030265	0.998599	-0.043399	0.053633	0.041733	0.997688
0.998153	-0.031626	-0.051872	0.029346	0.998594	-0.044149	0.053196	0.042545	0.997677
0.998195	-0.031177	-0.051320	0.028896	0.998587	-0.044605	0.052638	0.043041	0.997686
0.998212	-0.032273	-0.050309	0.030002	0.998524	-0.045270	0.051696	0.043680	0.997707
0.998205	-0.034101	-0.049224	0.031863	0.998454	-0.045551	0.050701	0.043901	0.997748
0.998214	-0.034999	-0.048406	0.032818	0.998442	-0.045137	0.049911	0.043468	0.997807
0.998225	-0.035124	-0.048097	0.032941	0.998424	-0.045436	0.049617	0.043771	0.997809
0.998234	-0.035219	-0.047844	0.033069	0.998439	-0.045010	0.049355	0.043348	0.997840
0.998240	-0.033803	-0.048729	0.031680	0.998543	-0.043693	0.050134	0.042072	0.997856
0.998234	-0.031132	-0.050595	0.028970	0.998658	-0.042921	0.051863	0.041379	0.997797
0.998207	-0.029774	-0.051918	0.027559	0.998700	-0.042871	0.053127	0.041363	0.997731
0.998203	-0.029381	-0.052230	0.027142	0.998703	-0.043069	0.053428	0.041574	0.997706
0.998211	-0.028665	-0.052464	0.026436	0.998738	-0.042695	0.053622	0.041231	0.997710
0.998209	-0.027605	-0.053066	0.025367	0.998778	-0.042405	0.054172	0.040983	0.997690
0.998206	-0.027875	-0.052983	0.025638	0.998770	-0.042449	0.054101	0.041014	0.997693
0.998149	-0.028791	-0.053576	0.026513	0.998734	-0.042753	0.054739	0.041254	0.997648
