0.997461	-0.057517	-0.041981	0.055556	0.997374	-0.046467	0.044543	0.044016	0.998037
0.997450	-0.057558	-0.042202	0.055581	0.997366	-0.046604	0.044774	0.044140	0.998022
0.997483	-0.056972	-0.042215	0.055001	0.997404	-0.046469	0.044753	0.044030	0.998027
0.997534	-0.055785	-0.042600	0.053815	0.997487	-0.046072	0.045063	0.043666	0.998029
0.997583	-0.054459	-0.043154	0.052491	0.997584	-0.045508	0.045528	0.043133	0.998031
0.997657	-0.052727	-0.043585	0.050763	0.997696	-0.045009	0.045858	0.042691	0.998035
0.997735	-0.051074	-0.043771	0.049105	0.997782	-0.044936	0.045969	0.042685	0.998030
0.997768	-0.050058	-0.044186	0.048069	0.997830	-0.044988	0.046342	0.042763	0.998010
0.997750	-0.050128	-0.044515	0.048135	0.997837	-0.044765	0.046663	0.042521	0.998005
0.997731	-0.050466	-0.044573	0.048484	0.997833	-0.044482	0.046721	0.042220	0.998015
0.997644	-0.050786	-0.046123	0.048718	0.997802	-0.044912	0.048302	0.042559	0.997926
0.997572	-0.051457	-0.046921	0.049324	0.997745	-0.045526	0.049158	0.043101	0.997861
0.997549	-0.051959	-0.046857	0.049791	0.997686	-0.046301	0.049154	0.043854	0.997828
0.997605	-0.051212	-0.046498	0.049048	0.997711	-0.046547	0.048775	0.044155	0.997833
0.997677	-0.050053	-0.046213	0.047904	0.997770	-0.046483	0.048437	0.044161	0.997850
0.997712	-0.049808	-0.045722	0.047693	0.997791	-0.046236	0.047924	0.043950	0.997884
0.997703	-0.049929	-0.045785	0.047810	0.997785	-0.046258	0.047993	0.043963	0.997880
0.997698	-0.049986	-0.045830	0.047848	0.997766	-0.046623	0.048058	0.044323	0.997861
0.997703	-0.049976	-0.045728	0.047809	0.997735	-0.047312	0.047989	0.045017	0.997833
0.997712	-0.049950	-0.045566	0.047778	0.997724	-0.047589	0.047839	0.045303	0.997827
0.997729	-0.049741	-0.045406	0.047573	0.997731	-0.047644	0.047673	0.045376	0.997832
0.997727	-0.049857	-0.045343	0.047691	0.997725	-0.047648	0.047615	0.045377	0.997835
0.997717	-0.049925	-0.045489	0.047768	0.997737	-0.047323	0.047749	0.045042	0.997843
0.997753	-0.048420	-0.046318	0.046228	0.997811	-0.047279	0.048506	0.045031	0.997807
0.997784	-0.046808	-0.047282	0.044578	0.997892	-0.047165	0.049390	0.044953	0.997767
