0.942693	-0.333512	-0.010016	0.333161	0.942498	-0.026480	0.018271	0.021625	0.999599
0.942658	-0.333608	-0.010113	0.333249	0.942457	-0.026830	0.018482	0.021922	0.999589
0.942619	-0.333711	-0.010342	0.333332	0.942404	-0.027638	0.018969	0.022605	0.999565
0.942407	-0.334305	-0.010429	0.333910	0.942178	-0.028370	0.019310	0.023253	0.999543
0.942312	-0.334568	-0.010547	0.334164	0.942078	-0.028689	0.019535	0.023510	0.999533
0.942272	-0.334679	-0.010627	0.334279	0.942047	-0.028384	0.019510	0.023193	0.999541
0.942312	-0.334562	-0.010788	0.334167	0.942100	-0.027926	0.019507	0.022710	0.999552
0.942287	-0.334625	-0.011005	0.334238	0.942094	-0.027293	0.019501	0.022039	0.999567
0.942201	-0.334851	-0.011467	0.334454	0.942018	-0.027268	0.019933	0.021857	0.999562
0.942089	-0.335138	-0.012300	0.334704	0.941903	-0.028142	0.021017	0.022396	0.999528
0.942037	-0.335270	-0.012647	0.334806	0.941835	-0.029170	0.021691	0.023245	0.999494
0.942019	-0.335348	-0.011932	0.334918	0.941820	-0.028365	0.020750	0.022724	0.999526
0.942269	-0.334671	-0.011165	0.334271	0.942067	-0.027788	0.019818	0.022451	0.999551
0.942429	-0.334268	-0.009628	0.333909	0.942206	-0.027450	0.018247	0.022655	0.999577
0.942138	-0.335104	-0.009014	0.334767	0.941916	-0.026925	0.017513	0.022350	0.999597
0.941672	-0.336433	-0.008137	0.336119	0.941441	-0.026705	0.016645	0.022412	0.999610
0.941527	-0.336848	-0.007818	0.336538	0.941285	-0.026934	0.016432	0.022728	0.999607
0.941662	-0.336466	-0.007965	0.336148	0.941417	-0.027178	0.016643	0.022915	0.999599
0.942228	-0.334864	-0.008517	0.334536	0.941993	-0.027095	0.017096	0.022680	0.999597
0.943207	-0.332083	-0.009073	0.331753	0.942994	-0.026514	0.017360	0.021998	0.999607
0.943608	-0.330945	-0.008933	0.330628	0.943405	-0.025927	0.017008	0.021511	0.999624
0.943497	-0.331255	-0.009109	0.330938	0.943302	-0.025720	0.017112	0.021253	0.999628
0.943042	-0.332547	-0.009184	0.332225	0.942844	-0.025911	0.017275	0.021384	0.999622
0.942651	-0.333654	-0.009195	0.333332	0.942455	-0.025858	0.017293	0.021310	0.999623
0.942499	-0.334055	-0.010116	0.333696	0.942298	-0.026846	0.018500	0.021926	0.999588
