0.951097	-0.308386	-0.017709	0.307261	0.950399	-0.048290	0.031722	0.040487	0.998676
0.950985	-0.308757	-0.017242	0.307646	0.950266	-0.048454	0.031345	0.040774	0.998677
0.951269	-0.307874	-0.017338	0.306779	0.950580	-0.047799	0.031197	0.040150	0.998707
0.951504	-0.307173	-0.016902	0.306120	0.950829	-0.047064	0.030528	0.039607	0.998749
0.951415	-0.307435	-0.017142	0.306374	0.950750	-0.047001	0.030748	0.039466	0.998748
0.951166	-0.308204	-0.017161	0.307137	0.950499	-0.047107	0.030830	0.039535	0.998742
0.951202	-0.308089	-0.017201	0.307024	0.950539	-0.047029	0.030839	0.039453	0.998745
0.951438	-0.307350	-0.017376	0.306290	0.950794	-0.046669	0.030864	0.039081	0.998759
0.951556	-0.307000	-0.017072	0.305965	0.950919	-0.046239	0.030429	0.038776	0.998785
0.951430	-0.307421	-0.016543	0.306406	0.950776	-0.046261	0.029950	0.038945	0.998792
0.951327	-0.307783	-0.015723	0.306766	0.950605	-0.047388	0.029532	0.040258	0.998753
0.951478	-0.307343	-0.015180	0.306331	0.950715	-0.047972	0.029176	0.040994	0.998733
0.951647	-0.306836	-0.014836	0.305869	0.950917	-0.046919	0.028504	0.040113	0.998789
0.952036	-0.305640	-0.014526	0.304717	0.951339	-0.045837	0.027829	0.039212	0.998843
0.952441	-0.304334	-0.015415	0.303375	0.951766	-0.045883	0.028636	0.039024	0.998828
0.952436	-0.304336	-0.015640	0.303351	0.951743	-0.046516	0.029042	0.039559	0.998795
0.952283	-0.304830	-0.015386	0.303845	0.951570	-0.046829	0.028916	0.039920	0.998784
0.952326	-0.304714	-0.014957	0.303757	0.951616	-0.046465	0.028392	0.039707	0.998808
0.952515	-0.304121	-0.015039	0.303166	0.951813	-0.046276	0.028388	0.039519	0.998815
0.952374	-0.304554	-0.015185	0.303586	0.951666	-0.046565	0.028632	0.039738	0.998800
0.951951	-0.305851	-0.015642	0.304866	0.951262	-0.046454	0.029087	0.039453	0.998798
0.951669	-0.306725	-0.015689	0.305758	0.951010	-0.045747	0.028953	0.038739	0.998830
0.951616	-0.306877	-0.015924	0.305908	0.950972	-0.045516	0.029111	0.038443	0.998837
0.951557	-0.307046	-0.016171	0.306050	0.950898	-0.046120	0.029538	0.038937	0.998805
0.951226	-0.308069	-0.016203	0.307040	0.950527	-0.047162	0.029931	0.039886	0.998756
